6
2
95
437
151
4
694
0
1240
1240
1
392
105
391
391
392
1
9
1
392
265
1
1
1
5
199
1
1
321
0
0
2353
44
158
921
2745
6
37
561
105
0
1841
6
756
226
2304
15
1185
132
1240
1240
1240
1
226
15
39
922
367
0
1
1191
1353
190
247
2
3
42
100
42
6
258
1
3
6
41
508
99
1
1
845
845
899
899
899
1
1
4
175
0
1
361
361
2
78
974
789
1
1
519
40
158
576
766
302
9
7
2
1971
6
1
1
134
107
3
610
610
1
1
369
12
1
278
278
332
2
582
0
0
752
372
1941
1941
1937
1941
1937
2
11
11
2
1
10
1874
1576
824
0
1
2303
2303
2303
2303
2303
2303
2303
2303
2303
2303
2303
2303
2303
2303
2303
12
0
1804
372
11
13
0
240
965
9
0
1
16
1
190
14
6
1282
44
44
43
43
42
21
6
10
10
13
13
10
11
12
12
10
9
9
11
10
10
9
9
10
9
28
326
325
325
325
339
324
1579
1
1342
0
60
1973
1433
2316
0
406
1
1
190
379
1
2251
444
70
70
1
1
714
0
0
0
1557
0
5
981
20
81
1
1
1692
2322
0
557
1
694
694
53
53
19
1
1
37
281
642
1
342
13
13
13
733
13
1
3
3
1798
1798
2
3
28
4
694
20
0
2315
2315
0
1
126
99
99
5
5
5
7
813
14
14
766
5
1923
302
302
970
38
21
14
125
0
1375
0
602
1223
6
849
82
40
14
319
39
11
40
2251
310
1155
57
2
556
6
2
0
2
1
272
16
2
519
522
152
2184
1
267
2909
976
106
842
106
5
505
5
19
8
19
58
1734
318
1
13
6
0
318
302
962
326
962
326
962
326
2244
130
1083
3271
1
47
47
40
48
62
8
47
45
26
23
24
23
22
21
20
20
18
19
17
35
489
96
50
45
1
2
1
77
0
0
1
6
19
19
19
1
1923
313
32
190
1
17
17
17
16
33
37
2485
11
147
127
127
38
37
1508
5
5
5
1
18
1006
1006
1006
1006
342
342
342
342
259
2
3
694
0
29
29
2
1
14
40
21
475
482
32
35
51
32
727
516
516
503
372
209
109
16
16
0
3
4
687
687
0
1080
1080
1080
1080
1080
143
0
6
1253
0
0
340
1282
97
254
1
1
1
2
1
1
2
44
56
10
9
2722
799
855
291
71
845
528
6
694
28
694
710
727
410
727
13
42
42
1
7
32
18
14
11
7
99
1
2668
2668
4
342
1
1572
502
449
694
694
208
334
302
25
5
356
1530
1
2
283
2315
333
1
1
16
209
2
431
558
1
593
1069
1069
0
23
466
240
0
530
427
5
11
7
6
373
97
97
729
769
825
2
95
2
95
0
0
13
0
1002
25
1
1
425
380
35
35
692
199
1
311
0
1
1684
40
204
101
78
6
2
2
1
2
1
1
1
983
983
1001
1001
1001
2351
1
1093
353
1315
16
2344
144
334
383
381
383
381
381
383
383
381
384
384
383
214
161
383
384
384
383
384
384
766
1
1733
408
962
886
896
146
1
190
748
1769
777
1497
2352
1
356
1
280
3
1251
5
1
694
1941
1
1
16
228
153
152
1
2284
2222
40
1008
597
1
4
5
6
207
427
2
372
1
27
28
63
5
8
7
0
84
1
694
1
13
27
26
837
837
837
837
837
837
837
1
5
28
1191
1
813
525
23
965
58
303
5
2
272
9
95
1
11
0
1824
3
2463
6
1
2004
0
2
1183
173
1238
36
10
6
286
60
163
172
417
0
799
1
3
1
1345
1162
105
44
1282
1282
1007
1435
301
0
1
586
1754
0
9
154
10
71
72
79
71
14
14
79
72
72
79
72
16
23
533
729
19
1
13
0
81
540
46
115
1
15
1
6
5
5
4
30
1530
302
5
19
112
13
1
285
5
180
62
287
287
1613
694
1
32
1016
813
80
119
4
1191
562
1
1
1
1
1
381
356
42
4
12
19
17
392
1
2
4
2
2
0
158
1
698
1124
1510
187
18
1
2315
254
0
454
25
2211
9
9
9
1375
1
246
0
1
1
1037
701
866
2211
2211
2211
2211
18
348
348
623
224
19
1
25
80
80
302
6
445
0
103
82
102
777
1287
2
1069
401
2752
0
4
1191
2
80
287
2
426
426
0
32
5
19
8
19
283
1
0
1955
144
1673
540
2
2354
1273
883
522
519
500
1923
612
15
15
15
15
15
15
1663
5
5
82
731
5
654
676
2
187
2
372
1841
1841
2302
2449
2302
2302
0
1768
1174
520
764
929
962
1605
8
721
677
0
11
508
445
925
95
95
358
1
1460
1196
1180
778
459
576
576
272
272
181
181
423
46
132
118
144
118
379
624
70
1
119
118
118
118
118
118
1
0
1
2
2302
356
4
1
772
171
109
856
539
1
952
1
6
1
1
2255
2255
110
235
1849
4
2041
11
1
0
5
1845
1845
13
16
38
1
45
325
68
0
1433
1075
1075
1
1
211
694
638
3
712
712
49
6
6
40
2
0
720
0
375
1301
1597
375
1
14
1
4
2
863
961
961
2
351
17
0
3
1
2
9
557
6
6
641
764
810
1
1
17
7
2
0
16
1
7
2
6
416
1
4
1
837
62
61
162
1
3066
2
342
1290
42
5
5
1
1
1597
1597
620
331
330
23
139
2011
2011
2011
2011
2011
1
3
1
1
17
2
1
2
166
336
586
78
1
9
1
18
22
1
21
345
522
6
1
625
1
0
1
1
17
1
264
21
139
139
345
77
302
0
775
622
15
114
374
1842
481
0
983
983
983
1
0
0
68
14
372
0
0
556
8
5
5
374
247
1144
12
40
39
12
11
1
65
86
93
1
19
182
37
1
658
658
0
1006
444
108
9
0
342
272
85
90
1
133
92
121
124
1435
2
82
0
0
45
1395
0
0
0
1061
0
3
0
189
43
40
1606
120
523
1
1138
95
3
365
23
16
1
1
1
240
240
513
240
2015
1006
1848
3301
1
18
3
12
385
91
385
1
1841
1001
120
887
45
71
1160
705
1759
0
14
32
282
1150
1
1
170
796
796
795
796
254
714
977
0
1
0
2
272
1
0
1
9
8
9
16
3
16
16
53
462
2
429
329
1
103
497
1
1
582
1949
1949
474
1479
6
606
13
732
1
1
140
1947
327
529
695
72
1
372
372
13
481
930
717
95
36
355
1329
546
1
1
895
39
1441
1
20
18
1
10
1
660
517
1
1262
2
7
2354
2354
102
65
694
0
1
409
29
1841
2
0
1949
1949
154
1745
126
125
238
238
238
238
238
238
1132
279
30
1
0
2745
1652
6
6
6
5
5
5
5
5
5
5
5
2285
3
1180
6
1
1027
0
0
247
0
1847
639
725
39
1658
1658
1658
1
1
1782
1336
1336
1336
915
23
2287
2287
2287
650
245
245
244
13
12
4
1
12
12
7
692
2332
1
537
537
11
429
444
0
734
734
1015
4
322
73
5
9
71
6
6
1006
546
546
73
18
17
17
747
747
32
1413
655
694
1935
6
69
118
37
36
694
2213
1502
1502
1502
1502
113
308
308
161
8
0
82
107
19
2
418
694
2
1454
911
136
519
1026
35
660
658
342
1
2284
2284
2284
2284
2284
2284
1010
1
0
177
1
929
1
2389
431
36
1
1
2
1
5
456
189
694
38
1172
20
1517
124
1
114
2890
6
32
32
32
28
28
27
1061
1
1
8
16
2244
2244
2244
2244
3178
2
1
1216
0
1
9
1367
1
5
5
1251
2021
2021
662
579
579
1
965
16
1
0
142
1
496
5
16
15
303
303
391
0
2
14
1230
1
0
294
2334
2334
2334
918
39
0
5
2353
330
1843
37
35
1065
1065
1065
1065
1065
1065
1065
1065
1065
1065
1065
1065
1065
1065
1065
480
334
1359
1061
586
229
969
1
1842
783
913
913
913
913
913
1
4
1
14
4
4
4
4
1
1
1
70
5
5
5
5
5
5
5
5
5
5
5
5
5
5
5
5
5
5
962
321
291
96
260
153
137
121
82
68
89
121
103
96
103
96
89
82
68
61
54
2
1
1093
8
511
0
0
273
330
690
977
4
1
1
12
11
970
329
702
15
0
381
381
12
0
28
27
1
534
515
4
60
1
10
9
694
1
1845
1845
2
0
831
551
1116
6
1222
691
425
3
3
3
27
94
97
76
67
81
95
81
67
3
23
25
27
93
67
90
90
83
86
79
86
81
76
72
76
81
86
83
76
20
86
79
6
892
82
30
27
86
79
86
81
69
252
102
1681
6
1
1187
748
5
8
19
158
109
109
307
259
156
36
584
1
0
1
694
1
5
1
2342
2342
2342
2342
2342
2342
2342
6
2211
2211
4
196
1124
1776
1
124
459
929
929
929
0
15
712
712
7
0
0
2
2
1
116
171
1115
1225
6
13
34
67
0
7
4
11
1034
472
1041
1027
1041
54
1503
336
694
694
694
1
493
553
385
188
23
29
23
0
1
1
647
85
3
1
1
63
1392
113
154
244
6
2
2
2
336
694
1658
1360
2
1293
108
694
352
669
669
669
669
666
666
664
664
662
662
659
10
429
457
18
1006
182
1814
1808
1808
5
1
8
8
33
22
1488
1488
841
608
2
1421
96
218
218
888
888
1
1
1
1
314
365
2146
365
1116
1
1
1
1
6
654
1
1
10
9
9
10
9
9
9
8
8
0
656
694
3
14
277
501
501
501
1503
279
278
263
516
70
2628
70
70
615
56
484
1
1
1
0
14
0
576
562
562
548
548
548
548
2
1
0
1
283
1506
130
124
116
99
9
385
2018
2018
2018
2018
2018
0
10
10
1620
766
126
17
645
0
110
1
415
26
1
2
2
1692
1691
1685
1684
1678
1677
0
4
4
2722
1
1
5
0
7
5
931
6
5
731
738
724
0
1
0
7
7
1174
14
1245
1245
1245
1245
1245
1580
189
8
4
4
4
4
4
4
4
4
4
3
2
346
117
1778
1778
1779
1778
1778
1778
1778
1778
1778
1778
1779
5
418
418
364
364
364
364
106
658
55
49
49
48
47
46
46
45
45
44
44
43
43
215
4
1978
2
35
1978
1977
24
1
1063
195
0
189
1646
0
365
565
243
565
428
0
106
106
19
2344
1
1092
2041
964
1175
289
578
302
60
4
6
0
0
1
11
0
38
1
10
2
0
4
694
274
274
0
252
252
3
441
441
2285
0
0
1146
1145
1145
1
1
1
163
3
4
5
3
100
101
99
99
98
98
98
89
85
90
91
1
1
661
9
9
1
2
34
18
31
15
18
34
31
15
34
31
15
18
30
803
803
15
2
5
5
5
1
1
931
34
323
113
271
14
46
46
271
271
41
41
1
2899
2899
2899
15
137
15
152
10
0
1
1542
696
691
384
1
132
1
239
6
6
16
16
15
1771
522
381
1582
1663
381
1800
1786
514
1
1
2
2
2
1483
1658
1658
1658
935
4
0
4
0
935
935
935
935
935
5
0
935
935
0
935
0
935
1
14
13
2307
848
841
834
0
373
2
481
480
479
479
479
478
1512
1
0
158
820
2
2
1437
0
64
63
63
62
28
0
0
0
0
0
0
0
0
0
1
313
1739
1657
608
689
840
689
807
2304
2304
2304
2304
2304
2304
0
21
109
1
1
557
38
2
2
0
0
139
0
0
1
14
258
258
257
257
0
1384
2
809
4
317
30
2
2
10
2
1
3
44
1578
850
552
386
1096
1
0
1947
978
977
1658
2184
2184
2184
2184
2184
2184
0
230
19
1977
529
0
0
0
0
0
694
77
77
77
77
77
1
4
932
0
154
365
780
475
312
930
0
0
148
103
148
6
139
139
165
1
18
761
694
0
5
272
120
582
4
4
9
363
363
363
0
482
482
482
482
482
6
0
6
760
1622
760
1213
1054
36
1
2285
2285
1
110
109
6
23
1445
1
0
0
0
0
0
0
0
0
69
69
841
4
4
1
9
470
778
1
0
1
1949
1949
1949
1949
1949
1949
1949
1949
34
1
1848
1848
478
152
522
519
187
312
955
305
312
519
655
1949
20
1
0
1191
309
307
76
76
1842
1842
1842
1842
1842
1
5
9
0
111
4
376
153
1
0
33
33
6
6
372
1
0
340
0
0
1
2
1
62
574
7
95
2
2
113
1
1
936
936
640
606
1173
1173
1173
5
1406
1
4
12
6
8
9
9
11
2
2
0
2
18
1664
0
0
283
158
283
20
19
19
18
18
17
17
16
16
343
1
1
793
0
2
217
935
935
316
1
492
734
676
492
492
381
0
129
20
13
9
133
133
7
7
7
6
1400
1400
1400
1400
1400
781
1259
1
0
2358
2609
35
2609
2609
0
1
6
33
3
19
34
372
381
0
823
734
1252
7
128
324
323
109
109
2181
2181
2181
2181
2181
2181
2181
363
330
42
1216
1216
1216
1216
15
4
232
25
3
67
6
0
1
1
14
1
1
1
657
1066
1672
6
0
61
7
2
1746
1696
1740
1224
479
596
129
4
4
1
3
4
0
32
380
5
6
5
11
4
2
20
20
408
661
1118
0
1241
1423
2
77
2
2
2
37
2005
15
1
1
285
725
880
1290
1658
8
1780
561
1482
73
127
73
1482
561
1780
8
765
765
2274
927
12
0
1
11
842
842
1062
640
1455
159
197
1384
325
1160
7
22
11
0
8
1
0
1
1
1
1047
157
150
143
136
129
122
115
108
101
94
87
63
55
41
26
33
1
125
1038
96
611
611
529
509
353
39
614
614
1
1
6
1949
1949
1949
1949
1949
1949
1949
0
1569
6
158
766
3
1174
1657
1174
1481
0
318
2
1409
1673
3
3
2
3
1049
3
3
3
2
3
3
3
6
4
2
2
2
0
673
673
1
1239
10
641
11
8
1947
2
1
1
1
901
300
1
39
39
39
39
39
115
766
42
83
6
1498
1
993
1
1
491
5
32
19
1
1
1219
1219
0
1
1
1
0
5
5
4
2
2
2
2
1
4
7
6
1912
675
1453
675
63
125
1070
141
1937
43
388
0
5
48
10
264
656
218
1
3
203
190
1
203
190
81
81
6
1
16
962
962
962
962
846
152
82
962
659
659
1187
1187
1317
1317
688
688
688
688
688
688
687
406
0
5
5
212
6
326
1
1
14
14
1042
1042
1042
1042
1042
1042
1042
1015
0
1
694
40
165
165
1842
1842
1842
1842
34
190
100
88
88
242
380
694
429
0
1
653
0
143
1
16
0
189
1160
1287
1287
1288
1287
1287
1288
1288
6
40
1766
49
24
8
8
0
14
117
117
117
378
0
1050
0
0
27
281
6
303
1
5
3
13
9
2335
127
803
802
2
1
129
2013
1066
1277
2
1
95
1750
54
95
0
25
25
299
1290
0
1556
124
172
172
1109
172
23
90
118
0
2424
1
2
1
2095
3
429
22
2
133
158
158
650
4
1
49
217
5
81
0
1
254
383
383
383
383
383
383
383
383
384
384
384
384
383
381
381
383
381
381
214
161
383
383
686
381
381
381
383
383
384
383
383
384
384
1329
2453
2
2
2
1
1
1
0
2
0
1
2
2
1
1
182
152
1
1276
1092
1276
1681
27
1948
4
4
4
2
2
141
4
1
10
1658
1287
16
261
388
388
16
10
291
643
1
7
1
1
118
1
694
1213
346
178
178
178
15
337
336
335
335
330
1519
14
6
1
113
113
376
106
128
128
127
127
121
1
1
813
1
1199
239
4
3
543
169
169
643
1061
1061
1061
829
1061
766
2306
26
2
2
209
385
1658
624
1059
78
18
280
172
172
172
172
172
33
160
34
34
160
160
160
160
1251
1247
1250
5
3
124
2
4
363
38
656
694
0
94
93
93
92
92
92
91
8
9
8
8
7
1
0
5
0
0
40
32
19
19
2
384
1659
1135
5
797
873
873
67
562
2
1483
24
24
1890
1890
1890
1890
1890
1890
1890
25
5
0
2
1
391
387
1
48
1
593
1
1
2
0
2
6
285
12
6
3
1
25
25
19
750
750
813
356
356
743
16
138
171
935
935
935
236
877
1450
3
6
0
171
668
1
483
1280
2
2
2
2
2
2
2
2
2
2
2
2
2
2
2
2
2
2
2
2
2
2
2
2
76
76
10
0
1
20
19
1
8
16
694
207
193
186
2306
1
0
1047
1047
1098
17
106
38
239
1174
4
1509
0
4
41
12
0
2
1174
0
6
1
36
172
0
828
967
323
323
323
357
357
358
358
358
358
1
88
1173
372
1
82
82
23
896
2350
2350
2591
2
158
19
32
40
283
75
158
8
30
29
957
29
2
0
1117
1
1588
1267
1267
9
9
8
1
0
2351
2656
272
272
272
436
13
13
13
6
694
6
1845
403
255
2
1
44
25
2
7
5
0
1545
7
4
3
19
14
7
21
1
4
2
5
1545
0
3
19
7
21
1
2
6
989
190
1237
0
189
1160
5
5
655
1
67
608
1
299
78
78
80
78
134
187
187
207
204
204
204
203
203
203
0
258
0
516
1954
1954
1954
27
7
1
103
1022
1022
1022
1573
1573
5
800
1184
694
120
265
1184
1182
912
991
991
56
955
955
955
33
877
877
2349
1658
1658
1658
9
1658
556
1465
5
6
1045
238
1045
1005
1
170
406
391
1
1
1
7
1
1
2307
2307
372
8
0
1
100
686
686
4
4
1589
531
1973
1
291
158
158
158
5
381
2
425
1261
2
694
18
3
489
523
0
0
6
6
0
1
1678
2305
6
2
1
82
1243
1049
1360
1049
1049
1
1
1
155
278
694
392
392
126
11
11
5
5
5
751
3
0
1021
0
2678
692
250
1007
0
132
132
132
640
338
338
0
1
349
54
48
0
1462
956
1596
1596
1596
1596
1596
83
83
827
197
834
193
83
83
83
83
1
1
2
3
1455
654
308
1258
6
859
859
963
6
1
110
683
10
10
6
58
0
435
6
2666
2666
355
1678
1653
1653
1913
1913
1
1948
1948
1948
1948
1948
1948
1948
186
182
213
427
309
1
59
2
2
2543
317
162
2543
901
2681
162
2209
1434
427
950
933
769
950
941
933
453
460
468
446
440
1236
1306
1306
1132
1132
1132
2
1305
1
1
1055
0
6
1047
5
2310
1357
883
532
862
187
610
14
672
2256
2667
2667
2667
2667
402
406
350
324
1
788
1
3
1658
1865
19
19
2
3
3
1
1
1
1
499
1948
1948
1948
37
84
425
48
46
104
0
0
2306
0
1413
0
2286
2322
2286
2322
4
2
1014
1022
108
476
108
22
22
22
22
64
1309
22
108
25
995
776
813
813
100
484
744
556
6
410
410
410
410
410
5
5
1
882
1174
1206
1206
1437
5
499
1159
0
2
1613
6
157
1
310
1
14
14
14
14
13
0
20
2
2
2
1517
42
97
1121
0
0
0
0
0
493
918
1537
148
19
2
0
6
2
2
1
1
1
9
1
61
0
3
1514
158
6
0
0
0
0
0
0
0
897
1538
2251
694
694
40
971
2902
1968
1968
1622
1297
130
1
1348
1348
0
0
7
7
2
52
1
0
175
1813
342
348
0
354
1
1
438
444
442
0
1
1
0
0
2352
2352
2
57
27
299
279
2
910
2
298
1
1
0
0
67
83
1
16
1
99
1
279
372
0
0
0
0
302
126
19
19
2
279
2
2784
2
351
351
0
83
0
114
0
27
5
4
5
4
5
4
3
3
2
5
2
5
5
171
452
1
0
6
8
8
2
1
2
2
0
1325
217
750
1730
1998
1730
1998
1730
1730
476
1730
1998
1730
34
30
6
0
5
630
0
2618
783
0
652
428
2009
430
430
441
441
429
6
5
6
656
189
189
189
685
685
189
685
189
5
5
189
189
0
189
1
8
92
126
126
32
1
179
3
590
1
1607
1207
2
1
1
1
1503
23
22
21
476
476
476
476
476
1130
1130
1130
1130
293
1130
1130
1130
1130
1130
1130
4
1842
1842
1842
1842
1842
694
1191
4
15
1
29
438
437
1
1
64
1
14
85
84
2381
774
174
9
1
5
0
694
1
2
2
15
15
15
951
3
844
1
3
12
11
774
5
2
1513
1513
1
94
297
4
3
170
5
287
1
5
955
955
955
955
5
955
5
1
1
1827
2
41
40
40
2
4
1481
5
1587
564
1459
694
1
687
687
9
9
9
9
481
82
47
1173
1173
1173
1173
1173
1173
1173
660
882
350
1
18
26
694
1421
0
0
6
0
0
189
1160
705
0
166
903
903
1
1
1841
1841
1841
48
132
1175
621
66
66
2381
242
14
120
120
830
0
0
0
3
16
2
1312
96
1466
16
2
0
0
0
4
6
2
45
5
848
1
13
6
1592
13
13
819
819
1225
331
34
6
1791
1791
1791
1791
1791
1791
1791
1791
1791
1791
3
2
1
1
142
358
1093
2476
2278
1093
756
2716
1535
715
998
814
1506
2375
204
1740
1484
203
895
848
203
1283
1621
1621
1621
1621
1621
1621
1621
1621
148
42
308
61
62
33
0
0
0
1271
1271
1
5
1
5
1
0
0
752
9
4
4
4
4
3
4
5
3
3
4
122
360
286
205
1658
13
0
0
0
1221
1221
521
33
0
43
1065
1065
1065
1065
1065
1065
1065
1065
1065
1065
1065
1065
1065
1065
1065
1065
1065
1065
1065
1065
1065
1065
1065
1065
481
1187
332
327
694
133
83
654
654
1076
752
44
2114
44
44
39
33
2
0
5
47
16
8
476
25
2
0
694
654
777
8
381
53
9
341
1663
6
1
731
731
731
731
3
326
444
209
289
370
0
1127
1127
537
72
72
27
39
694
694
694
27
2007
643
24
1
694
6
1988
3
16
170
45
23
21
2266
283
5
243
121
372
313
1
2090
992
0
124
40
2250
2250
2250
3
556
556
556
556
1537
1537
1537
1537
1537
1537
384
384
384
384
384
384
384
384
384
384
302
1169
1
244
15
15
3
1
6
15
7
15
383
739
343
343
343
1031
1
16
16
17
17
18
49
2
4
103
6
171
7
2
39
360
941
1
1
1
1
6
1
5
1948
1
8
16
1
15
1782
0
1244
272
103
141
240
60
60
973
976
979
974
979
974
979
716
427
427
1
49
992
349
377
349
10
4
1230
160
160
1
0
173
6
6
95
1
2
0
17
16
16
15
15
14
314
9
9
694
1081
1078
1078
1078
1077
1076
1078
5
8
1
0
0
0
0
1
24
23
19
21
20
5
283
283
45
1864
1864
1
37
20
694
1
1
38
15
90
694
638
663
976
315
976
0
0
2425
2970
1
294
3
3
1
930
783
6
1
1
1058
158
283
5
19
19
13
608
118
19
197
0
0
1314
342
0
0
145
6
6
6
0
7
1305
1444
36
280
278
278
278
280
278
2
0
4
540
540
544
544
649
540
6
1
1671
1
1294
81
949
1399
0
117
5
1506
1205
1205
1205
1205
60
0
14
1030
1426
1426
1425
1239
1716
553
547
158
2685
1002
971
1002
1002
3
108
190
1516
377
2
3
708
0
89
89
1
1
1
221
338
221
0
9
8
914
832
785
637
637
534
785
6
784
156
142
20
20
61
4
2
1
1
6
1252
10
1082
387
2287
393
198
162
6
1
1
1841
1841
1841
0
0
1
39
9
4
4
5
4
3
3
3
4
0
1462
60
60
222
246
370
372
729
886
886
71
11
44
573
0
22
0
189
13
0
0
2290
0
1
6
119
119
2
1
156
2316
1258
11
4
60
60
97
2294
0
2340
1
0
0
77
77
839
139
1
2
19
0
550
14
694
1974
7
1
1
1
0
14
14
154
1
0
6
732
0
6
5
158
40
1
20
4
232
1288
0
0
0
0
0
5
766
1843
54
90
6
243
474
23
84
6
384
384
384
384
384
384
384
267
384
555
52
1
692
280
251
251
251
251
251
251
251
336
938
32
32
32
32
32
4
0
6
40
40
39
0
1061
897
0
110
30
112
8
7
6
6
6
5
5
9
1
90
0
571
564
0
0
0
0
0
3
694
879
1061
16
9
61
1
5
5
283
10
1
1
1
1
1
10
81
374
19
6
0
0
2
0
0
10
10
310
705
310
469
310
705
1435
310
1245
0
0
1
694
6
1061
2
0
14
3
3
1282
243
6
40
39
39
39
39
39
1
1
10
189
1136
2143
493
0
189
614
1481
1
1
1
15
1648
279
279
220
24
17
10
3
10
3
951
2
2356
252
250
2
1470
1470
1470
1470
1470
1845
9
2
263
1588
1435
420
237
1737
2244
2244
2
908
2
0
0
19
19
19
70
0
5
29
2304
2304
2
1
2304
2304
2304
2304
2304
2304
2304
1413
1
1
2
2
1
2
1
914
97
1258
68
641
795
0
0
0
0
0
1
1112
25
25
39
0
1
231
231
231
231
231
1719
1006
1006
1006
1006
1006
1006
1006
1006
1006
1
1
1
1
1216
865
98
694
229
0
2354
2354
1
1
1462
1462
84
84
1
36
1
171
23
0
0
175
373
660
977
26
25
6
62
52
67
6
1
1318
694
3
22
29
0
0
86
375
893
9
23
6
0
0
5
237
1778
13
10
14
9
8
10
9
8
9
9
9
9
10
8
9
8
8
2174
5
22
5
8
21
21
58
5
5
0
65
3
570
356
343
61
352
1590
763
64
151
93
1
1
1
279
279
336
334
334
333
51
665
0
527
221
0
1
21
1
6
1
5
0
0
5
2
5
4
4
562
237
1
5
1
1
6
5
5
2353
2353
2353
2353
21
827
43
1
1
1
126
2212
2212
1250
19
0
417
1
1949
2226
2226
1145
958
1138
1663
1662
1662
1662
1662
2
185
2
97
1
694
11
11
11
8
7
8
7
7
6
5
11
11
11
8
8
7
7
7
6
5
881
837
660
662
772
1044
584
1132
571
663
394
0
661
0
73
64
469
712
1014
64
1804
1757
2018
639
1757
72
1
0
7
85
266
223
232
497
607
626
269
0
2
8
179
480
480
6
1
31
31
84
27
26
26
25
23
4
2
2
1923
326
0
11
0
20
30
32
16
30
32
16
11
32
16
30
30
11
30
32
32
16
16
20
21
21
21
5
2
2
5
1
22
40
4
4
2
2
4
1
257
0
495
489
6
1922
3
11
10
9
9
8
0
8
231
50
1
1
0
0
0
0
22
1
19
6
6
1
1
6
1487
0
2
120
774
774
774
774
774
774
179
1
44
1391
745
966
35
2
1424
556
556
694
345
1
3
1
3
25
25
46
1948
1948
1948
1948
1948
1948
1948
1948
1948
1948
1948
1948
263
263
1062
52
529
509
1063
1063
4
4
4
490
6
11
53
39
154
354
6
0
6
3
3
1
141
1537
1564
1293
158
283
1
4
741
14
6
19
82
907
1
6
0
0
0
31
31
84
0
7
0
0
1
0
1
1
2
0
1
3
2
694
7
6
6
6
125
1
6
6
5
5
4
4
3
1001
1001
1001
527
1547
1547
1547
1547
1547
897
0
1
1
0
308
138
35
28
221
241
621
13
2
1
40
0
1
577
6
539
539
539
539
539
539
384
384
384
383
384
384
384
384
384
384
384
383
384
384
384
384
655
655
313
1
0
1
6
2
278
56
56
374
371
15
1434
1434
1434
362
97
1
1202
131
150
23
1464
339
338
338
339
337
337
336
7
21
1
60
6
16
5
5
5
5
5
5
715
5
435
2200
327
5
1
1
34
4
4
5
15
14
14
14
14
14
14
14
14
14
14
15
14
14
5
5
5
1165
391
383
4
0
343
2
1
18
18
1357
919
1659
5
0
1420
0
0
1820
1820
1820
1820
1574
1574
1574
1574
0
1
1
824
1883
0
252
60
60
1
507
884
1312
1
1
1
4
2169
2168
2168
2167
2167
2166
2166
2165
2165
2164
0
36
0
65
1
1
1
1
1
1
1
786
786
786
76
992
992
1135
674
621
2117
5
18
2095
925
1
9
16
16
9
39
1
11
10
13
5
280
232
2304
60
60
60
60
60
259
105
344
0
110
1
0
95
88
81
22
81
747
164
3
372
6
1
1
1
1
1
2
2
1
1
930
131
32
5
219
24
33
30
32
258
258
24
24
957
258
6
40
1
1
1
2
5
6
471
0
2557
1
1
10
2
1
1
694
500
733
733
158
19
19
429
57
22
1
6
1534
1510
27
1966
700
902
595
19
369
369
382
448
7
2
1
5
5
5
5
5
5
5
5
5
5
5
78
1843
49
988
988
1
2248
127
15
40
606
603
383
384
384
384
1110
1190
82
484
0
1
1537
6
0
1
408
407
5
0
1191
1383
1988
3
6
1119
1119
1119
0
694
0
1
1
0
943
6
652
322
609
5
694
1
2354
2354
2354
2354
2354
2354
2354
6
5
774
0
0
624
589
783
29
83
76
69
61
82
81
1
34
1
34
1
34
1
34
1
34
1
16
5
5
5
1
20
5
5
5
5
0
0
366
405
2315
2315
2315
2315
2315
2315
2315
2315
2315
2315
2315
2315
2315
1663
1
101
32
34
32
32
1678
27
21
778
1315
0
96
310
310
1
1
1
0
1
1
16
16
1
14
16
2
1
1
0
1102
1060
6
7
7
7
858
104
1
1
1367
109
48
2
28
5
3
4
2143
18
4
18
25
11
4
25
25
14
14
869
0
189
1
171
55
5
101
376
376
376
376
376
371
1
1
1
1
1
22
22
22
2
1061
2143
1687
0
0
0
0
0
138
587
430
1849
1843
1
0
1172
1134
2043
1134
7
7
7
1
377
1215
377
377
425
556
1541
1541
1541
1541
1541
1541
1541
1541
0
617
1
12
12
11
11
10
10
10
10
10
1
1
7
6
6
83
82
82
81
81
6
2344
2344
2344
2344
2344
2041
1225
1225
1225
1225
973
1
76
1948
1948
1948
1948
1948
0
11
0
1
1
6
609
860
553
553
222
694
11
10
10
9
8
8
7
7
6
6
6
5
5
5
4
4
0
32
8
32
8
189
135
134
134
128
128
127
121
127
1111
9
4
4
4
5
3
3
3
4
694
35
61
61
55
2
23
11
532
1
42
844
837
542
0
461
1069
373
770
770
770
770
770
770
770
770
770
770
770
373
373
373
0
283
195
34
2
2
694
162
1
33
33
34
33
313
313
1588
1588
1267
0
694
1941
1
8
1
4
1
10
1
1
1
1
2
2
58
51
50
44
50
44
37
30
23
1
34
33
1
1
1
1717
1717
2
1022
2093
2
694
41
1
14
13
9
9
1191
29
265
835
835
154
154
154
153
145
5
1
1
283
5
6
384
5
1037
1327
1
0
16
694
20
32
2775
838
5
32
19
229
229
14
14
14
13
1041
56
3
44
1
1
1
729
858
2
26
19
12
5
27
6
2356
2304
2304
2304
2304
429
19
60
1
1
1
80
38
154
1358
1358
1358
32
0
0
0
0
0
0
19
18
1
1
0
6
486
1
246
6
1
882
0
216
1201
1
34
1658
1
7
1
1365
1365
1365
4
1734
139
6
12
12
6
550
57
751
2231
2231
2231
2231
14
35
26
0
14
75
111
3
299
75
77
0
2
31
27
0
0
31
27
1
2
31
27
23
21
283
19
1061
774
0
110
55
1
225
330
330
330
330
1269
3
651
8
846
32
3
1222
1221
965
788
109
457
1260
959
1074
1740
2892
28
2397
837
19
622
114
75
631
574
0
13
155
2
1
0
0
189
56
631
327
629
495
6
0
1413
346
346
346
346
346
113
116
118
115
156
167
186
113
118
130
129
123
1
0
4
1
1
1
376
694
1
658
658
658
658
658
658
658
658
654
654
654
654
654
655
41
6
29
476
1211
1176
994
520
1
0
19
32
283
0
843
1
1
1206
1206
1205
1205
202
632
5
1
5
5
110
559
52
45
1
694
1
1
5
5
2951
1
1620
1620
1533
714
695
615
0
1
1
1
1
1
125
125
1
5
1
353
4
446
446
446
446
0
0
0
0
694
339
1
1
5
701
3
5
1
1
581
1128
61
97
0
1650
1650
1847
39
1288
1397
1397
1397
0
0
0
1
43
18
10
17
445
1796
655
2394
1
5
0
1462
1461
1462
0
6
1475
2
0
195
881
237
1
1
283
158
115
6
6
1
694
1
2920
2920
2920
2920
2920
2920
2920
2920
154
134
5
5
110
7
1
2
213
6
10
10
2
33
50
50
0
997
298
1502
1067
301
11
694
165
165
2046
1736
901
100
271
271
271
303
271
271
34
271
754
768
1
98
104
6
1842
125
125
1842
1842
1842
1842
6
2
1
1
1
1
1
3
1
81
988
775
333
6
1
1540
477
2
1780
654
1
44
0
694
19
1948
1948
95
6
5
384
1136
1645
1290
694
3
2181
1990
1990
1990
1
858
1
16
4
13
106
99
271
1229
1229
2354
2354
2354
2354
2354
2243
2354
154
766
1
14
1
0
136
0
1631
1641
1641
691
16
1
1
0
4
65
869
65
839
1081
20
1627
1627
619
2436
663
2129
18
42
30
7
242
161
6
1
1
1
1
19
8
40
283
82
5
18
18
1
6
105
694
4
12
336
8
451
6
1
1746
6
200
10
2337
2337
2303
2685
375
0
1476
965
965
965
965
14
1331
447
447
1058
447
9
8
8
733
733
729
2
103
37
217
1379
1289
1379
803
810
1290
2
0
425
285
278
390
271
383
376
343
114
114
114
6
694
15
15
432
84
2316
165
56
46
779
779
779
779
0
85
229
1223
976
976
976
976
19
18
0
378
932
739
1141
739
127
943
943
943
943
943
943
943
943
943
943
1898
1
2
1
1012
0
2551
1
47
5
47
1
106
1
1
56
190
56
0
0
2320
2320
2255
0
0
12
165
43
15
1948
1948
1949
1949
42
42
43
55
0
1451
1451
125
100
2307
1155
1145
1
0
756
26
1129
1129
1034
2018
2018
631
1296
1002
196
127
196
8
2
694
1618
98
98
0
14
905
1135
1151
639
1151
14
14
32
283
19
5
158
960
960
0
125
7
899
1002
630
1002
121
177
121
298
252
16
121
251
156
156
228
453
863
2
2
1320
1319
1319
501
622
678
503
1291
339
453
527
409
130
455
158
62
139
26
89
678
403
168
0
11
45
45
1
0
483
106
4
281
1244
930
930
5
246
246
1919
1919
2171
166
1384
175
0
350
2277
2277
1083
1083
1083
2277
2277
2277
1083
49
423
6
6
1432
412
512
732
732
732
732
982
6
715
474
372
49
1290
106
104
102
102
1401
1401
1401
1401
1401
1
154
1
1444
91
91
0
0
17
622
76
62
62
23
16
62
51
1
28
729
2043
299
1191
291
288
288
288
691
1275
420
158
75
5
19
8
499
493
486
8
7
1830
12
203
1
1
159
314
158
314
158
1290
421
0
1
349
1
245
1
429
1303
429
245
154
342
82
82
342
342
82
758
1
1427
1
758
82
82
342
654
654
1
654
452
1
694
0
1
9
4
4
4
5
3
3
3
4
365
7
0
59
59
29
23
8
29
1960
1
83
7
2203
383
97
456
456
455
455
454
454
454
454
453
453
453
453
452
451
506
6
6
0
201
183
183
1
91
821
564
564
564
564
564
915
564
564
564
6
9
9
416
725
694
1002
1002
1002
1002
220
9
2
542
1
1
1
1
0
13
978
978
0
0
0
0
43
9
72
0
22
2305
90
149
99
113
313
1
345
100
99
106
107
107
113
113
1
8
15
5
5
407
1
71
72
71
70
734
16
1
1
2
2
2
5
16
5
34
118
1
381
3
47
47
1
1
77
77
1439
1393
1392
1391
1439
56
1439
467
467
467
467
467
1
331
324
27
21
74
5
5
4
0
0
0
50
2
10
57
1031
1031
575
6
1
1
1
4
292
2352
2352
2352
2352
2352
2352
32
1
1
762
1353
536
1595
646
152
2211
1531
6
1061
4
154
154
3
324
0
1329
1032
838
1189
1329
1
1105
5
688
1
1
81
594
594
1
10
1
2
15
1
0
1
1
1
1
15
271
1459
3096
356
354
33
33
33
33
33
33
435
33
16
6
12
3
3
3
1
0
14
14
0
2
0
0
90
1
2
24
0
186
1977
1940
1234
383
1
804
0
283
116
11
990
1026
990
1026
1026
1026
1026
1026
1026
1026
1026
1026
1026
1026
1026
1026
1026
1026
1026
1026
1026
1026
1026
1026
1026
1026
1026
1026
1026
2
2
1
990
1884
3
4
1010
127
14
14
14
14
14
438
757
2849
0
1
1663
412
2315
2146
95
372
4
0
0
980
102
975
980
52
1582
1582
1582
1582
1582
1582
1582
1582
1582
1582
2363
2363
2363
2363
374
374
54
611
1332
1332
591
1239
278
574
1392
82
152
172
172
562
1
11
9
44
3
18
3
42
4
4
2
2
43
36
29
21
8
15
1
186
388
388
322
934
397
397
397
397
0
674
179
2817
922
1
0
1
1
29
2296
0
124
1
1
1
510
510
510
2
199
2314
2314
158
0
7
30
45
477
1061
1061
391
406
694
772
1
1472
59
1
1
112
482
694
2
264
197
35
1290
0
119
2
930
2316
17
44
69
44
3
35
332
0
25
69
108
152
51
21
3
35
0
25
108
152
51
21
0
57
1802
1
521
1
783
1
1798
1996
0
40
766
140
622
77
76
63
396
75
425
688
688
688
688
688
688
688
688
688
688
688
694
137
25
1620
1622
1622
102
85
99
99
952
1
523
523
523
523
523
416
523
1
613
1
98
18
98
98
3
1622
349
1224
1223
1223
1222
1221
1179
445
1
323
323
1
1
171
165
98
1
6
1
6
3
406
6
99
49
25
6
839
0
1
106
102
101
101
101
101
101
101
100
99
101
99
101
99
0
9
8
8
7
7
6
6
5
2
2
1
0
2316
864
864
871
878
871
878
19
871
991
9
384
0
1
8
613
1432
1
1
42
64
0
1
1
190
1
2287
22
25
7
2287
1
5
1
1
53
33
19
40
567
10
10
93
93
183
1
84
0
57
2345
55
15
6
1002
142
108
108
108
1
5
8
1
5
445
2688
1048
40
1180
31
497
3
0
40
283
660
342
660
469
514
0
0
0
126
125
125
124
124
117
117
1022
13
715
1319
198
729
111
1
618
6
285
1590
3025
0
16
15
15
15
820
819
22
22
22
22
21
21
974
974
121
1241
158
1923
91
8
1707
999
40
166
156
156
42
6
583
34
6
584
2
1
2
2
1
2
2
2
2
477
1251
28
28
4
1509
1509
1509
1509
1509
1469
1509
1509
1509
1509
1509
1509
1509
1509
1509
1509
1509
1509
1509
1509
92
1132
1560
1029
1196
1560
1196
838
92
0
1
1
3
0
0
1465
1465
22
7
1363
2
1
1923
49
342
2
82
911
142
694
158
5
32
8
121
5
158
283
19
32
8
19
158
12
1
1
91
5
694
1290
212
2
2
2
2
997
984
981
981
981
253
245
238
231
224
217
209
203
196
188
182
174
168
161
141
146
141
24
212
158
212
2
0
694
0
6
1660
56
106
0
16
1
2
0
0
0
0
0
0
0
0
726
957
957
1
1
1
5
7
34
1
1
1
1
1
1841
39
64
67
1841
1
1841
1841
1841
1841
1841
1841
1841
1841
1356
1780
722
2046
1335
1335
1202
1092
655
719
882
959
1056
1073
823
694
985
985
984
984
984
984
984
984
984
984
984
984
984
984
984
984
984
984
984
984
984
984
984
984
984
984
984
984
984
984
984
984
984
984
984
1374
2143
13
52
29
23
23
22
22
37
93
37
6
716
715
766
283
6
6
1909
1288
120
120
120
120
120
1235
1
2211
2211
2211
0
0
0
935
935
935
935
14
13
6
4
694
2
0
9
0
0
280
1323
126
126
107
372
694
283
82
817
56
817
816
816
816
813
812
812
811
811
810
809
5
951
32
19
283
40
82
0
16
3
2
1
1
1
935
719
631
70
13
13
12
459
667
667
1
182
181
181
1
688
2614
10
2
2
0
1
2233
9
154
384
2292
495
1198
559
2865
1508
732
666
783
588
1686
283
278
696
538
592
804
170
1380
675
1238
1303
895
268
1059
1313
574
560
388
899
1480
1102
800
1323
1007
597
727
797
1604
336
1157
1157
774
451
1592
597
963
290
550
444
1149
1212
1040
861
840
1260
761
2517
761
575
575
373
820
151
601
398
45
38
158
283
283
1
65
6
45
53
25
45
1
96
680
240
87
0
2352
2352
2352
2352
2352
2352
2352
1940
1940
1940
2080
2080
1498
201
24
4
1
0
3
12
11
118
1
5
1
1124
891
1357
1357
902
902
254
254
254
254
2
154
5
1
59
39
6
171
12
283
360
360
27
460
141
42
140
140
385
929
735
766
3
1061
1776
390
2
5
18
2
6
2357
6
1
90
5
694
1113
53
314
307
300
293
18
12
1
1
1
1
0
23
632
0
0
0
440
2
479
222
2305
2305
899
81
82
6
0
0
0
0
484
1
1
1
2
0
0
0
6
25
11
34
690
15
2353
110
110
110
312
790
787
785
723
785
777
1070
1471
57
858
527
461
5
5
326
326
326
1
16
23
16
9
2
126
1112
1112
10
9
9
8
8
46
536
326
40
365
83
365
1072
1072
42
1315
1258
6
7
1315
7
7
1315
7
455
7
7
1120
7
1315
7
7
7
1315
1315
836
455
1004
614
954
857
614
1004
614
418
614
1004
1120
666
114
666
1120
1004
455
7
1025
299
0
0
0
0
0
0
158
694
154
154
154
154
153
153
153
153
588
125
694
6
1
24
334
967
481
1092
73
369
68
1658
165
165
165
165
165
1
594
766
462
694
209
883
335
1152
903
1152
1770
904
578
1770
904
209
388
209
388
541
383
209
1
329
941
52
1519
23
0
2881
1
1124
5
146
135
140
60
55
53
50
6
308
694
16
15
13
71
1191
937
937
1377
1
6
573
0
0
0
0
1
2364
6
1191
14
5
8
1444
330
0
1
0
4
3
42
42
8
1
23
1658
1
290
1006
62
1
171
75
1
40
777
777
1
2255
342
0
694
0
1
1
1
1
609
22
467
170
170
1
1061
1061
1968
511
511
1154
2
1361
19
12
5
694
43
1063
15
15
15
289
1
2
5
5
7
386
1527
77
2653
403
2653
2653
77
77
1207
830
378
1
2
6
136
1
5
4
782
6
2
258
1
94
278
1191
19
8
8
1
1
1
1
1
2029
515
481
7
7
1049
5
5
355
474
154
26
2004
2004
433
427
429
444
556
243
85
1202
0
18
372
1110
95
151
95
1
37
1073
1073
1072
1072
1073
1073
2
28
53
35
35
411
4
5
8
19
19
20
550
546
255
255
5
5
109
109
172
1
110
61
392
1
180
578
578
3
5
5
5
5
5
5
5
5
5
5
5
5
5
5
5
5
5
5
5
5
5
5
5
5
5
5
5
5
5
5
5
5
5
5
5
5
342
342
2
128
2
4
5
4
5
4
1
1
766
3
12
1540
0
0
0
0
694
209
209
34
33
37
1
1
8
283
5
1
0
27
1622
1576
0
36
1110
3
5
5
190
201
18
17
302
302
302
51
38
6
361
60
1453
1252
563
694
7
981
9
1496
5
1037
7
1
924
1
25
2
0
2
26
2
1061
171
332
1
1
2296
546
553
554
168
47
546
539
168
97
297
467
110
297
467
168
97
83
448
588
588
553
546
554
8
3
69
67
23
1009
367
25
1
162
303
6
11
11
11
1312
154
1501
106
57
1943
1940
509
509
940
1672
0
6
93
26
269
268
2
0
4
3
272
268
654
419
0
4
36
4
11
1
2308
2308
2308
2308
2308
2308
2308
2308
2308
2308
2308
2308
2308
2308
2308
1597
1597
1597
1597
1597
1597
1597
1597
381
0
0
1517
21
21
6
1
1
1
253
253
1
14
1
0
0
343
1
0
1
380
373
5
5
5
0
694
533
694
1
1
1
1
255
31
382
318
201
223
154
369
6
41
1
6
0
9
1
9
8
8
7
7
36
2304
0
602
134
1216
255
128
67
562
57
76
562
57
50
57
1056
1173
1064
1173
2
2
2
2
8
73
72
9
4
4
3
5
4
3
4
3
2
731
29
940
840
479
1042
2367
1038
1433
161
59
152
791
791
51
791
1541
768
165
1658
1
1
694
694
1
1
1
1063
1064
1057
1063
1057
1129
45
41
45
17
1
1
14
4
2
4
3
4
16
16
1267
1267
1267
1267
1267
1
1
84
333
4
10
10
7
5
4
39
5
120
120
113
400
39
654
654
1
473
1
1
1419
1419
1418
1418
1417
1417
1329
1417
95
125
11
3
60
4
3
5
4
3
4
39
48
3
15
16
5
42
3
60
4
3
17
0
20
20
19
19
19
19
18
18
18
2219
381
19
40
766
6
353
1807
268
489
40
0
111
1
4
4
4
4
4
141
3
3
4
4
4
204
6
1290
766
381
381
16
1650
966
966
1845
2
1845
1845
241
241
1037
95
1156
380
2
409
5
2477
1
1
1
1
141
1
34
34
750
1845
1845
1845
1845
802
798
802
0
1
40
1
0
1
34
1
34
1
14
1
38
637
637
2092
120
8
8
7
7
6
6
4
3
2500
342
136
519
489
519
203
1451
1451
1
0
0
0
6
2
141
55
1516
1515
1512
1511
1510
1509
1504
1503
1502
707
13
620
32
32
581
606
3
862
4
154
154
1075
1
463
463
101
638
638
285
679
638
2537
4
1452
1
47
879
1347
327
237
708
35
37
32
34
1582
1582
488
6
0
2
98
98
0
1
2
2
2
2
5
2243
5
2
1
508
508
323
540
0
1
1
7
1823
193
7
132
132
132
457
525
457
449
7
2
3
8
79
22
1232
694
1024
1079
591
1413
4
691
524
1222
1114
1076
127
591
540
607
1367
641
172
321
321
1151
704
1579
1579
1366
1592
194
1592
194
1592
32
1554
2174
1
1
25
0
1
8
363
1
6
6
8
1490
1489
1488
1487
1485
1485
1842
20
1842
1842
1842
155
1535
6
0
0
1340
2617
1340
1340
55
55
49
8
0
0
0
1
19
5
32
19
60
258
929
5
5
1173
159
1
897
1299
432
1299
432
1299
1299
525
526
526
526
525
526
35
2344
1613
1613
1613
1613
2344
1613
1613
1613
1613
1299
432
29
688
29
2
1
29
688
688
688
688
688
688
688
688
688
1
47
1
14
153
49
945
494
46
46
46
1524
1524
60
807
1
0
495
1141
694
392
1213
35
166
539
539
539
539
539
538
102
2
1
171
766
14
1
1784
61
206
51
6
894
283
824
2077
1
5
1
4
1
1
1
14
279
270
267
265
263
260
258
256
253
251
249
246
244
242
239
237
235
232
230
225
223
221
218
216
214
211
209
207
204
202
200
197
195
193
190
188
190
188
186
183
181
4
5
78
942
1237
7
0
1197
1245
47
8
858
55
55
787
10
1214
186
622
24
2565
1
10
53
2059
2143
540
1509
705
1417
705
3114
1
1
276
276
276
2
1940
1940
1940
1940
1940
1940
1940
1940
0
2296
2296
3
3
24
60
1
0
118
116
0
326
435
650
906
0
1769
7
396
164
47
66
50
2
816
549
16
9
1
1093
1093
1093
1092
1092
11
324
2
4
10
1
10
125
1
0
5
1
16
253
252
6
4
0
2348
0
404
1202
1796
4
326
55
2
3
97
47
1258
1336
1226
610
610
610
610
610
403
2211
1954
1
26
379
16
0
0
47
125
14
14
0
0
19
670
400
400
0
47
171
6
689
1
1065
1065
1065
0
2
78
381
2
790
1141
1140
1139
1139
25
1
0
516
447
462
474
490
503
346
263
391
377
405
420
655
655
154
655
697
686
686
686
686
686
516
655
3
382
680
156
694
372
82
7
9
3237
766
326
1
2
1151
1151
1146
1146
1146
1146
1146
1146
1146
1146
29
636
635
635
1
1202
1
1
40
1115
193
476
1923
0
694
0
302
6
855
10
2357
2357
16
148
148
279
460
42
587
727
410
445
307
80
1
1
1973
1
0
3
0
2
1
0
5
5
1050
975
120
2338
1415
1
731
1
369
369
390
390
369
369
369
1
1
1530
1530
1528
1124
95
883
739
739
36
5
1061
490
1582
70
70
70
70
240
197
189
189
1062
1060
1061
881
1
694
1
14
335
319
319
490
1
341
934
934
8
1
10
10
8
5
19
1
1
381
1
0
1
292
1
2
418
418
418
418
412
2
4
4
2
1
4
6
750
68
6
1
307
1
1
0
0
0
0
0
0
0
0
0
0
0
935
4
2
0
2143
2143
44
47
293
116
373
207
207
0
6
0
882
882
880
850
1
7
12
6
1
80
16
210
212
1
2
189
179
187
196
194
179
173
1887
2
1294
424
48
0
1
209
1
3
197
1
4
9
32
59
32
73
289
1
1
1847
12
12
12
12
12
12
1847
1847
1847
1847
1847
1847
1847
1847
1847
1847
1847
1
769
151
152
152
1
1
1
47
116
37
116
47
2
1
47
1
1
113
1
1
1
9
299
9
1191
0
0
139
2
11
95
125
78
1709
78
1
5
5
5
577
577
350
577
2300
2300
2300
2299
2300
1
1
2503
1
1358
887
606
606
606
244
573
567
532
532
1
1
1
9
1466
949
261
721
17
20
18
20
21
20
21
20
17
514
17
514
1
1
372
372
372
372
372
372
372
372
372
372
14
6
661
745
408
408
0
49
766
1001
983
1001
1001
630
1001
1001
1001
630
1001
1001
1001
1001
1001
1001
1001
8
8
372
746
767
642
333
740
767
508
642
281
647
0
54
1053
147
147
20
1
84
84
1
190
1
1
1519
771
896
1305
325
190
1305
938
705
197
637
705
197
938
197
705
6
6
7
12
7
705
1759
263
103
1482
1301
659
1237
82
6
82
107
203
1872
7
1872
203
2849
123
110
1
0
9
1
82
1358
34
10
280
545
44
43
2
13
796
3
1
154
309
1
1
431
431
793
655
618
451
787
383
787
383
464
564
787
482
27
1
35
5
19
562
560
560
566
560
562
1
1
1
820
1
1218
124
546
756
831
1690
2
2
24
212
1
333
333
2
78
1
209
655
25
1824
1
1
301
1585
1585
1585
328
328
9
1
652
11
10
25
85
229
230
82
1
757
14
13
354
1148
1
26
0
6
774
0
556
0
883
20
1762
1725
1
1
1
1760
53
1760
1118
1118
1715
114
71
8
19
0
6
90
43
1
1
1
-2
567
522
1
-5
399
518
518
329
308
1
28
3
1
51
50
475
55
55
10
6
5
7
5
1
175
1537
1056
1011
869
1515
2
531
813
774
2208
372
1517
1517
1177
1177
1177
1544
1544
688
687
688
687
688
687
687
688
687
687
688
687
687
253
2220
855
1049
5
153
3
288
583
699
731
699
699
583
699
583
583
1190
689
694
33
15
15
47
2
1
16
2717
1085
887
1
1
16
0
28
28
32
27
2
384
1303
486
2199
1437
2351
2351
1923
3030
1
1
1251
2
1031
1487
1487
8
5
19
21
21
21
2180
23
16
154
3
25
1
1
0
976
0
0
1
650
650
650
650
650
1787
650
1
1
1
1
4
1
4
128
6
16
19
16
15
15
83
207
694
189
1022
1152
12
4
751
234
1
694
526
526
376
386
414
8
218
444
8
108
28
1
349
350
349
1
2
0
3
16
4
16
1949
1949
1949
445
4
1
16
2
2
2
11
125
1390
1
687
664
279
317
2609
1
1
856
381
381
12
12
1424
1406
1061
2355
1061
1
1110
1973
1841
1841
1841
1
44
39
18
11
81
68
68
60
153
152
151
149
141
140
140
139
138
137
136
135
134
133
132
131
131
130
129
127
126
125
124
2
2
2
2
2
1
2289
2289
77
2295
1
1
12
6
6
0
144
148
148
0
838
506
2302
2302
2302
34
34
43
336
336
336
2
32
2
2
1278
47
302
1
0
1949
1949
1949
1949
1949
1949
1949
1949
1949
1949
1949
1949
1949
1949
1949
1949
1949
1949
6
547
1120
1120
1120
1120
1120
1120
1120
92
91
85
64
64
63
424
16
53
48
88
0
158
19
32
5
19
5
5
45
73
120
272
280
0
19
283
8
19
5
2555
1078
1068
1044
1049
1055
1068
2555
2555
2555
2555
2555
6
30
1173
1173
2
1
1217
126
886
548
1
1
6
1478
1
1622
56
1
1
159
1509
1400
163
114
107
0
0
0
6
783
783
0
6
717
694
24
212
1659
158
525
428
1841
1841
1841
1841
1841
1841
1841
1841
1841
1074
116
1104
1104
1104
1104
1104
1104
1206
1206
1006
172
655
655
81
81
46
46
46
655
655
20
1517
936
20
1517
1517
20
1517
915
2
1
2
27
1517
691
1658
1
459
0
0
766
24
199
446
1
2
294
1576
1
1
1
1
1
445
486
12
12
12
12
11
655
655
655
655
655
11
11
5
0
688
1
154
46
46
305
0
0
346
1848
1848
134
6
0
587
587
1
694
1
470
500
1276
2302
2302
2302
2302
2302
1
1
41
6
286
630
1062
1061
1060
3
84
302
133
193
4
6
23
4
61
1
360
4
46
330
195
1
360
4
46
400
82
82
3013
309
755
4
6
4
61
1392
2628
56
3501
82
4
61
165
146
165
91
514
1476
984
1217
1280
369
486
1239
590
447
902
749
420
467
420
420
467
420
467
110
0
110
123
309
787
110
605
79
79
2
78
2
2
2
0
0
0
0
0
267
313
2100
2100
2340
2340
2340
2340
2343
2343
2100
2100
21
2343
2340
2100
2100
2
30
866
856
696
550
1897
1317
1472
883
984
6
270
298
270
8
32
1
381
6
1
7
1
668
625
1
2
1
1
495
1071
140
2211
1
1
0
283
71
396
245
0
694
1
0
2565
348
1677
348
1
346
345
1
1
3
1
6
1031
126
3
522
672
955
955
302
631
858
915
365
612
725
925
750
17
10
8
9
8
7
16
16
16
9
15
299
1
1
1
136
1177
136
1
1903
48
2
6
1272
341
1
1011
19
19
19
14
4
14
13
13
1016
32
39
13
1509
2243
2243
2335
2335
2304
2335
326
6
1
1597
1
1
1
1
447
19
19
6
0
1
120
13
1
1
58
1
1
1
1
1110
1
5
5
1
1
1
5
0
1094
1093
1006
13
1
1
1371
68
19
99
71
43
976
12
14
14
14
688
353
6
334
334
4
898
1
2
77
2
9
0
9
9
380
783
504
22
388
559
833
5
593
592
592
591
18
1
1
326
1
1
1
4
1192
1028
6
6
1826
60
499
391
410
766
2
2
3
1
33
32
1
11
2
2
1
1272
1949
1949
1949
57
19
11
1
6
154
453
113
582
0
490
506
421
515
1642
1550
1054
793
560
793
767
1424
1512
1316
823
938
1512
1316
823
2007
160
162
154
909
1503
1864
1804
1466
1055
109
327
327
521
2316
1279
255
255
935
5
1465
405
0
144
144
144
144
144
144
19
18
9
0
30
30
1
154
9
0
6
3
154
13
35
636
637
534
541
766
877
1482
404
495
654
1154
997
814
927
610
1
1343
45
14
14
354
354
353
353
353
0
512
34
519
2
42
1413
1
3
1
38
9
170
1
126
661
396
1283
863
243
1072
1065
1072
1072
1
742
2
0
106
113
114
113
127
3
522
388
5
522
1769
2253
142
316
1
5
6
425
0
7
0
2
39
2
0
0
92
0
0
0
1
0
0
92
0
0
0
0
0
4
28
0
229
230
85
82
0
5
154
5
5
269
22
10
408
112
12
11
12
1440
215
25
19
7
1
1325
6
169
70
18
1
87
1
1
16
1
1
20
18
18
17
17
16
16
4
12
38
16
15
4
12
12
0
824
0
1
694
8
694
5
1173
326
1065
1065
1051
756
1051
239
217
495
2
45
6
3
77
6
5
826
224
827
197
64
827
826
5
0
0
0
0
3
0
0
0
90
90
1779
123
90
123
90
90
90
90
90
90
4
193
2
1
1
36
43
47
47
47
47
2
0
413
412
27
108
108
108
108
702
916
1138
222
176
1
0
545
112
54
40
64
67
523
880
880
97
880
880
97
778
74
97
880
68
26
7
5
1630
1630
1630
8
0
0
1977
248
338
1563
1563
1563
1563
1563
1563
1563
1563
1563
408
730
2703
2496
1
263
1
1444
156
156
1
14
0
2
1
2
0
134
134
133
133
132
0
1
1
16
766
766
7
2
0
200
200
2
2
258
258
1
493
493
114
31
120
861
114
31
120
861
652
729
922
31
0
381
0
1
1
15
29
1
1239
36
36
2302
93
1
510
510
510
510
510
510
510
510
510
510
510
508
508
508
510
510
510
511
511
511
930
930
930
930
930
930
15
14
13
676
493
389
1
1916
747
747
738
747
1519
1519
1519
1519
1519
1519
24
40
220
394
393
387
386
1
2
0
2314
2357
2357
2357
2357
1
518
238
51
758
758
758
37
636
134
592
1280
732
251
2142
69
171
875
1979
592
401
251
401
401
264
423
314
385
519
82
758
111
896
596
626
649
1268
732
288
288
957
957
1
1
363
363
362
0
83
1
1069
0
1162
1162
1162
1162
1162
1162
1162
1162
1162
1162
0
8
5
62
394
327
53
186
141
690
2316
387
10
10
10
10
10
690
594
1
160
1
381
0
2
14
5
132
1085
0
824
1192
26
10
6
10
10
13
13
11
12
11
10
9
12
10
10
9
9
9
9
10
9
7
8
7
9
10
9
8
9
9
9
9
9
9
9
9
9
9
9
9
9
9
9
9
9
9
9
9
9
9
9
9
9
9
9
9
9
9
10
9
9
9
10
9
9
15
10
10
10
11
11
10
11
12
12
12
11
13
16
13
12
12
10
10
10
17
13
11
10
10
10
10
10
10
9
9
9
9
9
12
9
15
7
8
9
7
7
7
7
7
6
11
7
7
6
10
13
10
6
10
13
11
12
12
10
10
10
9
9
9
9
9
10
7
766
19
323
228
228
228
228
228
228
228
228
1
130
0
174
0
490
887
1
12
1061
1060
1062
40
297
260
260
259
259
2
155
1
155
1437
1445
155
613
404
629
155
923
467
1
1
1
3
2
1
1
1
87
1
32
32
747
29
1
1
1
57
57
2315
2315
13
9
9
9
8
9
8
14
13
433
50
15
16
1142
1227
2
9
1
14
339
339
1010
339
423
423
416
409
3
1365
131
42
140
30
1
1
8
2123
12
1940
1940
2
4
139
139
0
0
11
12
5
5
12
5
0
6
300
1740
1740
1740
18
2736
826
1988
1
1
1
1099
1011
130
3
346
6
1
9
486
487
36
49
0
44
44
44
43
44
44
44
43
43
42
42
86
42
43
42
2115
2115
164
1454
164
149
148
148
143
143
82
1072
806
564
5
8
283
1658
60
14
347
347
6
198
23
2
2
272
1648
1593
1555
1555
1555
1555
56
0
313
553
1
6
391
1
1048
571
3
2
1
1
2146
128
1252
311
1258
1
168
1843
1843
1843
41
41
41
41
41
646
41
41
646
41
1
345
89
1124
1124
1250
301
291
248
0
20
546
1
1250
454
80
80
454
3
3
2
2
1
1
1
0
1161
1360
1360
1345
1309
700
700
381
1
10
68
1134
334
1
1
1
165
2220
2220
2220
2220
2220
1958
2
124
83
82
694
86
1597
1014
517
517
1
0
301
74
1410
1410
202
1860
1
7
119
1798
455
2315
1
6
1
1
2556
6
1
694
1
100
6
1
1
6
6
372
668
0
6
43
43
36
29
21
14
8
88
64
0
0
238
238
1
462
3
6
2348
376
631
365
126
61
803
38
2
2
1
1
4
1
57
1
168
232
201
183
201
183
168
153
121
103
5
5
93
71
93
93
71
988
990
990
990
1671
1671
1671
102
101
76
516
1
541
217
2
3
1
1
1
1
1
0
0
2108
2108
2108
1
1
1
2308
209
0
856
844
144
5
307
1962
1677
2466
6
489
73
1
1174
1001
1238
1238
1238
1238
1238
1238
1174
1174
1048
1238
1238
1174
1027
1174
1278
1278
1273
1172
1202
1202
1202
1202
1202
1202
1202
1238
1238
1001
1238
2519
2
0
588
271
524
16
9
16
16
0
0
6
0
0
245
490
584
14
15
18
15
14
40
6
66
687
687
0
0
1101
23
560
554
568
575
582
589
341
0
253
460
82
5
19
13
208
1
2
2307
1
85
229
82
230
95
1
5
1
83
2218
83
125
42
6
12
15
4
60
6
34
1
1
9
3
1427
1427
11
1
10
121
1
1
1
5
45
1
14
1
1
1
1
1
1
1
1
1
141
1338
19
1540
11
694
4
5
1
1385
7
8
5
6
5
5
2
5
537
1
1
20
11
1
34
2
18
2332
2332
2332
2332
2332
2332
2332
2332
465
463
463
462
461
459
458
455
1191
694
5
8
5
1209
1209
1209
3
11
11
1026
1026
1026
710
1
2
0
0
372
99
83
356
1072
83
427
637
812
42
83
99
42
83
83
1746
1746
1746
544
1
13
0
1377
1949
1948
2
2
723
16
16
557
21
21
2
0
631
85
82
230
229
258
1948
1948
1948
124
1
23
2108
1051
651
1
1219
1117
1269
609
999
1054
1054
2
474
109
15
15
4
33
1
1948
1321
1
20
1356
1355
117
154
694
666
37
158
0
1
1
158
5
3023
3023
3023
1965
1965
1965
1965
2936
2936
1295
614
1
1222
623
2050
929
1219
175
932
1148
238
237
1222
1222
932
2050
761
319
694
6
7
55
1
1001
5
131
1059
40
0
190
22
0
0
6
44
1745
99
0
2
245
2
3
2
142
142
135
1993
1993
0
496
1026
2220
19
8
19
32
231
224
1
76
76
75
1376
0
1
1
2
121
379
147
0
1
1
1
237
237
1
21
2
2
1949
1949
1949
1949
23
284
935
2
389
1
5
5
2
36
2285
897
897
897
2025
2025
2025
230
82
229
85
320
320
319
319
318
318
318
318
316
316
315
148
143
143
142
142
142
141
1337
1337
1337
1337
1906
875
7
875
38
39
39
39
44
39
4
2
9
1
113
113
0
2
2
1
60
373
335
67
5
5
1497
372
1
1
158
8
8
1
445
1306
492
1
243
243
1043
243
1
1821
4
12
2143
2143
237
1188
45
477
477
813
19
1
1
1
742
1607
1251
511
77
77
12
351
22
0
262
138
262
140
209
405
460
345
356
373
1
51
961
0
0
1
721
721
645
1000
10
34
81
72
65
952
424
952
952
424
952
424
952
424
1124
13
2211
2211
2211
766
58
57
57
56
56
55
55
54
54
53
53
53
52
2817
1842
807
941
112
467
148
25
0
1
1290
299
1
20
56
95
6
582
582
582
903
813
799
791
807
785
778
750
743
533
526
519
512
505
3
20
5
110
5
26
4
766
1
1
1
1
1219
1219
1219
13
8
5
19
82
32
408
1
27
446
1222
1222
1
1
445
445
404
1087
1447
766
283
19
46
1
1
1110
57
64
68
67
1
41
325
324
324
324
324
162
1379
272
279
1
1399
1
2
1
1
6
0
1
1
1
1
1290
9
2
2
1658
93
15
1
1
1547
1547
1547
1547
1547
1547
1547
1547
1547
1547
1191
705
2173
1225
22
6
0
158
0
1
52
52
1290
372
1973
752
96
42
95
1921
480
473
85
0
523
1
2303
2303
2303
2303
2303
2303
238
238
0
0
0
0
0
0
342
2054
0
696
8
36
109
114
109
330
330
330
330
330
1147
570
667
2
6
42
391
53
1
1579
1578
2
1
1
328
328
183
120
726
183
235
242
25
694
392
946
392
95
95
76
76
75
75
74
74
73
73
72
4
4
1026
732
63
0
683
686
2044
1596
1323
1952
1323
1596
2044
20
1
225
11
11
210
104
11
210
2
1
1
216
1
0
1
1
469
441
279
1689
1
1
3109
2745
2745
2640
2745
2753
2745
2751
1
47
47
46
47
0
1
694
105
87
175
235
105
77
1926
1
1
72
72
72
103
6
2
40
713
819
904
8
1
1148
1
109
106
743
16
1
2
0
184
2
0
1
1
79
552
83
105
1140
795
1071
1
1
762
762
761
761
1
65
43
43
37
37
36
36
30
30
28
0
740
0
0
22
29
694
694
1
1
646
11
1069
874
154
573
573
572
572
572
572
571
570
518
508
36
0
1
0
90
111
259
259
111
90
5
1065
1
1
1
1
2
2
1
2
1
246
236
35
318
274
333
296
947
1878
1878
291
32
291
1878
1878
1454
655
61
32
1240
303
516
158
167
4
418
3
1022
1824
965
826
826
826
106
1
2108
2108
2108
2108
2108
2108
2108
2108
2108
2108
2108
2108
2108
623
2108
2108
2108
2108
2108
2108
2108
2108
2108
2108
14
614
1
5
1397
1397
0
6
1
1
1517
694
4
1
1
1
1
0
369
253
27
26
304
458
457
21
661
538
869
401
761
2837
2838
40
80
971
28
148
114
76
212
9
177
6
604
1191
10
1
16
4
19
0
6
0
0
0
0
0
1583
1190
1190
1190
1190
1190
1190
1190
1190
1011
91
92
863
92
94
94
92
92
52
172
1
1069
775
1
766
6
623
623
622
623
12
413
984
737
984
82
4
186
548
782
804
11
117
4
97
4
1
360
35
2058
1020
1020
39
387
408
827
1239
2628
24
61
31
54
243
1
3
1
6
766
1
1
5
5
5
5
5
162
49
35
3
1
1
1
1
26
1260
430
40
103
1613
1613
1613
1613
1613
1613
1613
1613
1613
1613
1613
1613
1613
0
1586
7
8
2
1
4
1
125
125
503
709
630
829
1085
966
1576
916
235
272
235
235
1
16
6
1
1
1766
6
444
6
0
0
48
0
0
0
0
694
0
381
1
1
0
0
82
385
776
1718
714
1
3
3
3
1656
11
912
913
712
1471
1
1
1
346
290
276
925
2
2
5
1289
694
2
110
110
39
114
114
114
114
114
115
115
4
0
225
1949
23
23
1
983
1
2
1
12
5
299
174
0
0
1232
1232
1225
283
11
3
8
5
11
9
0
844
844
61
1
2
238
33
2252
2252
97
42
172
1573
177
2340
2340
2340
2340
2340
1502
1
6
2211
2211
2211
2211
2211
2211
2211
2211
2211
2211
2211
2211
2
58
20
502
502
502
501
501
338
1948
244
6
61
451
451
448
2
0
0
2305
2305
3
1
1
3
3
2
837
831
830
824
897
729
722
715
960
1051
960
240
233
226
346
529
143
5
1
834
1828
29
819
17
160
175
67
259
91
546
453
32
261
67
356
134
195
84
72
694
2
1
476
458
635
68
687
687
50
467
1
1
1619
57
56
36
697
689
539
10
162
333
81
81
57
51
51
50
50
935
6
3
1
1
1
2
16
23
16
9
8
0
819
0
0
0
0
232
158
167
65
923
694
33
34
381
1006
1006
1
1
1737
1191
358
476
475
432
588
16
6
1
1444
46
43
41
41
990
1842
1842
1842
1842
1842
1842
1842
1842
1842
1842
1842
1842
1842
1842
1842
1842
1842
1842
1842
1842
1842
1842
1842
1842
2177
1841
5
154
153
1
3
4
4
1
1
0
19
8
19
8
8
5
5
19
8
5
8
5
32
19
19
1
10
7
125
355
1628
1628
1628
290
171
84
10
10
6
10
13
13
11
12
11
12
10
10
9
10
9
9
9
9
525
1657
1305
664
1
158
48
2850
1
1
1642
0
0
2
1
39
2
1
2
51
826
44
0
19
19
5
44
175
120
120
120
120
830
0
57
43
855
855
529
123
533
0
1314
1075
1432
446
1703
1
5
237
19
32
5
283
19
8
75
75
40
1037
3
1841
92
8
8
8
1
2
927
436
91
436
91
385
1530
176
13
6
0
1766
1766
76
7
100
1
293
0
0
0
0
0
2
1
1
1
1216
1215
1202
1187
1166
23
23
15
23
15
1233
1232
1232
1232
1231
1231
379
419
0
154
4
1
1
1110
877
140
17
16
0
2
131
152
1
38
0
1
3
1
968
37
95
95
694
12
11
2
165
53
378
700
2143
344
398
588
859
408
338
1365
1071
326
1594
399
399
399
399
399
399
399
399
399
399
399
399
399
399
396
376
376
376
376
376
376
376
376
376
1
1
1
6
1509
1
4
4
879
1
209
604
140
1358
1689
87
87
87
1126
12
440
694
1
1
1
4
297
297
297
1
1
1
620
13
13
9
1
672
5
8
19
941
940
25
45
1454
1722
603
5
120
234
525
0
0
0
965
862
154
56
30
23
0
0
299
1006
982
726
12
5
5
21
14
8
15
7
7
1
650
650
650
1
1
1
0
1
1
1
1
1
1
1
1
1
1
1
1
1
1
1
1
1
1
1
1
4
2201
1015
678
1015
1014
1015
1015
284
1014
1014
530
1
0
29
381
1340
2900
741
1353
22
21
21
15
0
22
2
1
380
47
270
1572
1568
1567
1566
1565
1564
1561
1564
1561
1
2
1
2351
1
20
1
34
1331
1
309
309
271
87
5
1
3
47
46
255
255
2930
566
1113
1112
1112
1112
2169
1155
447
32
490
428
473
2
4
290
8
56
1
1
1
1
1
7
2406
346
1098
1216
2480
2480
2286
18
4
356
530
8
5
1
1
784
1579
0
1
1
54
54
1
946
134
946
134
257
688
1216
937
422
422
125
1431
1431
1431
1431
1431
8
581
408
389
531
2
143
1373
1700
2
14
1258
1258
328
28
28
28
2
2
125
2
326
326
326
326
326
326
326
2188
326
396
1650
37
285
0
0
2
1074
119
2334
2063
269
262
164
404
5
1
424
310
381
82
5
0
820
1843
16
1
5
5
1
1
7
0
1
1137
710
828
890
890
710
828
890
890
506
2
9
9
8
7
1236
1493
0
579
1728
1728
1133
15
379
560
560
560
0
20
12
4
1853
2302
39
39
333
5
0
1478
391
244
1009
24
34
304
158
174
323
323
309
922
0
4
1
4
37
37
37
37
77
19
8
41
559
806
805
804
803
802
1061
0
2
533
862
448
1901
47
64
188
183
105
0
67
418
139
106
113
111
106
181
23
4
14
328
114
573
10
0
281
922
0
1174
407
407
0
408
864
2
396
2
0
6
1543
1522
1515
1508
1479
1472
1465
1455
77
124
26
19
12
83
326
83
1002
983
317
3
8
424
9
9
9
9
9
1
1
10
2
2
12
51
3
3
3
3
3
1
3
1222
45
4
38
4
3
2
1998
6
1583
1583
1583
1583
1583
1208
1583
2255
911
8
1
272
234
272
234
234
233
272
234
234
234
233
272
300
272
300
1313
237
234
185
284
385
385
385
386
386
386
386
385
353
361
361
98
98
2
1
1
33
1191
267
511
510
510
511
511
1
1526
3
1
1
131
0
890
4
399
1950
1950
1950
1950
1950
1950
1950
1950
1950
1950
134
717
0
153
153
115
0
0
1
676
678
676
23
20
20
20
20
20
82
1662
482
1
482
401
68
931
1
1
48
1
1
3203
6
1
342
0
0
0
389
0
742
1
11
11
12
11
11
11
1923
1
926
926
663
926
0
0
0
1629
1558
1
96
45
45
1
1
1
64
64
64
64
2315
2315
2315
2315
2315
2315
2315
2315
816
180
67
117
8
0
0
620
0
113
113
113
0
372
1164
1164
418
443
2
72
72
1
1
686
1
242
486
1145
0
0
1
182
182
6
96
381
1493
0
151
1061
705
0
999
2589
0
1191
5
6
4
13
3
2
2
830
3
9
9
0
0
0
310
492
676
492
492
95
1313
14
13
13
12
0
0
0
19
698
1250
43
43
43
43
43
13
32
10
10
43
29
29
43
20
1074
1074
1074
1074
3
1841
1988
468
227
490
2354
2354
2354
2354
2354
68
1968
11
145
2628
158
1
95
67
10
694
355
11
1399
766
766
1
745
1224
694
171
299
1290
85
230
229
82
82
85
229
230
2
1
1
1613
1096
1096
1089
1089
1082
1082
1078
1082
1078
1077
1069
1069
1069
1
1463
1335
6
6
423
66
334
1
110
2252
162
2
81
0
458
1
1
1
820
820
1
6
136
124
4
1
1
22
384
0
13
189
13
819
819
819
819
819
819
95
2
94
75
75
1
1
1060
159
1823
3
83
149
149
0
1517
0
63
635
635
8
23
2
14
838
837
30
1
1
2
0
10
24
536
1
1
13
60
2
0
16
9
7
7
2
1
1
1
5
8
0
565
688
687
687
687
687
687
687
837
2567
1
1
1
1
1
1
1
1
30
29
29
25
29
9
0
6
10
1230
1230
1230
1230
1230
