685
81
1
107
0
1546
2
131
3
713
933
26
3
1408
44
291
3
3
11
427
3
1528
99
3
1359
3
0
156
379
692
36
1
1821
94
311
1473
218
15
325
8
1
2
0
11
131
713
324
3
270
746
471
3
1
219
117
1078
1789
1020
2179
2179
3
7
3
3
673
3
1901
3
3
29
82
29
750
472
1
2
360
1809
4
843
740
0
1
32
3
3
3
52
7
169
164
370
1901
679
893
1
965
491
491
41
1
59
8
36
1
1
1
1324
3
6
797
3
3
0
1
1171
1115
420
7
85
10
1028
522
1
170
3
81
117
116
4
4
580
3
4
3
193
17
14
0
79
3
3
840
1782
7
28
79
2318
1981
1477
1091
331
2
3
14
660
4
497
1
3
652
919
20
23
20
20
3
44
45
44
45
45
1324
205
2113
2113
443
3
485
1010
24
1841
0
18
468
1843
0
3
473
4
2367
2727
3
233
4
730
567
1154
1153
3
5
1
7
3
730
592
587
585
580
578
573
571
566
564
559
557
551
537
530
90
686
686
1
446
446
542
446
531
20
469
914
367
191
191
219
191
184
0
5
235
3
794
1378
156
40
1
75
75
71
1068
58
0
101
0
176
0
1515
853
46
91
140
141
139
139
0
561
5
387
151
2
2
592
81
81
2958
3
7
7
7
3
3
863
933
1
17
205
3
1831
775
509
509
509
509
509
509
509
509
509
509
509
3
0
662
7
7
90
1384
27
27
313
785
36
12
1334
3
47
81
1015
3
32
353
35
55
2164
1514
2629
36
1647
1721
832
1904
1903
967
960
1452
276
1005
18
17
17
17
16
16
16
15
15
14
14
14
14
13
13
13
13
108
1507
1059
2456
0
1
6
321
4
326
1922
14
1608
80
1
971
1141
263
0
0
1217
273
69
65
58
94
0
0
226
55
395
823
2314
428
5
5
424
678
3
1894
1341
102
953
1839
208
245
274
3
207
161
0
461
200
148
26
0
8
2039
3
0
69
518
999
469
1
2282
797
3
1164
152
1
1466
425
8
3
1
757
3
561
18
18
18
17
18
18
2066
933
933
920
112
23
0
11
13
13
3
482
482
0
3283
1620
7
381
168
27
990
3
1490
1484
953
1000
811
1076
0
604
16
2
20
384
1938
1938
1938
1938
1
1
3
3
1274
339
38
2023
1809
2
1
9
6
582
5
0
32
2497
111
3
3
1
2
520
520
520
520
519
9
3
3
3
1479
379
43
43
42
81
59
59
1828
2
218
18
133
18
11
853
1876
0
26
17
1
2
13
167
5
1
8
5
2290
2
0
384
384
2
1
0
0
4
452
276
22
6
2
3
1042
0
2554
3
6
394
501
394
76
564
4
21
3
0
289
261
261
2
745
896
394
366
12
752
606
14
819
3
1819
605
81
81
3
7
1747
36
33
23
278
3
3
0
397
1
17
6
3
17
38
30
166
0
1791
389
1753
165
100
0
0
580
2545
3
471
10
452
0
3
3
4
679
1273
1267
3
3
0
36
153
0
2282
69
24
211
3
4
152
151
1
2
1
740
574
38
11
79
79
2218
2790
1264
115
531
1825
7
5
3
3
856
633
0
30
167
1
68
1
1425
2
3
69
69
518
3
3
675
466
1307
1307
4
1
0
466
459
452
529
522
516
509
501
501
494
487
480
473
466
32
9
2098
3
14
3
3
435
3
26
26
24
23
20
19
1
2
0
3
73
516
3
1
2330
2330
1052
890
652
7
6
76
70
69
69
63
12
647
0
2
1843
237
835
3
1337
3
2222
2222
2222
5
3
964
964
2333
2333
247
2837
1327
3
2
5
3
13
1085
840
1002
769
408
900
1002
2108
80
341
1
3
370
3
140
3
397
994
39
3
3
3
3
3
3
3
3
3
3
3
3
674
592
6
6
3
1
410
281
3
2
1316
3
3
0
1
137
3
3
0
4
152
1
200
213
3
3
22
275
571
1234
39
987
1178
832
81
2
3
3
0
14
792
43
64
63
3
54
94
252
536
820
933
3
3
43
128
275
92
77
1839
1839
1839
1134
487
1320
802
17
281
156
281
67
206
152
6
2333
2333
2302
27
27
191
3
5
8
100
0
3
3
430
3
93
768
389
80
29
3
463
0
723
14
15
14
14
13
3
2241
1584
1522
8
484
674
674
674
674
0
692
1041
953
1458
1926
1261
1024
1261
1261
3
3
3
199
3
2933
7
7
3
45
257
130
1334
1334
1054
3
1
482
2
22
11
3
7
22
47
47
169
53
152
4
224
992
1059
32
524
14
13
891
415
32
82
0
1000
1000
628
1000
1000
1000
1000
1000
1000
3
1
0
2257
195
1839
1542
880
842
1
666
0
3
130
1843
51
51
78
10
51
78
496
0
0
119
118
5
5
4
4
1910
1910
1
475
384
552
2
2
88
2
0
0
4
1
202
2141
39
3
491
488
0
1986
91
24
1839
335
14
2141
156
156
36
1
13
1
8
1561
702
10
2209
2209
54
12
24
764
277
69
208
2
111
159
53
14
14
13
3
2282
0
1240
785
3
3
16
6
5
2314
12
3
3
0
865
3
2
1
238
232
218
210
1937
19
40
1508
4
3
3
2
1
2
1
33
33
482
1269
1269
62
237
17
5
4
4
351
156
3
202
2
16
15
5
14
53
91
48
764
108
1685
84
0
39
768
64
64
63
63
66
3
17
17
30
3
31
265
14
2
4
2
3
175
1
12
2
3
1522
4
3
1
2
5
7
9
6
8
10
88
1216
214
0
2053
1291
0
3
2237
2237
2237
2237
2237
2237
2237
2237
371
370
377
371
364
371
370
371
370
1
4
4
0
48
63
62
62
1
35
3
78
3
3
477
6
156
3
2301
3
2
508
1247
1571
538
1571
1247
1464
900
1464
1247
1382
1778
965
1778
1382
674
775
674
104
5
10
3
3
3
48
954
3
2
42
2
134
28
28
97
156
731
764
764
933
1221
449
82
3
3
981
807
806
786
786
1061
1
1
21
1845
99
86
18
5
5
207
953
118
1607
1714
1438
6
1165
20
3
3
2
853
854
213
34
6
494
164
1421
1413
1399
1399
0
65
0
1310
922
1310
1310
12
36
0
1
14
374
748
1
1
3
94
40
3
20
2348
2348
2348
2348
2348
2348
2348
2209
2209
2209
2209
948
1839
2
931
6
1355
1355
1355
14
1968
9
3
3
6
109
692
692
0
80
3
2
1
482
94
30
73
38
38
17
750
2
88
488
4
3
0
3
45
976
977
3
3
79
79
487
473
1580
38
0
182
620
524
586
1300
1
0
4
2
3
931
279
541
931
80
2554
22
931
0
931
931
541
939
158
1656
1656
1656
1319
2
4
2
927
927
217
102
342
1
3
7
104
1
231
1
17
17
16
16
15
1620
1620
1620
1618
1620
1620
1620
765
0
5
2
1921
2314
1921
2593
2090
7
671
620
671
260
59
0
0
3
3
3
310
220
23
731
3
2
769
1881
238
0
0
1027
1943
50
0
3
1372
370
2689
434
1318
434
119
6
7
6
7
6
7
0
1947
1947
4
1
261
514
1226
1225
1225
1224
476
3
103
12
1780
5
22
11
1067
519
700
86
3
3
264
326
1
12
12
1
12
12
12
1
275
0
616
538
616
4
412
692
642
1803
15
1947
0
6
1217
275
69
98
98
97
7
1
94
4
9
238
1
6
1
50
646
4
150
0
93
60
212
5
494
121
531
129
15
37
129
3
403
156
2338
9
1891
17
241
24
5
5
5
223
37
0
4
44
28
1264
824
6
530
530
229
3
1648
783
7
2
2
1
3
2
1
1
2
2
3
1
2
7
2
1
1
2
3
69
92
0
242
265
265
265
269
1911
317
2291
58
701
1309
2376
3
31
1
7
7
6
6
75
1
6
5
5
4
1
4
2
10
131
191
919
131
0
147
2
2285
191
395
395
395
395
1026
7
1026
395
66
7
1294
12
0
32
0
32
0
6
0
7
0
32
6
6
7
32
0
32
0
0
764
516
5
8
4
3
3
1426
0
3
3
3
3
3
3
3
94
616
482
482
2409
573
3
1392
573
573
536
536
1058
1107
1127
1
48
8
163
3
159
1986
12
3
3
40
3
3
1575
17
1119
1119
17
172
1119
1684
1119
422
1119
422
663
697
2048
1349
156
995
281
17
24
1
15
14
1123
3
3
3
3
353
1
1
1
2
2
2
3
6
80
17
17
1
13
2
95
3
59
2
62
0
0
30
1
2
183
183
3
928
0
8
1
88
88
0
88
88
88
3
325
124
1
22
0
2086
692
457
269
269
301
269
269
17
30
3
3
1
13
13
0
76
1
17
17
16
16
1429
1815
3
166
2
1
0
0
93
0
0
6
491
490
490
484
1885
761
30
30
30
30
30
30
619
635
13
249
92
91
91
4
698
690
13
2393
692
143
22
22
370
0
7
7
869
0
39
10
1002
5
5
5
5
5
5
5
5
5
4
556
800
800
793
793
786
10
107
128
33
587
587
344
84
124
1
1
161
1374
235
833
1398
328
152
0
0
96
253
2323
334
1067
671
156
156
1516
422
1150
1
1
514
1612
2613
1061
388
388
388
1078
1078
83
1819
1819
1819
1813
561
20
21
20
106
1171
1165
1164
1193
953
953
376
272
0
0
129
138
209
1311
884
1
3
337
3
85
2711
0
0
40
1
81
53
88
1043
1043
1043
2999
686
471
152
571
130
571
27
577
893
577
611
618
843
618
616
48
41
34
27
751
1947
1947
1947
510
508
508
499
94
83
350
350
270
271
270
271
350
8
289
289
218
783
487
469
487
742
350
517
517
517
517
1
933
36
4
1407
1407
1441
223
0
811
9
2043
2320
571
3
2
3
271
1062
1062
1062
1062
3
3
2
1704
1703
3
170
154
1482
23
22
22
23
21
21
6
17
3
638
3
73
521
88
139
3
3
3
36
896
295
896
487
3
3
3
908
908
3
3
210
3
3
1
2338
1044
3
771
764
757
33
3
5
5
14
64
11
66
66
46
85
365
416
416
478
2
3
2083
65
2754
199
407
582
200
204
203
204
674
897
897
897
935
375
7
173
3
1903
662
442
442
442
442
442
442
1
422
2
91
3
626
1865
1865
0
92
92
123
2301
1292
1
3
1
1178
0
27
27
20
20
19
19
692
1148
0
18
18
17
17
16
16
15
135
4
553
1588
1371
465
1395
1138
1133
1079
2268
1211
1502
1502
1162
997
1148
1478
1249
1266
966
287
938
711
1255
1588
1259
210
10
1153
100
100
88
191
191
170
170
1432
1431
1431
1430
3
3
3
3
3
1108
3262
379
32
16
29
13
10
4
10
68
58
10
10
8
13
150
216
128
210
33
1548
113
216
3
1
3
22
3
0
61
2
3
210
3
3
3
3
2253
2253
3
1079
3
13
0
24
24
0
2
3
3
4
3
928
517
517
3
764
16
1
545
345
81
219
31
17
537
2
4
2
67
692
59
343
750
266
613
431
3
3
3
3
928
1415
749
12
4
0
4
1
22
1
18
0
0
0
17
1413
963
10
1
980
980
980
998
980
470
470
470
354
3
357
0
9
10
1
1374
1374
1374
1
1
3
686
0
49
0
5
5
663
218
47
47
26
1
1
52
352
802
829
245
154
1841
1841
1841
1841
1841
1841
1841
1841
1
2
2
38
0
1
1
1
1
9
13
13
238
913
1913
692
350
145
683
145
2
13
2811
2811
213
1
240
55
66
295
932
330
1236
409
507
1164
1413
707
2117
955
1400
1380
776
477
1345
1386
2145
1077
2
970
970
3
3
248
764
2
0
2
0
0
3
2302
0
3
34
33
33
33
3
3
1474
115
107
154
19
107
372
953
723
174
2754
2
8
8
15
1530
1507
0
361
359
26
207
207
207
1004
1004
1004
1004
1004
0
0
0
443
462
443
439
443
443
439
443
462
439
1406
1406
0
227
83
228
80
5
4
4
3
3
3
2
131
15
38
37
37
1
3
33
8
933
2
2
2
383
377
370
370
370
362
362
383
377
377
377
370
370
370
370
370
362
362
362
362
653
653
653
653
653
653
2
0
368
94
22
21
119
41
41
6
732
6
1
7
0
2
6
1394
1143
5
5
0
2113
2113
3
3
2
8
3
56
501
1056
5
169
5
3
2294
2294
484
484
484
0
0
146
3
351
350
351
374
351
372
700
351
350
374
311
311
317
380
380
913
494
3
3
1
44
1125
33
1269
379
379
0
230
320
5
2
1
370
0
278
278
278
278
278
278
278
278
278
13
278
278
278
278
278
0
306
2
3
144
1577
3
3
3
3
1
12
197
3
3
350
2
3
1
156
3
0
0
3
0
1105
2
3
3
1221
405
1360
1221
1221
374
684
382
151
151
653
46
66
2
144
95
933
395
2
6
316
316
316
317
1591
1110
1
100
72
63
860
520
3
2
125
1
8
1
1572
708
857
3
3
3
3
444
0
0
5
440
16
16
5
2333
2333
2333
2333
2333
2333
2333
2333
213
13
13
12
261
370
369
370
24
23
23
22
0
1416
1416
1416
2241
1902
1261
1236
764
0
1
0
3
1038
1927
6
6
873
871
871
871
871
870
867
692
0
81
641
1045
11
9
9
9
8
253
1251
750
829
8
8
1300
7
2
7
7
7
11
398
435
25
25
3
1611
1611
15
490
478
484
0
1409
1841
0
32
1206
1206
1206
1206
1206
759
1206
1206
237
237
237
237
236
236
236
236
42
0
8
100
238
2
710
95
2
35
94
0
737
497
54
48
1222
759
731
662
361
81
1059
827
1059
3
6
17
207
1
0
297
2
3
3
79
79
3
91
797
744
0
604
1334
1334
1334
1328
1328
1328
1
1327
3
3
30
16
853
28
767
766
766
295
5
4
4
4
3
1355
1355
1355
1355
1355
877
202
0
12
1
1059
0
14
21
882
1010
109
3
17
5
5
6
3
59
2602
2603
2394
2394
2619
1729
1967
428
848
1424
38
0
6
374
1138
1138
423
2314
2314
2314
2314
2314
3
1947
3
3
2
1004
3
1618
1535
1535
1535
1535
1080
152
152
152
151
151
151
151
151
151
653
695
152
149
653
150
149
149
151
1619
913
512
81
81
10
10
10
10
3
142
729
774
3
98
40
0
12
11
32
32
282
167
5
91
27
21
21
1901
1901
28
22
96
0
2
0
152
13
152
152
2
6
106
106
81
1055
6
170
170
1
6
3
17
1209
1770
9
1989
881
849
917
1685
853
1220
1220
108
10
5
0
1
261
257
261
261
261
261
261
261
12
12
12
12
2
12
2
11
10
926
185
1498
3
5
3
505
953
953
657
735
1042
460
68
67
324
0
487
138
137
0
137
136
136
136
136
136
136
135
135
135
134
2
3
361
692
76
5
106
106
1
381
444
1
764
3
6
17
16
42
12
8
8
846
1486
1632
379
379
6
1
2
13
13
2404
0
0
1
14
5
692
2
0
293
240
233
1334
1334
0
720
0
0
191
1276
337
337
692
3
10
3
10
236
236
236
236
236
230
78
91
91
84
69
1075
1068
1040
1064
1054
1061
1026
1012
1019
131
1068
0
2711
0
3
233
3
3
602
11
10
3
3
3
7
7
7
647
129
153
123
123
11
750
5
2
2762
0
0
895
629
24
27
0
277
7
8
1081
964
811
321
195
291
774
408
774
0
25
2290
2290
2290
2290
7
1
3
3
1
1839
1839
1839
1839
1839
1839
1839
1839
1839
6
3
60
59
59
63
0
381
381
381
2350
217
0
762
762
762
2
305
61
379
3
12
3
151
3
820
820
3
14
13
12
364
1203
1188
653
492
1365
1505
610
484
265
264
265
265
265
397
1109
741
741
1619
1619
766
822
674
554
555
38
730
3
156
156
156
24
24
23
23
23
23
22
22
21
21
21
20
20
19
19
18
18
17
17
672
349
156
3
3
1839
3
3
813
610
933
933
933
933
933
933
5
6
278
28
241
28
240
517
517
370
93
1059
1
963
252
10
135
18
18
18
18
18
17
357
3
1
18
78
1
18
395
7
764
2237
244
18
156
1262
20
252
135
2237
2237
2237
2237
78
77
76
76
3
35
3
692
476
475
445
91
281
470
3
5
14
0
10
7
13
65
70
69
68
68
0
786
786
786
786
786
786
786
786
786
993
22
933
377
377
1
22
22
469
0
479
479
1845
832
7
32
165
81
1210
29
49
41
103
128
128
128
80
80
12
864
3
250
3
3
3
0
76
76
76
76
3
0
593
0
5
12
11
75
75
79
0
976
0
488
488
1845
792
1845
1513
1845
1513
1845
1513
1513
0
1
13
48
1
1
151
753
0
1515
0
1592
1
313
1901
1
1980
1980
23
22
21
20
2630
1669
1
636
1
939
1005
1059
2
263
4
2
9
4
11
9
16
11
18
16
23
18
25
23
30
25
32
30
37
32
39
37
44
39
46
263
51
46
44
39
37
32
30
25
23
18
16
11
9
4
2
4
2
51
46
53
51
58
60
58
60
67
65
67
74
72
2580
5
272
1
443
4
5
8
4
3
3
3
3
333
394
0
2
7
2
1949
174
174
805
805
805
805
805
805
805
805
805
174
174
1949
575
700
700
1949
1949
174
1949
4
3
0
12
858
279
390
7
30
30
2040
436
12
514
514
0
341
341
1
1
40
152
73
1934
0
1406
2359
0
942
1840
1840
0
1526
150
1355
2563
1
7
7
2
3
2
1
2
1
1
2
405
0
955
127
127
58
1013
0
1012
1012
1012
1121
0
3
2
152
152
1
1
1
67
0
2003
5
14
692
3
6
370
62
58
66
233
1594
343
61
1215
454
652
107
659
668
814
605
1053
300
562
832
674
659
814
686
659
355
659
1
132
132
1901
1229
1229
6
1363
1
2668
2668
2668
2964
2245
61
3
10
31
3
3
3
3
3
30
2330
23
25
83
80
227
228
0
94
94
1737
1737
2
692
79
389
0
2
58
425
764
1
0
152
152
153
562
562
562
152
384
653
2
468
468
1
3
3
3
1171
1171
1171
3
1
79
78
1839
1839
1839
1839
1839
17
17
692
6
0
4
5
36
2
2
0
642
445
377
1059
722
1839
1839
23
22
21
21
20
20
19
19
19
17
17
16
15
14
14
13
13
3
415
578
195
157
229
768
229
17
13
14
20
58
58
1000
1000
1000
262
326
2
68
647
162
18
17
17
17
17
74
407
407
2
3
692
327
327
52
921
1231
763
820
928
928
1911
1910
0
2714
557
379
1284
958
196
958
1396
1469
55
958
958
958
1396
2626
958
958
2626
2626
2626
2626
2626
456
381
0
73
2
3
1431
35
28
42
35
816
862
13
855
2080
718
604
598
377
64
579
128
936
647
639
671
698
250
1
1
242
1
12
2
10
379
1108
764
7
11
17
21
3
6
30
3
7
286
836
1174
282
1550
300
590
1
0
700
700
726
700
700
700
700
700
1
479
138
6
0
156
1379
16
2023
87
152
520
381
0
65
8
70
0
1607
45
48
0
0
343
14
0
0
0
0
0
238
8
281
3
3086
3
865
12
0
23
23
23
23
23
23
123
23
23
23
3
820
3
3
581
3
8
3
7
101
94
3
3
152
3
3
3
3
3
3
672
244
244
237
1
14
21
7
21
7
7
1000
1000
7
7
6
11
11
10
10
9
11
11
10
10
9
9
8
13
672
1128
726
2663
2308
2308
105
1698
17
1
2
1120
1120
559
559
92
3
324
354
692
3
15
14
13
4
712
1045
925
2
0
1
2
453
453
453
85
85
532
1331
1331
1325
1325
12
622
281
17
20
21
20
3
0
84
91
164
164
0
0
1
0
743
464
471
2
0
1310
10
908
3
146
262
58
1
3
52
1
1885
44
1
3
0
297
299
297
345
846
2
3
44
1
1952
366
366
366
1115
3
195
195
5
5
5
5
2464
1921
1921
1921
1921
1921
1921
1921
1921
0
2294
742
1947
1947
1947
1947
1947
1947
373
343
7
76
0
1655
2124
326
295
295
571
579
1059
424
64
1656
2314
1307
2
2
579
158
379
6
281
3
2
2
0
493
181
3
2
191
191
3
78
3
1354
471
224
268
0
1
40
40
40
40
13
13
180
0
744
36
0
86
86
839
86
86
6
6
93
692
3
1807
728
0
1213
1213
1213
3
3
17
6
3
1079
3
3
3
50
577
577
3
1
15
15
238
38
3
0
3
3
1976
2245
639
639
3
3
210
0
3
636
3
3
3
3
3
3
1079
3
3
3
1079
3
2209
2209
515
106
106
37
37
119
489
581
581
139
14
14
1484
830
2591
75
3
3
3
3
3
1
1
3
475
617
700
475
0
1
6
1
210
210
210
1887
3
3
3
2644
752
1479
1479
1479
1428
287
423
715
3
1050
3
149
0
3
3
589
281
973
973
973
973
1182
389
23
973
299
3
3
62
3
3
820
3
59
3
17
2
12
155
155
2
3
877
3
3
3
3
3
170
1345
18
18
18
928
5
2
3
163
300
300
300
1167
300
17
692
0
40
824
3
685
976
558
558
4
6
992
991
1
32
612
9
12
10
813
0
5
8
4
3
3
379
69
69
69
69
69
69
66
764
2
3
921
65
65
63
46
130
0
0
3
23
177
152
22
692
12
940
258
982
732
5
1890
1890
1890
1890
1890
1890
463
2
1
2
6
972
972
287
0
4
1
277
45
3
9
9
9
143
1789
1789
1789
1789
1789
1789
1789
1789
1789
1789
915
915
915
844
86
0
0
269
442
88
0
2243
2351
983
1624
18
219
38
38
5
13
1
0
17
627
991
627
858
1195
858
627
0
7
1203
1203
1203
1203
104
156
20
21
379
716
67
154
52
1004
86
390
1826
493
579
1856
1856
1297
1318
0
0
11
23
22
21
23
19
2
0
0
65
3
662
106
3
16
16
16
0
782
692
380
418
0
769
705
84
49
42
91
262
384
196
91
667
18
82
10
6
6
6
6
6
6
6
6
6
6
86
1991
431
950
692
1004
1004
2
2
1004
449
54
213
389
3
2
2641
7
729
729
729
3
3
81
3
3
3
113
111
114
116
154
165
184
111
3
908
382
3
306
63
476
5
3
3
3
3
4
156
1
18
1
981
2
40
4
933
0
221
221
1
2
1
2
692
1264
12
0
1
1
0
0
0
0
0
34
1
23
445
942
163
921
914
921
1901
492
5
3
29
1
349
82
82
374
3
3
523
16
1
1
324
6
0
29
3
1745
3
0
1059
773
773
2
340
1
1
0
1479
474
2
2209
2209
161
1126
1126
2192
1716
1636
0
2
5
54
94
2
42
36
18
18
18
1431
2
208
11
1147
1171
1076
3
3
3
692
5
6
439
73
61
61
543
143
493
191
191
191
191
191
191
191
191
191
1333
177
111
497
1941
291
497
16
1292
3
1839
754
537
537
537
537
537
1515
1515
66
1515
19
18
1
0
1
0
3
152
875
1612
384
139
914
726
275
288
26
2288
692
1506
3
3
3
3
1363
1263
151
1059
429
429
537
1124
1
116
116
74
73
72
2
0
1
1342
1062
1062
2
2
1
3
2
2
3
2
0
602
515
32
52
36
3
3089
0
145
145
24
1116
0
0
220
22
21
21
20
19
18
82
220
256
5
0
1025
121
605
2814
1660
479
58
1656
1225
1225
759
1225
0
0
0
824
824
1035
1311
145
1280
0
529
529
918
1983
2
2
2
2
2332
590
370
1
1
-7
2
90
1
5
3
9
2301
2301
1763
930
653
181
751
73
73
72
73
73
75
72
70
70
69
69
68
68
67
67
66
66
65
65
64
64
63
63
62
62
61
61
61
61
62
62
62
69
68
68
68
69
68
67
67
62
63
63
66
66
64
65
65
64
60
60
59
59
60
65
60
59
59
1840
1840
1840
1840
1840
1840
1840
1840
1840
1840
1840
1840
1840
1840
1840
2239
3
58
259
8
692
2283
491
26
472
472
470
467
466
465
465
464
463
324
3
692
3
2
552
317
25
24
24
24
23
22
21
21
524
0
436
5
41
41
1806
3
109
0
753
753
1224
290
1733
41
3
3
3
692
3
3
3
122
122
122
122
122
122
122
0
384
9
578
578
578
679
0
3
8
1539
576
576
576
0
771
4
3
80
77
80
80
80
80
490
838
3
18
3
12
1000
1000
1000
981
981
1604
1604
1604
401
981
0
2339
2339
1
1285
1285
1285
220
23
220
23
220
23
601
601
3
3
3
12
3
12
965
331
3
0
3
503
0
233
772
233
44
82
82
729
1
265
761
3
1949
519
330
2368
3
3
652
1547
7
1008
1008
1008
1008
509
268
1
158
153
4
4
56
2327
2327
6
1751
1751
3
7
170
315
2320
303
40
40
692
1535
6
30
30
26
2306
3
0
41
438
438
1
9
16
16
40
692
4
540
540
1
2
0
0
36
22
36
443
0
1000
1000
2314
14
228
0
3
1
3
5
3
3
24
6
37
0
11
0
464
0
0
0
0
3
3
3
4
10
5
5
4
3
3
88
571
95
1155
1155
525
297
297
812
344
0
795
795
137
47
3
5
8
4
3
3
2301
2301
2301
2301
1227
1226
1226
1226
1226
2301
2301
1227
0
289
13
13
3
60
1
27
0
1121
0
48
2
1
2201
0
3
0
11
10
10
9
8
7
7
6
6
5
13
13
2059
598
5
4
0
674
674
325
325
325
325
325
28
583
28
216
112
23
0
1482
1059
1413
1413
1312
1717
1717
1312
5
19
3
0
4
3
11
600
84
3
12
15
817
817
809
273
273
273
273
273
273
262
3
97
2351
0
103
102
322
0
0
0
1694
1
1172
1943
1943
1943
0
11
225
225
233
2350
2350
0
537
158
31
708
17
281
6
3
30
80
17
30
281
73
30
574
543
543
543
1
1
3
1983
3
895
895
576
1
0
686
0
138
3
3
210
3
1543
1536
1340
659
3
3
1579
914
3
692
3
3
3
3
3
3
3
3
3
3
3
36
7
3
10
1479
1479
719
744
770
801
433
557
580
455
1079
782
1079
225
244
107
937
2341
2341
3
3
3
36
3
5
4
3
4
3
0
953
3
3
692
692
3
3
3
3
3
3
3
210
3
504
64
22
23
23
3
119
3
3
3
3
0
741
599
1561
1561
1519
114
780
13
12
12
6
3
3
1
3
1
1919
1919
3
3
3
3
72
3
3
5
3
3
3
3
898
3
3
1
1
116
3
3
3
3
3
3
0
3
3
3
1364
3
929
1821
1821
635
588
1265
786
662
1464
1071
201
1010
1202
80
1464
1265
786
588
929
762
933
604
604
172
146
569
883
933
933
933
933
883
604
604
604
604
602
602
84
84
84
84
84
84
84
84
84
84
84
84
84
84
84
0
1573
12
12
12
12
12
12
12
11
183
899
120
156
76
147
268
459
235
22
74
0
741
48
1
0
600
599
653
16
16
96
12
90
7
14
7
7
13
978
977
31
30
29
28
27
6
90
90
686
692
912
269
373
103
1159
7
330
1235
0
472
3
38
80
17
6
232
393
2
1211
3
370
7
104
58
1108
586
269
522
343
493
508
659
7
586
269
836
158
522
545
478
1023
65
875
139
139
0
11
48
48
48
4
126
328
1000
486
700
12
12
12
12
12
0
29
269
1038
1507
795
1419
792
28
5
0
16
95
85
107
369
11
163
163
163
163
0
55
55
55
1585
1585
45
45
45
45
3
3
3
0
31
3
0
1439
610
5
0
58
2735
1291
1291
1562
216
511
456
3
1
282
1588
1
17
0
334
5
23
23
23
5
5
50
1302
1405
1302
50
5
5
348
600
2183
0
840
27
516
2314
2314
2314
611
2109
2412
3
0
1185
0
191
8
7
0
0
619
633
0
274
479
479
479
545
339
692
948
211
1
1648
1062
391
37
42
0
1321
1321
58
186
1
12
2
1
12
5
14
7
7
431
191
6
6
1966
1209
1
932
440
433
1
0
374
2314
977
390
948
1
6
3
63
3
175
3
3
3
820
3
3
636
636
735
636
3
820
820
1738
820
3
410
44
3
390
390
3
0
3
6
1536
64
3
3
1265
3
3
1
3
3
210
210
675
537
1605
1605
3
3
256
3
2223
2223
1
81
4
76
75
0
489
1960
1960
1960
1960
1960
1960
924
756
916
764
286
585
1299
723
897
1144
1278
723
553
3029
412
764
723
725
1337
2
1
3
3
10
0
2
373
1476
1526
252
0
0
0
0
2
1
1
2
85
73
71
71
71
71
70
71
70
2
33
33
33
1
1
1
22
489
475
902
1649
740
3
1209
58
1845
557
482
482
193
41
3
128
0
476
476
2448
476
2352
2352
2352
1099
644
542
449
613
391
0
0
0
0
0
0
0
1
692
692
692
43
43
2055
429
2055
429
2055
2055
432
2055
2055
429
736
2055
2055
429
512
512
512
512
512
512
512
512
512
512
512
512
512
512
512
512
512
512
512
512
512
1632
1268
1632
2019
1632
2019
1632
432
347
432
432
347
432
347
432
347
432
432
347
2228
2055
2055
429
2055
2055
429
2055
429
429
136
1
142
370
38
2314
2314
2314
765
549
2379
1561
1560
1561
1561
1784
4
1
5
94
216
4
1
1
4
2480
1
1
633
1474
692
1
11
220
0
1
4
8
11
12
6
7
8
7
6
7
7
7
7
8
6
7
6
6
6
186
186
4
186
8
692
1790
1790
1
1
8
1
692
1089
0
1344
936
439
59
136
325
320
169
59
59
59
1483
1483
1483
1568
1000
1000
981
1000
2
964
1002
11
13
12
11
1494
342
342
372
342
237
1661
1661
152
152
611
1661
152
152
152
105
127
54
382
9
408
1375
64
2423
2423
1098
1845
807
226
38
38
38
38
226
854
1014
33
728
675
218
1274
1541
1550
359
260
404
359
429
427
507
525
1385
1567
619
1174
835
1114
822
1249
1268
1099
974
1411
368
374
382
1036
933
965
820
818
1104
1112
1111
101
670
1153
108
108
3
654
104
34
80
0
3
3
211
211
27
2378
3002
1016
12
17
23
17
17
7
1620
489
239
116
1129
489
47
74
47
47
1
42
2374
129
129
129
71
5
14
1051
1
0
0
0
0
0
692
692
2
2
1799
1798
46
46
2
1
1
1
1
1
1
1
1
1
6
3
3
3
3
3
550
0
1767
1767
3
4
3
210
210
210
210
210
210
210
3
16
16
351
1128
1097
3
487
1
1821
1
3
3
3
3
752
52
0
285
102
7
33
0
1521
2298
999
15
2
213
731
731
40
1167
27
8
14
7
7
98
427
427
427
359
362
369
376
383
390
397
404
415
359
348
359
362
369
955
341
1
2
10
1781
910
822
363
813
822
822
822
255
822
822
363
269
267
822
267
822
269
269
255
1
5
5
5
283
283
283
4
53
53
53
53
53
53
53
53
53
53
53
53
53
53
53
53
53
53
53
53
53
53
53
53
53
53
53
53
53
53
53
53
53
531
53
53
53
53
53
440
439
53
53
53
53
53
53
53
53
53
53
53
53
53
53
53
53
53
458
55
59
727
1128
23
7
7
304
362
59
430
376
230
1376
42
75
1717
1780
18
849
1202
849
709
687
228
245
340
342
3
374
649
1297
1297
1297
668
614
814
1
46
3
7
8
8
8
8
995
542
7
6
52
52
52
52
51
2
51
51
50
2
50
50
35
3
38
246
692
483
1158
1158
426
1560
1
1
8
2
2
2
1571
0
0
0
0
3
45
45
502
1021
501
3
6
6
5
5
3
12
12
11
11
10
12
11
11
10
75
16
16
1108
91
90
90
90
89
89
4
94
3
2
384
27
435
435
36
0
3
415
415
415
415
415
8
36
582
332
1543
12
330
43
85
22
2
58
51
3
78
3
50
50
0
427
427
1682
2144
38
62
62
61
61
60
2
0
0
3
111
520
153
1
358
1012
520
486
191
1432
71
7
3
3
829
835
828
856
673
83
82
1
623
0
3
191
101
419
419
418
418
418
418
81
101
2
374
653
653
653
644
381
381
400
407
660
1656
482
482
1
29
2
3
6
156
80
73
503
17
156
2
2
2
2
685
119
469
80
20
56
245
833
920
1
30
1606
1606
1605
1604
10
1715
897
1715
1715
1715
0
764
870
16
1
15
16
1
16
1
16
1
3
16
1
15
12
8
6
16
6
2
81
927
272
272
272
152
443
152
152
272
152
272
152
14
14
3
156
864
1515
0
0
2356
2356
2356
2356
2356
890
212
78
17
2282
2282
2282
3
767
5
0
4
245
243
2393
168
324
324
324
324
324
0
0
4
2313
2313
2313
2313
2313
2313
524
166
12
12
12
692
21
3
43
43
3
2354
2354
2354
446
439
439
439
432
425
326
326
325
325
5
4
4
1
31
5
5
5
5
37
26
0
1653
3
1
690
690
66
11
1731
0
6
3
3
653
3
488
4
1
1
241
241
241
0
1077
1
4
4
2
1
282
156
59
517
517
321
573
517
517
10
0
0
452
73
73
24
363
0
2776
710
30
3
585
582
792
894
12
156
0
81
81
81
80
764
0
0
0
0
0
13
3
193
185
3
3
3
4
0
3
3
3
6
5
5
5
5
5
5
5
1264
3
0
903
36
13
4
1
1
1
2
29
78
34
154
3
3
320
320
324
528
1452
528
324
320
3
3
380
35
35
4
16
27
2209
2209
2209
0
5
6
999
258
3
4
4
3
40
4
318
318
0
1580
96
95
43
431
1
8
1
8
541
979
1059
3
281
0
16
1545
1545
1545
1545
1545
1544
0
89
0
30
0
61
1901
79
878
1
12
2301
1059
1
3
152
120
449
3
3
2
389
389
387
1
1
692
379
423
3
3
1
9
5
3
2
324
1
1
2
118
811
109
81
74
1975
1329
859
5
14
1256
20
121
1256
377
778
94
1603
97
0
81
209
23
1
6
927
4
16
4
836
0
0
2
1
1
0
0
752
3
6
1059
146
146
146
13
391
391
1025
344
0
37
37
37
37
37
4
3
4
3
3
79
2
10
1
163
135
135
1286
17
153
152
74
74
5
6
2635
1276
531
6
83
228
227
80
370
370
39
39
39
39
2210
3
1006
980
2
2
1172
23
1146
2
281
2327
2153
2327
2327
2327
542
542
1221
542
542
240
80
240
872
80
129
240
586
524
3
981
3
1
1821
1
115
113
112
10
9
373
842
3
3
8
1660
1660
1660
1660
1660
1128
726
41
0
1840
1840
1840
3
3
2856
3
3
3
1611
79
79
79
79
79
79
3
44
43
1879
283
0
12
4
3
3
3
3
1
1
1
14
124
139
132
55
13
15
1593
533
1778
764
2
102
4
370
0
10
1779
16
14
370
370
0
2
0
261
261
152
0
562
1076
149
1059
1059
139
1
0
4
1
3
181
4
626
235
3
1913
1633
2356
457
2
53
533
283
81
185
543
60
87
382
379
382
382
318
382
379
379
381
381
381
221
221
1790
1588
2614
0
0
1
0
11
10
21
1473
2227
946
1934
1901
0
941
1141
941
131
1225
79
0
32
2
4
14
14
318
5
398
80
1512
282
453
439
3
1
2
2
313
1782
1082
1018
772
1089
1292
409
779
1082
1444
209
1388
426
612
587
149
41
34
3
1793
54
638
427
1575
3
3
640
14
14
14
13
13
0
524
191
191
692
945
945
844
12
1
2
26
56
56
2
2
2
1
13
2
12
662
695
780
585
40
0
168
1101
1
6
18
18
18
18
18
784
288
953
288
2
2059
6
914
248
55
496
648
648
559
605
22
22
179
491
2209
2209
2209
2209
2209
61
420
66
764
156
396
0
32
23
0
1
40
59
0
0
1
94
13
13
13
12
2314
113
0
4
56
301
280
1
5
14
0
0
318
1725
1725
1725
1725
1725
1725
1725
1725
1725
1725
1725
1725
1725
1725
1294
17
17
17
17
17
17
17
15
853
1986
769
28
1014
80
70
72
73
70
72
65
1266
226
753
170
544
672
562
1010
1202
1226
0
18
18
59
442
16
277
277
562
12
2
321
2394
9
9
8
394
395
395
395
395
395
395
0
0
1
8
2041
22
1498
96
3
3
4
12
157
370
3
13
1535
1583
1535
1535
278
13
278
1535
1535
1535
1535
1535
1535
2
1256
0
639
1399
1399
1399
1721
17
79
79
2
94
662
1063
7
354
10
3
1883
281
292
292
289
289
289
289
289
289
286
286
286
185
179
1
1
299
0
0
1952
1952
102
47
1522
1516
1522
1532
1516
1522
1516
1509
674
1839
1839
1839
156
5
14
38
105
6
116
115
115
114
114
113
113
112
112
111
111
110
110
296
88
103
116
110
118
118
117
117
118
117
117
116
128
127
128
127
126
126
125
125
124
124
123
123
122
122
1086
79
187
187
187
571
370
164
1083
960
156
1808
394
394
394
1482
35
78
3
94
2039
53
8
8
7
7
6
6
5
5
5
4
459
459
459
459
459
459
459
459
459
459
459
459
741
1482
328
648
649
648
646
19
0
3
177
170
1
2302
2302
2302
2302
10
0
0
3
2
25
34
10
4
5
5
4
0
3
1012
1012
443
268
774
8
1607
1607
1607
1607
1570
2545
1588
1587
1
1
281
3
692
692
281
3
1
4
0
13
933
933
1440
322
660
660
660
660
83
227
80
228
465
133
133
89
4
2
2
2
3
1
7
1
1
2
1007
0
1067
771
1339
1207
782
866
1330
1782
700
1555
945
1185
877
497
1057
450
141
1045
1574
512
1244
1396
712
1380
156
609
530
1057
426
1030
445
674
434
244
404
1475
669
506
1104
543
262
3
392
375
315
836
1103
454
487
431
1012
197
241
116
163
655
457
850
670
227
806
450
40
6
1876
0
0
13
12
4
4
4
4
1
875
1
337
3
8
8
7
8
43
1
5
0
0
4
37
1
4
107
17
692
3
210
3
210
499
2294
2294
2294
2294
2294
64
64
64
64
26
692
14
3
13
13
12
12
11
11
10
10
9
8
9
8
7
139
139
139
530
310
152
8
156
94
1893
511
1516
325
2
0
213
111
273
1
30
2473
1
543
543
1283
1283
124
370
3152
10
3
3
5
94
281
47
2
118
40
16
13
10
103
547
3
156
740
280
51
2
3
224
11
236
201
201
1476
3
96
1303
1412
0
2
2
21
55
20
49
30
705
745
488
80
310
1547
792
1474
358
636
18
30
133
1390
2626
659
2
43
42
42
41
41
1106
586
500
1329
542
596
692
2298
4
3
3
84
84
38
2
10
4
3
1
1
1106
1865
3
3
2
1
517
156
3
116
0
0
0
0
0
0
0
0
1334
638
1395
1307
692
285
1305
502
1250
517
2
3
5
7
988
2456
823
823
692
1980
55
737
2023
6
6
6
217
217
248
176
223
140
764
913
6
2072
262
9
142
142
142
142
142
142
2066
3
1
41
1
11
436
11
436
8
57
99
99
57
59
10
59
19
19
686
949
2800
133
629
692
3
565
0
181
0
3
152
151
152
152
152
152
152
151
151
152
152
61
384
384
1656
3
3
3
3
47
635
17
17
217
764
1059
1059
3
2178
112
16
96
337
85
85
85
85
84
85
84
85
84
84
84
85
84
85
83
85
83
85
83
85
83
83
85
1
279
764
263
5
1108
2878
692
1530
79
5
14
642
642
642
642
642
642
642
642
642
663
753
272
629
629
628
628
0
10
91
41
692
370
36
3059
3059
1131
14
484
25
169
317
1
0
2239
2239
2239
2239
0
4
412
1177
412
6
59
2
14
0
10
4
81
74
176
1
1
1
2
9
203
692
562
1
0
457
196
196
958
1171
2729
428
2880
281
235
443
1
1
1
1
565
1
565
1
92
92
111
20
20
20
236
235
325
4
63
78
0
0
143
68
0
3
210
501
368
501
368
40
3
3
5
14
0
2098
2098
2330
2330
2330
43
45
0
2
12
5
3
627
141
3
0
22
1
0
0
0
8
0
3
6
7
1
18
14
1
18
14
1
18
14
1
1
693
45
87
277
692
692
1845
6
2
3
46
1693
3
0
27
27
3
1753
1903
7
544
751
739
739
462
739
751
739
1040
3
0
30
17
1334
370
57
49
430
5
0
652
955
58
83
82
752
180
42
365
2382
755
79
0
0
209
0
0
278
278
40
1653
2352
2352
4
4
374
3
239
1343
983
983
982
982
982
982
982
982
982
982
982
982
982
982
982
982
982
982
982
982
982
982
982
982
982
982
982
518
8
4
8
8
11
11
9
5
10
9
8
8
10
8
7
7
7
7
7
8
80
7
121
118
118
2209
2209
2209
2209
10
19
4
1
141
140
1
240
0
126
0
3
49
825
825
824
130
824
1212
1050
0
1
32
31
1
32
0
187
59
27
1
27
76
70
156
0
0
232
225
225
2
1688
33
1688
1688
1688
1688
1688
1688
11
12
6
7
8
8
7
6
7
7
7
7
8
6
7
6
6
6
8
11
12
6
7
8
7
6
7
7
7
7
6
8
7
6
6
6
5
5
14
12
1
0
6
6
79
79
86
93
93
100
107
114
121
128
135
17
0
22
2290
2
2
840
2466
2466
1603
1603
1603
1603
1346
660
660
660
9
90
3
0
537
370
1901
3
10
2304
2179
2239
341
341
544
955
341
341
82
94
2
0
5
3158
3239
370
1
197
2
4
102
102
1
271
340
35
42
139
5
2
189
231
210
276
276
276
276
276
276
276
276
1
113
113
2313
2313
2313
2313
2313
2313
2313
2313
265
264
2313
5
30
3
3
2
2
1
65
0
81
81
0
593
157
593
594
593
157
157
157
157
593
593
112
30
17
389
396
360
16
16
7
0
381
381
375
374
367
366
361
360
354
352
3
3
3
3
2
1
30
23
33
1
742
426
17
6
30
17
674
128
1382
674
1
748
2746
3
64
24
12
1536
13
12
622
614
614
2
10
272
14
130
507
1839
3
552
0
66
17
66
65
163
7
5
5
1
19
1
2
1
1
2
1
16
1440
1
1
42
42
41
337
825
277
277
336
2
1066
90
1323
861
1558
312
5
9
12
52
988
52
45
31
1006
1885
361
131
255
255
255
1375
0
2306
2306
12
2306
2306
2306
156
612
131
7
14
6
1978
1670
1670
825
775
320
1670
927
692
520
692
249
431
61
1
807
226
38
38
38
38
226
3
3
773
126
2013
1028
1021
487
3
4
0
19
8
1741
33
3
997
628
1000
1000
1000
645
310
198
19
4
0
30
26
26
25
25
24
24
23
23
22
22
315
384
1081
1
5
0
3
350
517
517
2626
539
2626
517
1
8
207
207
207
207
207
207
207
207
207
207
207
1324
140
69
227
83
80
228
3
285
92
2350
250
252
252
1062
1062
10
10
3
2
0
88
894
594
964
1531
599
1241
964
599
140
33
95
52
529
777
529
325
325
633
325
107
829
1114
309
345
113
777
1100
438
948
942
0
165
894
894
894
583
894
805
1452
894
894
122
450
1072
900
1072
900
894
516
2765
537
537
1743
1743
47
1
1
0
0
1305
1305
1305
1
706
43
156
3100
370
750
258
2
1334
276
276
276
276
275
275
275
275
274
274
274
274
276
274
276
274
274
2
1604
1604
1604
1604
537
0
1604
151
151
151
150
1604
1604
1604
1604
1604
1604
71
0
8
1
351
2160
1
325
362
3
692
6
3
3
3
3
3
3
5
3
70
63
56
3
764
0
2
73
0
805
495
3
247
351
108
2626
753
1148
532
828
2100
1284
1250
1137
5
8
58
28
4
3
3
3
1303
817
817
285
3
0
32
4
81
757
1
3
17
16
19
17
19
19
18
358
156
2478
2479
2479
2480
2480
7
1
1
1355
1355
0
0
524
524
524
524
781
692
3
17
1072
1072
1
1378
1686
1671
997
2187
1378
1379
1379
1378
1379
1379
1686
1671
719
1030
997
2187
911
997
2187
997
2187
997
2187
1378
1379
997
2187
1686
1671
997
997
1686
1671
997
997
997
997
2187
1686
577
1
100
34
27
20
13
16
373
3
788
735
735
528
528
735
1163
785
785
3
3
1197
1659
98
98
98
191
5
304
5
152
1
10
0
2
12
11
2
12
1
2304
982
0
45
1986
6
58
58
58
0
0
5
0
1398
34
1237
1237
770
0
14
253
253
517
517
14
737
15
14
14
14
13
59
59
59
60
24
2
3
295
7
2
2
2
3
1
1
2
1
1269
1269
6
38
1325
1325
3
26
530
58
1515
764
4
2
1
421
438
421
486
5
559
0
0
29
29
0
130
187
1420
0
152
1724
1589
1588
67
1588
1565
419
418
1
224
1565
28
1986
32
1
2479
1986
4
10
10
10
9
692
10
9
10
9
9
8
4
4
4
3
3
2
692
310
7
954
1
59
130
34
3
3
3
2
3
5
4
4
8
152
2
2
46
1595
40
33
1515
0
13
13
12
5
5
5
4
4
3
3
3
3
2
2
2
2
3
0
0
16
692
692
27
66
582
191
341
341
3
5
3
2
37
37
2
1
2
3
3
5
140
140
1079
61
61
4
1072
1079
1072
1072
1068
3
770
1
8
4
5
3
3
3
653
653
653
653
2338
639
384
3
93
3
348
2302
2302
1362
2302
2302
2302
2302
2302
2302
2302
2302
27
2462
40
2314
1257
3
2
8
0
1
3
1030
281
3
0
0
170
0
67
67
31
278
0
0
2
2
10
9
4
53
68
53
53
62
54
62
54
22
32
21
159
1025
22
67
841
756
487
610
487
774
408
1464
769
222
663
636
515
688
688
457
1262
1437
575
3
1201
1201
268
262
268
262
268
264
262
262
268
268
262
268
262
3
1145
42
1971
2
3
3
3
3
3
3
135
135
135
1108
1108
1101
1101
1094
1094
1087
8
188
188
117
16
60
59
2
9
40
9
13
23
5
3
4
68
1323
968
489
1
0
0
3
465
0
378
378
378
1
35
0
0
0
7
2
1159
8
3
1
2
4
1
1
1
1
1
1
1
2
1
1
2
37
46
34
37
15
46
3
13
58
1
4
40
6
14
1
13
558
455
455
536
543
375
179
470
963
470
11
470
470
375
26
1
1
1
1
109
6
6
4
3
454
117
117
116
117
117
46
2551
250
377
1881
1881
104
1
1
1
156
3
1
144
79
79
1178
2
281
990
334
334
334
334
334
6
421
0
1843
1146
1146
1146
1213
135
156
133
132
3
3
0
0
32
12
801
0
3
3
486
1
2
397
930
397
397
397
61
3
866
866
866
866
866
771
105
98
105
98
112
105
234
227
2464
764
1192
0
259
299
993
1
12
0
1024
1024
1427
1755
1382
1377
1380
54
308
1590
1587
1584
1583
1580
1579
1839
1839
1839
1839
1839
1839
1839
1839
1839
1839
1839
1839
1839
340
864
340
864
340
10
3
3
1
0
492
55
836
1118
1118
253
66
1118
1118
1118
1118
1118
1118
1118
1118
1118
1118
1118
1113
1113
1113
1113
1113
1113
1113
1113
1113
1113
1113
1113
1113
1113
1113
1113
1946
1946
76
1930
3
3
163
191
3
4
3
311
35
10
10
4
38
38
3
3
2
2
2
1
0
795
2
17
1
0
1
12
235
511
1237
2626
2
764
2469
731
936
1482
2626
2626
2626
19
0
1410
1410
104
635
3
18
3
394
3
2553
844
764
16
692
1092
526
0
764
692
2
702
1026
1251
1373
478
1055
1571
1196
1571
1196
702
1026
1010
889
702
354
353
702
887
4
0
41
34
475
1824
495
1882
1546
1882
156
30
3
2
796
586
586
3
156
692
0
776
1170
822
735
588
776
1133
28
28
88
545
545
545
545
28
5
7
1
323
30
17
38
80
17
4
197
2480
1119
1327
163
85
423
423
105
212
222
320
62
567
45
166
552
413
413
685
4
598
2
41
149
179
3
6
222
90
89
88
87
1
4
2005
46
130
58
44
62
58
57
692
58
9
6
289
1
518
58
156
13
824
49
43
429
429
764
97
1063
1063
1445
0
692
3
820
1738
1738
820
3
129
1000
1000
1000
1000
8
692
156
13
417
416
416
416
416
416
416
60
2248
4
4
0
268
76
78
8
2233
2233
2233
2233
2233
436
436
431
431
429
429
436
429
704
704
1256
153
1023
120
3
7
1
2242
2242
2242
2242
2242
2242
0
274
274
8
274
274
35
35
298
0
2003
35
2288
491
1185
853
853
26
320
14
3
6
7
85
85
85
932
276
2
1103
836
3
143
0
2
2
36
555
3
3
3
3
7
7
7
227
80
1
1591
1591
621
1
12
0
621
1469
1602
2399
2054
0
0
1
12
11
10
1
1
1
1
5
14
265
205
1069
1063
300
3
0
728
271
270
140
1082
1082
688
1053
2843
2843
943
265
653
269
269
269
269
0
82
82
82
107
149
300
300
423
238
238
238
152
7
178
6
3
3
7
3
410
2010
3
2288
491
2288
1655
1649
999
0
748
692
5
46
2288
3
165
566
0
445
445
445
233
101
220
220
220
213
205
54
54
2355
2355
2355
485
283
1041
307
307
11
156
156
281
692
692
517
660
491
58
1005
1005
1005
3
94
87
191
191
87
80
394
80
374
4
985
7
2
2
2
3
1
1
1
2
652
41
252
1059
602
1480
1059
0
3
1517
15
999
276
1427
1651
276
1427
276
24
2282
26
0
5
36
784
955
4
38
6
30
17
3
3
791
91
210
1
6
6
1
2437
1112
1
0
450
4
4
1581
3
3
341
600
58
0
1
1
1
1
1
0
32
32
1
18
0
1480
0
0
2357
2357
135
2
80
227
83
228
5
8
0
3
3
5
345
172
172
2181
1
4
44
1295
1843
1843
431
1841
1841
1841
1841
1841
1841
59
59
281
1
3
75
52
46
46
46
192
63
243
960
692
224
0
692
562
562
562
562
1845
1845
1845
1845
1845
3
415
280
379
3
1072
1072
1072
1072
1072
1072
3
3
210
5
8
4
3
3
1
1
0
0
0
796
63
63
62
62
61
61
60
60
59
59
37
1
3
19
19
19
3
1522
3
152
3
3
76
3
3
1682
1682
3
2
3
477
477
3
908
578
572
3
0
3
3
3
3
3
7
7
68
83
80
228
227
278
321
16
1776
1776
1776
1776
1776
1776
1776
214
113
113
111
111
110
110
109
1414
429
429
547
429
1042
1042
778
674
674
12
12
12
11
11
11
19
374
374
374
374
1789
1789
472
684
1830
1660
1066
16
16
58
524
524
1466
156
997
0
0
113
2519
2339
2339
2339
2339
2339
2339
2339
2339
2339
2339
2339
2339
2339
2339
2339
2339
2339
2339
2339
2339
123
1108
7
6
7
3
31
24
652
207
3
1051
23
2669
3
3
3
13
3
105
291
105
291
185
291
1237
702
302
1
12
7
27
7
1114
1114
345
2669
3
40
5
14
1
1
1
1901
79
0
500
986
81
272
203
2313
730
875
117
117
49
2253
1752
421
68
124
545
540
339
520
475
28
928
2
10
4
5
5
4
7
0
0
3
0
4
1
2
20
23
27
1
3
1
3
2
4
16
11
89
134
110
144
1
18
10
3
240
1
1
1
1
0
0
2
0
3
2275
2267
2267
692
325
107
3
2249
100
99
99
197
510
288
1688
405
4
1661
10
0
65
484
984
986
986
986
92
28
326
2179
2179
265
4
1
0
0
0
2
4
13
974
974
974
183
1668
1668
0
1355
1351
129
0
857
554
370
720
692
2
1205
1443
1205
1
1
10
1
1
2
1
140
230
230
229
229
229
228
40
2721
17
38
17
764
3
896
896
896
949
4
686
686
686
686
81
81
80
81
235
443
522
3
5
14
17
3
271
271
127
0
1
627
627
627
23
325
325
833
55
55
3
370
37
2218
2218
3
3
3
210
636
3
13
121
843
612
3
380
474
3
3
0
3
3
156
0
713
0
692
8
1656
0
1195
207
692
37
37
37
37
37
39
39
39
4
4
4
4
4
6
169
4
45
1841
1841
10
65
151
565
9
9
11
35
35
70
63
56
781
1
0
206
152
152
692
5
1839
5
37
3
884
1108
216
1878
1558
19
19
0
1881
11
12
7
7
6
13
23
0
16
0
0
1
33
965
575
575
653
0
191
394
55
354
354
354
354
354
353
352
352
94
94
80
999
999
999
999
960
960
212
1022
91
90
34
0
3
3
2
2
1
1174
1173
1172
1171
3
3
478
477
476
172
166
166
152
152
700
41
1171
1171
5
191
191
40
81
191
880
1059
1
1156
1153
16
509
152
24
3
1715
2
7
7
2
2
2
3
1
3
94
3
3
1
2
2
0
156
692
2313
2313
2313
2313
2313
0
323
3
0
5
2287
618
9
63
0
657
1371
2461
1272
441
734
4
690
690
488
1841
1841
45
1
972
167
114
599
692
6
638
950
235
1969
487
4
4
487
4
3
2
68
58
788
68
68
11
11
11
11
2357
2357
2357
2357
1236
0
4
227
80
83
228
1362
1362
1362
2379
860
177
177
177
151
66
811
427
354
2
2098
1945
168
507
17
0
916
916
916
86
3
0
108
1730
128
128
1620
1620
1620
1620
1620
1620
1620
1620
1620
140
126
2
2
7
6
4
681
542
1432
1433
8
140
137
2351
1025
2351
22
142
36
0
0
1602
592
3
592
361
592
592
592
136
3
1131
0
887
264
1
2
7
2
1
2
3
1
1
2
22
25
36
8
36
16
0
4
184
175
117
4
240
509
5
692
156
509
556
556
556
1425
666
2
55
0
30
17
1
3
3
32
7
7
12
12
11
11
10
10
9
8
8
7
7
6
6
5
1
2
359
954
13
13
11
4
876
593
615
966
15
381
742
875
875
875
869
869
742
591
1220
38
10
80
592
72
197
1
102
5
65
30
27
3
3
3
8
2
2
3
626
969
10
10
9
9
18
9
198
849
1069
1069
849
347
1166
1165
1152
1166
1152
1152
1165
144
368
361
247
419
265
526
583
1930
1348
1036
1036
2893
1013
2098
441
19
1921
1921
2521
2521
2521
2341
2341
2341
2338
2338
2338
2338
2338
2338
2338
2338
2098
2098
2098
53
27
370
1108
38
7
1133
511
533
773
773
773
460
1
374
3
869
2393
692
4
71
1903
231
764
3
3
3
185
185
185
184
184
183
308
3
0
1
488
220
0
2564
2564
784
2564
1743
14
13
13
12
3
856
723
622
123
1
52
41
0
1390
1390
31
9
9
53
53
53
53
53
53
53
53
53
53
53
53
53
53
53
53
53
53
53
53
2253
1
58
3
1507
1507
0
324
324
324
324
324
441
9
10
10
1640
773
176
322
248
624
1368
1438
11
428
2
5
3
10
1072
44
82
84
90
1
3
152
75
1
3
3
1
3
3
1
4
33
33
2653
1060
1
98
36
1819
1813
1813
1806
1805
2
692
85
2
12
379
169
170
2659
3
3
1
0
0
12
7
7
6
6
5
5
3
370
3
14
1841
4
387
53
40
38
38
38
7
2
3
2
1
2
1
2
1
1
7
2
3
2
2
2
1
1
1926
3499
1950
921
1117
2359
0
3
7
1
152
2
68
68
1
69
69
68
268
366
361
359
354
228
352
347
345
340
338
42
76
48
48
49
42
70
70
69
69
63
354
108
46
1
65
77
1
31
49
7
7
0
4
692
281
6
281
1956
1956
1956
568
896
344
1956
1956
568
2214
362
362
692
3
3
3
2
2
263
217
138
263
217
81
1525
2245
9
472
472
472
472
470
46
20
715
1316
1052
715
1640
1316
764
764
519
107
519
104
37
37
932
315
1634
1723
1723
1723
1694
1723
1723
6
20
274
101
20
274
101
20
274
101
0
1104
1383
1107
88
88
88
9
1
613
0
0
38
0
807
91
4
3
2
59
0
1
3
23
3
866
200
1203
1034
770
392
1017
895
234
1863
32
22
35
77
77
38
24
692
5
1
12
143
2
3
8
3
5
3
4
3
1842
3
4
144
2281
734
2281
181
956
1087
406
406
64
63
63
63
62
62
62
61
61
395
1080
1080
2
1620
2
5
5
4
4
208
358
208
208
208
1833
378
378
105
104
247
3
281
17
6
156
3
53
2301
2306
1656
10
627
627
764
281
80
17
17
6
845
968
3
0
0
0
16
0
0
2
934
210
0
29
29
82
17
897
1646
15
835
835
880
880
880
14
3
480
3
0
0
12
3
1198
1198
104
104
325
24
1045
1045
1045
1
3
210
3
3
4
3
33
1
22
22
22
22
681
3
3
6
156
146
146
146
146
146
143
88
88
88
88
1
698
402
1680
1492
6
157
0
692
2828
3
2
0
764
3
1222
1835
423
3
352
3
3
0
455
1046
0
1677
1677
3
6
3
5
153
153
139
2530
782
729
14
1484
10
9
9
3
3
3
2
2
2
770
359
370
364
0
0
0
2252
467
0
1137
1137
1137
1137
1137
1137
1137
1137
1137
1137
2
3
140
140
139
139
138
138
137
137
138
137
137
136
136
135
134
1477
390
578
621
58
1303
434
8
8
4
8
8
11
11
9
10
9
8
10
8
8
7
7
7
7
7
5
474
906
0
42
42
41
41
40
40
44
3
58
375
156
73
422
2
0
1
1
457
1505
563
1980
151
145
837
75
1059
1517
1517
1517
1517
1517
592
260
1
1
469
5
0
32
0
0
0
809
2
28
1
1
674
370
37
3
156
281
450
414
6
281
3
457
1032
1188
10
396
395
389
387
381
381
0
2
12
41
41
32
0
3
77
1000
1287
1281
1281
1280
1274
1273
703
708
702
3
520
520
0
374
372
593
593
12
387
42
37
42
37
1291
1362
1362
764
305
451
126
230
8
785
3
38
7
206
682
1213
993
682
1213
1213
682
682
1134
1220
95
3
692
4
264
493
3
6
30
38
2196
548
622
3
0
2
156
6
73
1
13
506
14
13
2
0
281
933
7
933
933
933
933
933
933
933
933
933
933
933
933
933
933
933
933
933
52
52
3
1685
4
0
384
452
281
0
17
80
2
0
11
24
2313
1
4
1
41
5
9
1
22
202
3
1017
3
3
953
930
754
953
953
953
0
930
754
930
2215
953
953
2215
953
953
3
615
601
10
156
354
507
506
1195
1194
1919
1919
232
1027
28
592
591
1109
28
2
28
2
28
592
587
28
592
1264
587
606
587
537
0
14
14
141
352
1454
4
16
94
152
730
730
104
1
13
58
334
278
244
1251
28
524
524
1055
2021
1267
1706
370
387
2
37
8
5
4
3
3
3
2
3
5
37
4
764
6
6
80
281
73
156
115
129
114
113
113
112
112
51
0
7
2
2
1
2
3
1
1
2
38
2092
76
80
4
2
6
1
0
1300
1378
557
160
291
105
1482
84
34
370
3
1174
221
11
53
81
0
446
11
0
1
2065
179
83
170
17
17
1223
176
176
616
616
1969
182
116
116
4
458
0
0
3
1303
180
180
179
179
545
672
654
654
1082
657
908
909
2476
2409
2409
679
805
693
337
309
894
1152
1152
1152
1140
1118
2964
654
0
1
381
79
1644
1265
786
636
1341
538
1436
1571
789
1464
789
1022
79
834
1575
1644
1265
786
987
602
559
460
1900
3
3
3
3
58
3
3
79
8
2
78
1660
1184
7
0
1108
844
1
3
3
1302
1408
0
20
20
776
26
1446
1470
1470
1446
0
140
140
140
140
2
2
7
2
3
1
2
1
1
0
281
594
692
0
238
1193
453
379
703
703
78
0
0
5
14
0
0
0
37
1333
389
1333
389
1333
389
82
37
1954
37
593
1000
1000
1000
1000
1000
1000
1
2
2
82
3
433
327
811
581
213
594
487
822
1426
847
325
325
1371
2801
2710
593
687
1433
608
464
445
705
1025
742
560
560
30
3
864
864
1
37
37
98
139
1946
1946
1946
3
1329
0
0
526
138
277
278
277
278
278
278
278
278
1154
191
272
98
3
3
17
8
1496
1742
1742
1741
1171
1171
1153
1153
1143
1143
1136
30
29
29
29
28
28
27
27
27
36
27
26
0
58
3
1766
1766
1766
1766
3
3
529
2310
1
1988
1988
370
152
3
12
3
170
163
454
169
1
207
47
1
11
665
727
730
71
281
156
1236
1172
999
3
410
1
446
0
1125
2280
93
318
59
17
495
0
132
4
2
385
169
702
52
40
120
403
6
3
460
488
261
17
2
1
619
579
372
266
2
1025
2137
245
692
3
3
338
177
282
31
9
728
591
702
702
702
702
1
578
571
571
571
557
550
543
528
521
508
501
494
1156
1156
1156
0
750
5
581
581
581
581
0
0
497
3
3
9
1
2606
2606
2606
0
42
3
692
35
3
1051
1981
0
12
692
692
0
107
3
51
3
11
11
911
692
276
276
276
276
276
276
1946
251
472
3
210
3
52
45
52
1901
0
618
786
513
88
158
6
101
3
116
1
909
909
215
125
12
225
2338
2338
2338
2338
2338
2338
2338
2338
2338
2338
2338
2338
2468
692
23
324
23
84
23
181
692
2
575
575
575
2
34
2059
0
127
110
1438
42
402
141
141
141
141
141
3
262
262
96
3
692
3
94
517
340
14
697
300
350
7
294
287
2259
12
12
12
12
12
1508
0
4
142
3
1
2
2
0
119
3
0
309
950
950
1226
479
438
438
438
0
1
1
14
12
122
3
3
33
21
140
1354
1354
1354
1354
1354
4
1
8
70
1
4
0
0
164
281
733
38
281
17
30
764
38
80
3
17
156
80
6
9
370
1108
750
753
1779
1779
1779
1779
1779
1779
1779
1779
1779
1779
1779
1779
1779
41
429
0
13
1919
3
3
2
156
7
2
2
3
2
1
1
1
2
1947
1947
1947
1947
1947
23
3
3
4
4
323
80
323
0
1
328
2
825
1061
2483
3
1
2333
73
2023
2023
2023
193
6
146
146
5
3
3
4
930
930
930
930
930
930
930
930
930
930
930
873
930
930
930
930
930
930
13
13
13
13
429
5
5
9
2628
2
552
923
2
2
2
1031
1217
1217
1217
1217
1217
1217
1217
1217
1217
1217
1217
1217
1217
1217
614
641
1377
1127
3
213
0
2301
386
139
0
2
0
0
80
70
70
15
15
15
15
173
33
103
101
12
12
123
105
101
2765
648
11
185
1837
3
2
7
7
3
38
3
281
6
6
17
38
17
38
3
3
3
66
3
1747
1747
1482
1747
35
5
0
4
0
5
737
3
312
3
210
1079
210
3
1079
3
636
195
832
900
1158
861
445
17
304
2
366
1046
3
820
3
48
48
1221
0
207
4
3
1067
1067
1725
1067
107
47
3
745
122
8
8
1083
9
11
12
239
188
188
391
240
284
0
312
1086
0
1
20
1006
109
1220
216
755
965
30
128
31
0
801
800
861
16
0
666
1430
1430
1430
416
416
4
457
1
4
3
2
2
1352
2
0
8
1943
1027
1027
1
653
653
653
0
162
2
3
1
1004
20
801
185
2332
3
353
5
6
6
6
11
7
8
12
8
6
7
7
7
7
8
7
6
6
146
146
146
0
10
2
2
11
257
1403
1424
1424
257
1251
50
50
124
449
398
5
1472
27
21
21
3
3
2
277
38
30
379
692
764
171
539
80
227
228
83
374
361
551
551
187
3
721
3
0
587
53
180
1059
96
7
41
193
549
492
837
398
565
156
737
881
663
900
633
549
492
463
895
132
132
16
16
15
401
401
401
230
364
136
46
370
750
1397
38
109
49
3
379
3
236
287
2282
0
3
1302
913
972
2
806
800
800
4
2
298
340
374
333
0
3
14
1081
5
3
3
2
37
3
1324
0
768
160
1688
562
269
301
511
562
1530
945
945
945
945
944
277
972
913
261
913
1202
1688
621
913
1688
945
2
0
78
58
3
0
1
0
1000
981
1000
1000
58
2
611
466
10
3
1890
1890
1890
1890
3
0
4
5
8
3
3
1590
58
446
5
10
27
151
728
1945
2352
2241
1891
1891
1891
1891
1339
175
74
80
74
1482
902
7
21
15
8
14
1
257
783
106
1
3
3
3
913
914
2
3
33
75
75
177
58
33
2194
343
4
819
749
555
47
0
1776
1777
1777
1776
1776
88
739
17
97
97
97
98
573
572
58
58
157
141
143
13
312
746
25
0
75
35
0
332
4
1
32
47
0
463
462
4
1
1
1
1
1
360
47
47
462
302
302
295
294
42
42
41
41
424
1
418
797
792
255
0
476
753
3
379
37
37
37
37
37
156
210
354
16
9
265
265
2060
191
1049
339
927
331
763
15
95
84
83
83
83
83
82
76
82
82
77
2106
2106
2106
2106
2106
2106
2106
2106
621
2106
2106
2106
2106
2106
2106
2106
2106
2106
2106
2106
2106
2106
2106
2106
2106
2106
2106
2106
2106
2106
2106
2106
2106
1221
1973
1334
1153
1146
83
1
1268
1268
0
465
464
461
460
461
460
459
3
880
154
7
286
286
286
286
2
33
48
1
281
240
261
80
281
10
1089
6
17
38
17
445
0
1202
71
71
343
432
10
10
9
9
8
8
7
7
6
6
5
5
4
4
3
12
10
191
583
692
659
8
3
101
7
94
1426
1
2
2
1517
0
0
475
45
2
131
2
2314
0
166
101
94
87
80
3
104
3
8
8
284
51
37
23
9
31
24
17
10
3
0
1
2
1
1203
1203
6
745
439
1
2
4
4
0
370
627
1001
2662
2662
174
2662
384
768
424
19
2661
2004
354
3
915
2662
382
26
1262
1262
2057
4
3
184
1031
620
509
0
46
370
3
10
1143
1143
4
596
156
156
1000
1000
1000
1000
17
6
69
100
93
423
169
8
8
8
4
933
933
933
933
577
897
897
897
897
79
0
3
2
744
2
2294
1
32
4
4
5
5
4
10
2300
2300
85
83
1226
883
1226
2
1
356
657
538
166
171
657
538
1
303
14
14
14
180
182
166
57
239
299
506
2
788
1568
0
164
2433
238
238
55
55
55
272
9
84
84
84
84
84
84
84
84
84
84
84
987
0
12
12
12
12
12
12
12
12
12
12
12
12
12
2
2
2
43
39
30
23
15
11
6
3
39
30
23
15
2
2
2
1305
2
2
5
10
45
236
326
326
326
2
9
2
16
2
120
114
120
114
4
997
1426
642
64
1305
1356
1
152
508
507
506
38
1946
1946
4
460
459
736
736
736
0
2667
2570
632
2667
2570
652
632
857
916
909
902
0
220
1
0
1
2182
1
487
0
1
22
0
1
1
1
105
0
763
9
3
3
347
1
749
861
108
107
107
106
106
106
63
7
55
49
447
447
447
447
447
447
447
447
686
2432
643
643
464
464
464
464
318
53
464
464
464
318
318
516
499
464
464
464
464
318
318
311
304
300
22
370
3
1252
379
337
10
2290
2290
2919
2290
2919
2290
2290
2290
4
1782
692
131
2
38
3
17
839
1027
207
111
109
107
104
98
82
5
905
0
0
285
28
1
54
54
301
301
185
301
178
190
479
176
169
169
169
155
155
155
147
141
601
8
8
419
38
261
17
9
34
0
32
2
1
2
2
1
81
86
81
77
81
1
1
1
11
1
56
6
37
0
1620
1620
1
1534
306
306
590
221
19
19
692
674
880
674
1382
13
3
320
1940
1612
3
2
467
3
7
3
3
3
3
3
53
46
32
25
18
0
46
692
692
692
4
12
58
108
58
1256
1256
1294
567
521
381
248
173
588
586
0
2
12
0
2
193
129
0
0
550
3
3
0
0
7
507
507
2282
0
3
764
2
1
309
2
3
2
40
0
2282
2282
84
83
83
83
0
0
28
38
15
712
710
710
710
1281
18
18
0
196
1148
0
370
266
6
5
5
3
0
764
397
141
397
397
397
397
394
374
374
374
374
374
374
374
374
374
374
374
374
374
374
374
374
372
374
374
374
303
303
303
303
303
303
303
17
6
17
1088
137
1513
2
3
4
469
268
0
200
200
1245
1512
31
2
131
125
3
66
24
1171
1062
1171
1171
1171
1171
1171
1171
1171
0
2365
915
4
73
17
2
3
13
40
98
40
187
265
356
442
441
441
269
3
3
1
441
201
2
384
1040
79
200
200
200
200
768
768
768
768
768
768
1856
1856
1
102
102
3
58
94
30
6
17
21
21
20
2
2561
6
12
18
18
85
85
84
84
83
3
402
3
3
13
13
13
13
13
8
95
7
7
3
124
124
124
2410
284
1581
1581
1581
1581
1581
1581
1581
1580
1580
1580
3
764
3
482
325
482
1586
1585
29
64
3
584
107
568
290
1652
501
692
1059
17
12
814
807
814
37
3
421
421
394
394
394
1452
715
1482
2626
1660
1452
1452
80
80
54
337
1980
285
1097
1097
265
5
94
324
705
66
2144
5
255
563
554
1191
1198
1191
1198
13
34
33
33
29
28
28
34
39
39
39
38
39
38
38
39
38
39
38
28
332
332
4
1
26
26
1
12
12
4
0
61
76
70
311
224
1772
1
302
295
462
8
7
2450
2451
988
837
0
1
1
22
52
474
17
16
16
15
14
7
104
93
3
0
3
20
3
0
3
1046
1046
233
24
1079
3036
1388
1388
1113
1090
1090
22
3
30
3
37
5
3
2
1247
897
897
897
26
35
35
64
8
17
907
907
865
908
1
0
942
83
228
80
227
36
63
49
692
19
9
0
695
693
1787
693
2096
2096
823
908
2096
2096
1513
685
2101
1
375
3
39
38
1087
1080
379
10
9
12
12
962
40
14
775
775
10
2
931
931
931
931
995
995
995
995
956
295
1064
1
0
7
147
1
2
10
212
3
12
0
618
578
128
122
390
390
91
0
0
3
1
85
3
1
1528
1479
1012
193
1
523
515
505
515
506
505
505
163
999
999
1
10
0
49
8
8
8
3
691
56
3
3
22
13
6
17
17
4
8
4
3
3
5
19
7
7
1039
5
153
3
17
281
30
0
1
138
1
929
1997
530
486
626
626
45
562
45
112
0
525
0
4
2301
2301
2301
2301
2301
2301
2094
620
2001
1250
2720
620
390
620
58
394
45
45
45
45
52
848
52
52
620
2626
487
374
375
281
80
1
11
12
1
11
1
11
1
11
40
40
39
39
38
38
3
1158
2
533
533
12
11
1327
0
1535
1535
1535
1535
1535
1535
1535
28
814
1403
1077
5
3
8
8
5
1283
7
320
227
94
37
28
21
140
3
692
951
19
156
480
480
480
480
480
0
28
32
1
58
11
137
137
136
136
135
1
8
1
0
1
289
285
289
285
70
69
69
68
278
3
1290
1158
370
370
331
1278
599
1278
599
376
880
14
1381
0
0
0
341
2
56
49
0
3
3
0
0
53
53
1
3
3
3
3
692
764
0
157
157
303
157
3
3
3
3
5
2
1594
417
2301
79
79
79
193
14
10
2013
1004
3
8
4
586
0
533
533
205
911
1549
2
712
711
3
778
56
14
63
40
0
3
3
3
3
3
3
3
3
3
3
3
3
3
2
748
748
685
649
599
536
530
530
523
522
1856
353
1378
1371
46
479
11
1584
1584
1591
1590
1590
1590
1590
1590
1590
1590
1590
1590
1586
1586
1586
1586
1586
1586
1586
1586
1586
1586
1586
1586
1586
1586
1585
1585
1585
2222
4
388
388
2002
43
306
306
306
1800
1800
1800
1800
66
59
52
1800
1800
1800
1919
536
1966
188
5
68
1119
51
51
0
81
378
1556
1052
1382
536
1382
1047
1572
1
1821
1
1
104
3
1099
153
6
1
1
1
1
1
122
1108
0
143
87
0
0
1701
29
150
1903
311
6
598
21
473
473
1291
1361
152
248
3
3
2
484
484
484
884
1027
484
387
200
3
75
879
835
658
660
770
1042
582
1130
569
661
879
770
1042
442
619
422
472
514
424
661
321
322
1
452
281
40
345
1
1
22
1
99
1843
1843
0
385
93
101
2255
1000
1000
109
109
107
107
78
78
78
77
77
76
76
75
75
75
441
626
3
14
305
152
0
3
108
3
9
547
168
161
154
869
59
17
42
