15
47
452
562
104
2029
1289
1289
44
2
561
144
1917
251
116
459
6
6
6
6
6
6
6
6
6
6
6
6
6
6
6
6
6
6
6
6
6
6
6
6
6
6
6
6
6
6
6
6
6
6
6
6
6
6
6
6
6
6
6
6
6
853
1008
793
97
624
905
357
1
34
805
0
535
968
42
1846
955
34
24
1875
96
396
802
385
1
863
15
8
0
63
4
1969
294
894
148
148
746
1038
1314
1467
0
695
262
2700
471
2
2
1047
1236
2352
127
81
2
1800
471
16
6
1928
932
2202
46
111
1756
1756
2629
45
1
3
0
1291
1
25
452
45
2459
1
1
55
1
194
84
0
12
0
254
257
257
4
10
3
3
44
1
966
19
3
103
534
95
6
9
2
20
6
20
33
284
33
6
9
284
12
176
281
2305
2059
2059
2059
2059
2059
2058
823
823
2288
21
1
42
2
8
8
8
64
33
3
1259
1275
1258
10
9
9
9
8
8
2
0
238
3
8
1781
520
83
3
3
1
1720
3
2
428
1145
1659
5
77
119
171
9
1
1
2360
45
3
1
17
1476
2
1
41
9
91
1484
91
1
56
55
1
21
1
21
1
181
78
1
1
0
1
2317
1071
6
6
6
6
6
6
6
6
6
6
6
6
6
6
6
6
1250
2144
2144
432
432
820
8
1067
103
22
1868
1200
274
1
2
1
1
2
1
1
16
30
0
3
20
19
1
2458
0
155
2470
2548
1095
1102
257
191
190
1
2
0
5
1
2
1
14
572
572
571
569
567
567
565
565
564
564
561
572
544
543
537
532
474
473
471
320
317
201
197
188
243
240
236
235
233
3
1598
30
98
2
1
35
97
1
1393
1932
1393
754
754
662
0
176
176
500
176
641
599
507
536
340
393
221
214
1
2
111
1282
2
16
16
15
14
8
8
972
1
1586
40
23
3
48
327
1303
2252
155
130
1
34
243
2
16
65
6
246
190
455
455
40
0
45
984
25
7
164
1311
1
567
663
37
173
1008
4
3
3
1023
3
324
449
279
695
1118
1475
1
149
203
2242
2206
1
3
1233
1303
107
99
91
85
79
71
5
5
333
416
4
1117
8
1728
1
2700
587
1
567
1082
684
42
1673
1
1954
16
2
2
1
61
1195
414
1233
2
0
20
34
1519
1
1345
2
3
6
0
695
54
10
3
2
77
1
1
1
9
1961
34
45
349
272
2
6
1
1
1
7
142
1539
531
284
1
9
2354
35
6
2
425
0
60
431
1
3
76
169
1665
1644
8
128
334
1902
1017
1
155
1781
1572
1
589
630
2
152
1
1
2204
519
5
3
0
897
897
12
3456
1
1467
457
1218
11
1162
1957
5
0
50
50
2
1
85
1463
2
1
1683
1983
2317
1504
3
1163
1163
1163
125
54
190
11
76
77
76
76
1023
656
21
1518
1
35
2
239
315
5
2
1045
695
105
119
105
119
432
432
28
1513
946
1107
307
2870
6
6
3
1
382
1342
1063
1342
1015
1063
536
536
1
538
9
1
1
1288
352
352
169
0
4
327
63
63
21
735
735
1
0
2
14
1
17
1
2
1551
1
305
180
108
1336
20
33
6
45
10
2006
15
6
576
1406
409
10
15
309
109
862
1042
1
3
1
1163
1
84
2212
2
458
0
34
1819
4
248
85
427
8
1
97
36
34
36
34
2
1
504
1284
1
3
1064
87
84
257
270
324
199
695
688
665
688
1594
695
33
33
33
33
33
33
33
33
153
91
485
485
5
2
2
614
253
1
146
0
18
1090
111
239
16
1066
1071
0
1300
1300
1300
1300
1300
1483
1300
1483
925
1
45
1394
28
28
27
27
26
7
880
966
2
133
20
41
9
41
176
175
175
169
168
164
136
121
164
164
163
0
6
820
409
395
1
1983
922
1232
62
473
1703
277
1
1
1
1
1505
45
62
62
689
2
14
1
93
17
17
17
1
1
91
121
1
96
0
2
12
956
2
754
91
2006
1191
1
4
1
4
1
1
1770
655
585
6
1006
2317
2
23
9
1466
1
870
84
1
1
1
695
2
52
3
339
21
281
2
7
3
971
3
57
533
37
413
309
2278
1392
1593
1580
581
27
1467
271
181
1
695
14
39
856
477
390
440
2
126
356
0
1494
836
0
6
1456
382
2217
330
873
431
702
897
272
271
265
264
20
1362
597
238
1614
1
21
414
947
926
22
2
2
2
47
47
2
1842
1842
1842
1842
1842
1842
1842
987
817
1371
1432
1587
1661
887
656
2566
160
2
805
373
1680
48
1
4
1
1
133
772
415
984
6
54
54
152
15
1922
468
238
1
814
1
77
65
2
241
41
461
461
898
2
1935
2
858
1532
2
2
43
2671
48
121
292
1720
1720
1720
3
656
305
238
0
448
9
20
1846
371
343
677
2
2086
9
1063
1062
1061
8
0
77
0
84
1
1733
938
3
1185
1185
1185
1185
321
155
48
126
132
100
93
190
100
0
588
432
4
263
284
5
13
6
10
2355
2303
2303
2303
2
2
2
16
6
0
0
0
0
753
327
327
29
34
0
15
6
626
20
1599
2
9
83
2038
2897
133
121
154
155
154
369
1
1422
29
41
1
74
2
213
0
1822
0
311
311
69
325
1
0
167
0
656
155
155
656
656
22
528
521
514
507
102
6
1
703
4
22
22
0
350
0
53
6
2
0
12
1
209
2
2091
2
1846
7
2
1053
2
3
789
504
1
1
1
1764
2
2
0
1232
903
746
1038
148
1283
1717
12
0
110
1499
41
6
15
8
9
2
2
81
547
50
4
1
6
113
0
88
3
13
772
1950
3
1
1
0
2
1125
1125
12
12
13
86
230
83
231
88
455
289
455
0
2398
1
1093
535
1401
2411
2117
2423
652
1
0
68
108
36
9
0
2351
1734
1
41
343
329
329
839
539
514
0
188
292
14
1
1842
0
180
236
1406
0
6
6
6
6
6
6
6
6
6
6
370
600
1062
0
2213
81
1855
811
76
2351
877
870
863
856
849
2
176
17
190
0
872
95
639
140
1297
116
1620
529
1681
128
3
291
548
1608
110
2
1163
384
767
7
1
736
736
14
9
20
126
1
1
1
566
566
607
1111
451
930
306
1074
2
3
2
4
4
5
5
6
6
8
9
392
1246
473
965
469
1647
1
15
4
81
3
586
1925
858
48
27
256
0
5
1
9
9
3
2
0
10
198
204
230
97
1
1357
1
0
0
178
461
2
6
20
376
1
8
0
323
499
687
6
166
202
143
687
288
6
387
2
2212
64
1051
1051
11
10
10
16
62
1275
264
930
2333
2333
2333
23
16
1
1
1
126
3
14
41
399
12
1461
856
3
97
3
9
15
68
2
603
602
1
1
187
1
453
7
8
7
6
7
6
6
5
5
2
2317
695
1858
0
0
917
1590
1527
22
1
923
1922
1922
1922
517
1922
1922
1922
1922
1922
15
1
6
2
210
203
216
230
3
52
4
2
2
15
8
1636
1803
1127
1127
1127
1127
1127
1
2
43
36
13
1
277
2
97
819
418
2333
2303
6
2
6
9
41
20
20
83
83
20
284
732
2597
10
126
16
584
133
191
547
0
1
2
16
16
5
436
107
105
357
41
2
134
8
2251
1
6
6
6
1
0
88
15
695
1393
817
0
119
105
105
119
1
965
7
91
45
45
2
2
1
1
1
1
648
58
87
28
33
42
2
0
19
2355
6
33
1123
1123
1007
117
17
274
492
236
546
453
1
1556
237
113
0
108
0
655
65
460
0
3
2
1
753
385
385
155
6
6
1
2
1606
1020
909
909
9
8
8
3
2
19
2
169
2
13
1941
753
373
15
15
15
695
61
1025
7
72
1
1267
1267
2184
82
777
591
190
6
1538
96
490
1071
2036
799
1
2449
2449
1746
0
6
0
1547
1
1591
3
331
3
2
2
2
744
813
1532
2227
37
8
1
8
31
101
0
214
211
210
96
8
579
796
8
695
410
10
0
51
1
1974
1
34
1
0
855
1
1
703
2
1579
197
508
17
1464
3
5
1
2
2
681
3
695
25
25
434
1214
214
1153
1
1
614
97
1
98
64
1
103
103
1
10
1
1589
1
2
2
86
239
108
896
439
310
84
9
6
1
98
94
268
321
383
12
2
0
1278
4
93
2692
1
2
113
135
159
159
382
3
267
448
6
33
33
33
256
38
249
249
242
5
14
176
771
149
3014
1979
1502
149
168
154
145
1086
1849
492
662
1381
1346
1586
877
117
2
1
1
29
238
6
65
70
248
633
70
2
1
1
1
1
1
1
1
0
1
11
0
0
1
6
1
2
2
2
1
479
1002
44
9
9
2
174
1
1
35
1
2
8
8
15
546
2288
2288
15
15
665
556
0
1
1
1
1
0
632
760
632
525
454
1108
70
0
695
0
42
254
0
40
9
284
2
2016
2280
2016
2016
2016
2016
2016
2016
2016
2016
2016
2016
2016
2016
2016
2016
2016
2016
2016
2016
2016
2016
2016
2280
2280
2280
2280
2280
2280
2280
2280
2280
2280
2280
2280
2280
2280
2280
2280
0
10
62
541
6
91
2
1
10
10
9
9
2
2
2
1
0
0
9
9
2323
107
2
0
107
0
107
0
3
2
2316
695
1843
725
1659
474
785
7
1
1622
1445
482
372
1
923
524
2
7
932
1707
123
1343
83
2212
2212
2212
2212
2212
2212
17
17
16
16
86
230
83
231
2598
1125
60
134
1
2
16
1
848
848
923
1042
1042
1042
1042
3
8
8
3
3
208
85
0
20
6
20
9
570
695
1476
1
1
209
695
72
71
71
72
71
71
2556
2556
2556
2556
2556
2554
2554
2556
2556
2556
2556
2554
2556
2556
2554
2556
2556
2556
2556
2556
2556
2556
2556
2556
2556
2556
2556
2556
1767
2556
2556
2556
2556
0
810
229
41
41
41
41
229
381
1
303
1
104
47
1
2
210
1855
212
3
3
1
78
386
386
986
504
1171
6
6
5
1
6
572
1780
3
2
1
1
1
382
41
0
1072
239
969
45
40
518
518
518
518
518
518
2
121
0
14
14
3
14
13
14
13
2
0
20
20
35
3
3
2
313
313
614
614
614
777
0
0
20
0
225
306
306
306
1191
683
835
868
683
982
6
134
0
0
104
695
1
916
1608
1608
1608
947
948
1623
1623
1621
1622
1621
1623
1621
1623
916
916
916
2
2
1198
2
1
33
88
352
2
8
5
8
2
8
2
2
2
6
0
62
284
692
2
2
6
415
153
83
1660
153
83
415
461
402
394
394
394
659
111
71
616
523
2
2
1
1
0
170
184
465
10
426
510
474
142
25
1849
1849
1848
1848
1848
1848
1848
1848
5
1
2
2
2
2
2
59
4
0
17
810
229
41
41
41
41
229
8
8
3
3
3
531
2221
2
62
60
36
15
2042
9
30
0
175
206
103
1074
54
0
2311
256
1
2
695
9
43
44
56
45
44
777
20
6
1
527
527
527
527
527
64
64
20
1
2430
33
83
832
832
0
915
1
1
87
87
134
1842
1
1
1
3
14
1
7
1146
1146
1146
1146
1145
1144
1144
1143
1143
26
26
26
26
26
26
38
4
695
674
540
3
93
743
0
1
1
1777
1439
235
84
6
357
15
14
10
10
0
8
742
0
171
649
1785
632
1785
0
342
1
0
2598
2445
2900
1598
12
695
1659
621
48
48
48
48
1
1640
559
0
2
155
154
154
154
1
1
0
578
617
10
199
366
918
0
1
129
115
122
136
1013
1047
1211
459
452
452
1204
459
452
1211
1583
26
28
90
89
146
1659
1844
1844
1844
143
1
19
88
1472
34
124
916
30
1
1
1
0
1163
6
2793
492
492
492
933
648
933
695
767
321
320
777
0
2
1
267
1
2
1904
1483
397
2
0
0
354
1000
38
430
430
430
1
1
1
430
1442
2
2
1
6
25
2
585
150
2
1
2305
1111
3
2
2
2
2
57
45
155
2700
0
3
26
26
25
25
24
257
257
256
438
762
1989
2241
2241
332
4
2566
313
1948
7
1377
1377
832
535
1
1
1
1
1
1
1
233
472
1287
472
25
25
96
558
558
210
561
1654
166
582
1654
561
70
2201
2
2
2
2
695
1342
109
1
243
0
291
31
1
34
1
64
1
1
1
1055
1030
108
537
788
661
1435
1431
2322
0
1
1
84
2
1716
2
374
954
1
836
125
1842
1842
1842
41
1950
3
3
1073
3
2
15
15
268
0
1950
1950
1950
37
37
2256
2256
3261
3
719
126
126
48
377
377
377
377
377
377
2
1
1685
126
856
126
20
456
598
6
402
402
394
394
6
33
9
1
695
5
522
4
2
60
0
2
1
156
2
2
695
1063
1061
1062
1122
946
1788
0
3
3
1173
636
1
20
19
19
16
516
207
17
16
16
1959
1
1
7
2
2
1
1
190
1
1647
1268
1645
1869
570
114
117
119
157
116
168
187
114
1
190
772
936
936
936
2317
2317
2317
2317
2317
2317
2317
2317
2317
2317
94
695
110
1438
100
275
275
275
5
33
9
695
367
2286
1
457
377
98
98
98
223
223
2291
0
84
84
1844
1844
1844
1844
1
0
903
1
783
778
7
64
206
86
231
230
83
0
0
953
1843
1843
2
1401
1822
1401
1401
1086
733
321
61
20
1
58
19
364
0
1
1
33
6
9
72
2
8
5
412
1463
1463
4
596
1
767
3
191
82
81
930
497
45
628
5
5
15
14
667
21
2
2
599
593
578
571
1
825
571
564
557
104
708
0
0
6
6
213
6
767
762
0
843
81
454
911
1037
1037
76
277
1037
210
911
1037
76
277
277
76
277
277
609
277
1206
277
277
277
277
1037
277
16
48
2
0
133
49
461
576
1256
326
575
759
133
6
6
1812
20
37
36
2
695
3
3
3
2
1
126
190
2
14
695
1
2286
62
1950
1950
1950
1950
1950
1950
1950
16
1
16
15
15
14
13
88
88
88
537
1
5
2
2
2
1
1406
16
45
37
51
49
3
21
11
11
12
1
3
788
0
2
1376
864
0
2
1001
985
111
1211
519
0
2206
2206
0
17
17
17
17
16
16
1
130
1
767
1382
558
1382
1382
1382
117
40
1039
1071
1070
1071
1071
1071
1070
1070
1070
1070
666
2841
303
15
68
43
695
0
77
204
191
6
6
6
6
6
6
6
6
6
6
6
6
6
6
6
6
6
6
6
6
6
6
6
6
6
6
6
6
373
2
2
2
90
90
90
19
19
19
19
19
19
19
37
574
24
24
1
695
381
381
381
381
3
166
1843
1843
1843
1843
1843
1843
1843
1843
2288
1010
101
101
101
2306
2306
6
6
96
96
6
6
6
6
42
5
85
57
0
9
277
490
2
2
10
202
0
0
1104
3
1875
37
37
37
1
2
0
6
33
470
469
468
467
466
464
36
37
282
282
975
695
695
695
159
176
81
35
5
13
1857
1857
1
6
2249
15
14
103
103
342
335
384
399
384
0
15
1
1
1
1006
347
50
2336
14
1751
55
1751
1751
55
0
1191
3
3
3
1071
0
18
252
289
6
6
2
2
1
737
694
795
245
190
190
1
81
1228
327
316
361
4
513
16
767
2
176
27
124
100
584
33
1
11
10
11
9
6
1
11
1
27
0
159
2
3
1
6
973
973
10
0
0
1
1
385
385
382
384
382
382
384
385
385
384
384
384
384
382
385
385
385
385
385
385
374
385
385
385
385
385
382
385
385
382
382
384
39
1
0
233
47
30
478
141
215
86
0
935
19
13
1230
1230
1442
1442
7
70
63
6
70
8
497
8
15
8
1
351
1
124
534
534
534
1
3
0
0
0
24
279
279
8
6
5
4
149
954
939
954
149
185
178
1622
1622
1622
15
149
333
331
331
330
330
1207
1112
17
26
695
828
684
0
3
12
461
12
12
12
869
869
869
0
281
173
173
173
173
173
318
318
83
526
2
0
0
1
7
7
7
7
378
641
453
292
641
8
852
891
736
852
891
2472
25
91
2144
45
455
47
47
590
11
19
19
18
18
18
244
244
230
228
245
392
392
245
392
245
846
304
6
7
7
1
20
92
92
91
1
2
2
2
2
13
1
581
1
1
1579
0
97
1949
53
2
1
0
0
1359
1974
1
17
802
0
10
0
92
61
471
38
194
275
0
1051
0
0
936
936
936
936
933
933
933
936
503
1561
1678
1678
2
2
214
1
180
188
182
921
2
601
600
596
1950
136
791
20
33
6
76
9
8
8
2
304
147
17
17
16
17
16
15
14
43
43
86
85
2
78
78
10
1470
1471
0
430
541
14
14
13
767
2
6
354
45
12
45
3
37
139
38
6
39
39
39
39
38
2
1063
1061
1062
1177
1183
1183
1
1
1
1
1
269
3
1894
268
126
638
1
814
814
814
814
814
989
989
2
1
9
93
482
1093
1231
1231
93
784
0
1
40
10
10
9
0
695
22
91
89
84
82
75
1662
859
761
75
1
1
1
0
237
237
236
2
54
1054
2
2
2
851
913
1
986
285
65
2
111
3
1
190
6
3
2
6
5
5
4
42
42
42
51
44
44
44
37
37
29
28
27
0
3
3
1
0
4
175
175
21
3
1
11
8
2212
491
64
96
96
96
96
96
96
96
96
96
0
155
154
155
153
488
232
235
236
0
236
15
0
19
12
8
5
1
1
468
0
620
1315
3
2
537
2
2006
2006
695
867
520
2
21
634
516
0
2400
314
371
349
364
42
198
143
337
349
302
268
137
245
102
0
57
5
1683
1683
479
527
1782
1782
1736
2
625
1565
1565
1659
1
7
657
2306
49
373
414
414
604
695
5
1050
159
663
600
600
2
2
3
60
60
9
546
2
62
120
62
62
95
52
12
54
2084
2383
73
32
32
85
6
6
95
536
555
113
112
147
241
7
1
2212
2212
3
166
1
111
1
0
1
1597
1597
0
1
1
1
98
98
97
1485
0
1
2
1
0
85
1861
1607
1861
1861
1658
1389
15
779
1861
1607
2
383
14
314
1345
899
276
1759
695
1
1413
1843
1843
36
61
130
81
50
851
1654
1654
1654
1654
2292
38
126
328
128
1
1648
1648
1
1
28
1
28
290
1650
127
290
1650
267
1650
1650
113
810
290
3
3
45
38
31
31
163
613
951
951
838
838
994
1226
1331
295
758
941
884
3
4
3
0
0
425
194
64
2452
2
1
35
1
1792
15
14
20
13
12
12
1
57
1280
813
369
94
2
2
14
13
13
314
307
243
616
1098
1098
101
992
2424
915
289
76
1829
1435
1597
1538
763
1408
1829
1475
915
695
9
0
675
0
78
0
0
1415
2
1880
171
853
144
737
59
3
1124
565
0
113
14
239
239
1
1369
1363
1369
55
1
1
2969
1035
255
1123
807
184
255
1765
15
3
1
1
17
96
96
1
1
1
4
493
1
743
1075
1
13
1
1
1
490
3
475
617
5
2
6
2
14
5
6
12
12
5
2
2
2
12
8
2
2
12
9
9
2
9
9
9
9
9
214
207
200
200
1357
2
2
262
3
3
10
3
73
3
73
523
46
491
491
1824
500
845
832
491
560
1824
3502
985
301
1477
6
411
806
2
1985
1614
560
1174
1174
1132
3
17
10
62
14
14
13
13
8
3
9
9
8
18
18
56
1
1
673
673
1548
1676
1
676
676
2
722
1
35
3
1
2
869
0
649
642
621
0
60
66
65
63
68
526
1538
1538
1538
0
0
0
0
2
1463
1464
1
2
392
1
20
20
72
690
989
5
1
733
733
176
23
23
17
443
1
1457
1
1
4
1
4
4
4
2
22
595
2629
696
2
0
0
1
201
2082
2082
1037
194
767
306
1
1
2353
2353
3
2354
2354
2354
1
0
4
6
4
1
387
69
7
25
3
33
1176
387
394
9
23
902
2
2
2
0
0
1003
996
989
2
1399
1392
1385
1914
1914
1
1461
810
2001
810
2001
1361
213
213
364
159
496
159
364
213
559
172
50
1
7
816
1
26
126
126
1232
1232
903
903
1038
746
903
1232
148
148
1733
0
0
1
10
3
3
23
19
19
19
1
2227
2227
1
0
194
362
2
1213
22
22
2
5
5
5
5
162
114
379
0
0
1625
1
7
0
1
414
16
94
0
52
134
0
1663
1663
1663
9
695
2
3
1843
1843
50
0
204
0
0
1382
2197
1
92
17
1
31
1
17
695
583
284
43
19
7
1
5
86
86
26
2
3
1
1
3
23
1482
1518
0
1
1
689
689
1175
7
2
2
2
2
811
811
956
8
809
1
1
344
339
1
5
11
11
11
11
1
837
1174
1174
0
0
2
2349
2349
1
299
1
0
1
1
1220
69
1
16
9
61
61
60
453
0
331
1079
48
48
48
48
67
1
1894
35
34
2339
192
1
25
737
281
695
91
2
1599
32
331
348
13
365
303
615
97
0
1868
1868
30
237
1060
830
5
22
67
40
243
91
243
314
91
188
807
6
6
19
280
19
14
846
1000
1003
1003
1003
1003
1003
1003
0
1792
1401
1
593
323
315
252
225
1148
1148
616
616
2170
1950
1950
1950
1950
1950
1950
1950
34
3
3
1529
630
394
2
1543
34
297
0
966
962
1
1
1
1
1
2
1
1
2
2
461
597
650
2317
274
1
577
577
137
1
1
860
845
2
197
197
1124
1125
1126
30
1252
0
2031
2236
4
1
94
485
2
2
2
2
2
2
3
1106
0
11
1
26
1
2
1965
2
6
786
786
6
1436
75
366
15
899
1610
588
985
1436
878
2289
1195
2721
588
796
810
229
41
41
41
41
229
313
2607
0
2257
9
3
3
2
20
284
695
629
695
16
16
1393
16
16
0
1842
196
196
248
303
89
89
3
3
121
745
296
199
173
348
348
3
61
0
1003
2
489
1
2
134
1
9
74
292
342
292
96
2
168
937
971
3
3
1
8
0
0
1
8
37
0
0
8
1
1
8
37
80
81
80
3
2
2
209
209
209
209
77
695
24
24
24
11
314
314
1072
67
236
161
65
0
91
91
69
1073
253
250
253
250
253
250
2
100
91
1234
863
453
930
1467
91
1914
1914
1914
1914
1914
1914
1914
1333
1914
1914
1914
1914
1914
1914
1914
1914
1914
1914
1914
1914
1914
1914
1914
1914
23
526
1223
42
42
0
35
2
2212
2212
2212
205
2
2
0
15
470
27
28
27
470
28
2
1
17
1
5
695
112
22
3
22
3
3
40
1
1524
1524
17
695
43
43
43
14
487
2300
980
297
8
69
515
673
828
310
1659
2417
695
34
181
9
2
0
1174
1174
1174
1174
1174
1084
7
35
69
1
3
54
54
677
677
1118
395
1
1079
1078
1079
1078
1077
1076
1076
1076
411
1
1245
33
1
1
452
1
1924
2
2824
3
17
259
56
128
373
695
1096
397
397
1096
1096
1096
1096
1096
519
1096
519
1096
1096
519
4
183
934
324
375
1290
1288
1290
1289
135
134
134
133
81
2700
2287
1432
652
700
766
654
2
5
5
178
661
62
100
3
39
39
1
97
1
1
1
190
5
5
5
4
3
3
2
2
3
272
272
272
272
1500
1500
1
6
75
26
541
2
3
9
8
1790
1
1206
159
236
0
2813
1
30
1116
57
56
56
55
61
55
56
55
53
52
9
2
35
1
1
96
96
96
43
1
17
0
1
1
1
211
348
364
4
5
13
6
90
89
89
88
87
0
302
158
401
14
20
937
937
8
21
1
21
20
20
20
19
19
18
695
12
1
1
0
1520
48
946
555
76
472
471
471
471
470
5
13
839
839
166
1054
1054
821
451
141
0
0
0
1842
1842
1842
1842
840
1
1
184
1671
1060
1
408
963
1659
1659
1659
1
695
3
240
0
0
2
2
2
933
54
1
1
1
1
1
0
1518
437
892
35
106
2
1
0
1
1
9
9
8
8
7
930
930
6
2062
272
272
551
550
550
1
979
3
11
10
10
9
9
8
5
7
7
14
14
1398
695
366
695
6
4
695
120
120
14
14
1
0
12
1288
925
1288
1288
21
564
564
564
564
5
392
2
141
3
775
775
774
773
1
767
10
2397
10
10
10
382
20
6
83
9
1
1885
42
42
42
38
931
3
111
0
334
334
2
1
3
0
0
0
59
96
112
107
84
84
1
6
46
111
112
111
46
42
58
58
42
51
70
2336
2189
1
2
1
2
0
1266
393
1137
695
611
611
887
55
0
12
2
62
55
55
55
48
41
34
27
20
13
6
1
6
2366
2366
0
33
1
3
159
1
26
151
543
159
922
916
915
909
0
0
1463
0
198
2256
2
818
1
837
3
1111
1
65
2250
2250
2250
1649
0
280
1
1
1
79
191
1
188
0
2
10
230
10
9
9
1471
37
2
15
2
2
1
7
9
1786
5
1589
1589
1588
456
709
99
123
1
1
24
18
673
1783
1334
695
0
0
51
96
20
19
19
19
155
3
0
1225
1316
23
4
3
0
928
2
126
23
69
23
90
69
77
15
1199
1
1
136
20
146
146
146
146
146
264
264
1007
2
788
1
1
15
0
3
2212
1174
1174
1174
1
1463
1463
1462
1846
1846
1846
1846
1846
1
1
1
1846
2
1
4
1
5
24
73
117
1
622
883
639
896
982
627
8
27
187
180
173
1377
32
32
85
1461
0
0
1
1
891
891
1028
1433
891
107
107
106
294
106
837
837
822
1590
1
190
1647
1268
779
212
1161
706
198
57
22
100
99
1308
1301
1164
153
0
733
6
80
66
3
180
6
413
777
423
2317
2317
155
155
0
62
2
16
9
6
6
1
1032
1192
1
14
2378
1338
2144
689
37
2
2
2
2
8
0
764
10
97
2
6
6
57
230
169
231
2
1
463
1643
1643
1
1111
39
39
39
1
2
41
83
1575
31
1252
280
1
1
1
1
77
77
862
1027
5
30
689
58
51
44
10
1463
1058
1058
1574
751
751
1574
839
673
751
839
193
196
921
705
780
795
193
1872
660
581
839
6
0
180
213
180
180
180
1680
1680
1
5
2
504
504
1335
172
1
0
1
0
80
79
79
1
1
1
1
1
1
1147
1
60
1
1173
2
2
372
252
956
619
372
40
303
2
1
956
582
968
303
303
303
0
2
9
19
0
695
7
1
1949
1949
81
1
695
57
57
57
57
57
57
1
1
1844
1844
0
0
0
0
1
400
842
353
353
353
3
0
10
343
1648
155
61
0
1
1
1
1
785
1
1
1
1194
1377
320
1187
1442
2062
1
1
8
0
126
126
126
3
78
59
0
286
75
7
7
6
6
5
5
4
525
64
146
146
2
1
1
1
754
754
38
1425
1927
1927
168
164
988
0
1
61
291
1
931
1
190
1575
2
2
5
159
3
62
1283
1288
24
16
0
421
1435
1435
2
931
574
9
1
612
2
956
337
334
334
2
2
2305
695
1927
20
6
9
20
284
6
667
405
655
831
853
11
695
1061
180
4
633
1965
534
8
1
378
384
370
384
384
384
370
9
66
695
45
153
70
70
70
83
291
1
1660
661
1
1
1
2
1
117
1
1
8
1
43
0
1411
2
6
1189
1
1
45
1
17
1
17
1
637
48
39
492
488
1
159
159
1
1
1
1
333
333
333
333
333
333
333
77
1160
0
13
83
82
481
24
10
2
1
23
1904
14
44
314
193
1463
1
159
78
2
2
1
2
1
5
1
1
2
3
1
2
1
5
77
432
310
1125
1125
1125
1125
695
157
157
157
157
157
157
157
157
157
157
96
95
94
2
1
1
1
1
2
19
15
11
2
57
75
75
37
20
6
284
159
0
159
0
346
352
346
346
338
339
21
513
1
305
3
91
90
90
89
89
88
87
587
1
17
4
5
960
1245
87
960
1
5
0
213
213
213
2
2
9
8
6
13
12
16
0
0
1
1
2
2
2
356
35
75
75
472
75
314
86
78
2
0
93
28
5
11
103
534
0
478
67
141
767
695
1150
1833
0
1
198
737
289
783
783
1
783
289
737
198
695
0
2749
1
1
2084
695
1072
2144
2057
72
15
225
513
1405
1117
0
0
1
3
0
282
0
695
413
0
2
2
252
2
767
328
501
767
1340
767
767
1340
767
410
322
32
155
812
825
555
222
19
155
0
97
20
38
193
98
3
3
0
193
63
2285
2301
1
1365
2256
2256
2256
2256
2256
2256
2256
2256
2256
75
0
19
0
475
9
450
769
769
769
610
1
141
495
17
17
16
264
264
264
262
262
262
261
81
0
3
1834
22
1794
0
0
1239
280
286
406
1
1002
631
984
984
1002
1002
1002
1002
1002
1002
6
6
6
6
29
376
324
133
1574
783
37
823
1215
892
299
324
1171
337
404
320
824
824
823
385
1017
1107
1268
1397
824
824
730
541
2035
351
1397
1246
1255
1241
1188
1056
974
817
324
0
1
0
2
82
82
39
409
1
1
155
931
912
1
17
17
335
335
3
66
182
303
20
22
639
825
42
24
24
215
1111
155
2566
2566
2566
2566
9
1190
1190
9
9
8
1190
452
1356
6
54
0
5
0
62
54
48
161
2
1
17
2
97
1843
61
61
0
0
477
2144
2144
2144
2144
2144
1
30
68
19
5
1
1
274
399
9
324
26
0
656
257
350
458
271
369
373
373
373
372
369
2006
13
3
0
1
328
2317
2317
2317
2
70
69
69
17
17
32
553
1323
1323
1323
153
385
384
153
946
656
656
656
1
3
3
2
2
1
1
1
2
1
0
6
5
539
539
623
6
6
6
6
6
6
6
2197
2197
1
86
85
84
85
84
85
85
84
84
83
88
88
87
86
85
84
84
83
83
154
154
975
154
154
154
28
2
1013
1013
50
2
510
121
394
313
1322
43
43
88
81
165
61
61
68
0
2
26
5
373
285
2
2
2
0
100
100
1396
70
70
1396
444
2
2
11
11
10
10
10
9
9
8
7
6
5
4
154
6
838
832
831
831
832
831
831
831
831
831
825
831
825
1159
0
2
6
6
6
271
422
336
786
0
374
374
771
771
771
252
83
82
82
81
81
80
605
399
14
2
6
39
321
321
3
17
1
1
21
1
35
1
39
16
2
1
1
39
34
327
27
20
1132
325
1
2
2
2
0
695
695
767
767
0
9
14
14
975
2413
141
141
576
576
576
576
575
575
575
575
575
575
2
7
767
56
56
410
21
12
12
695
1
130
2308
13
0
0
6
1
11
78
318
141
1651
2038
2038
539
27
2278
1105
767
695
7
159
577
767
44
44
6
1223
24
38
17
3
45
829
829
1
7
1
2
1
1
1
1
419
2
508
96
25
2
0
1
1
51
50
50
1770
1
0
9
2
1
0
0
3
224
382
376
4
3
1
68
68
2
1
785
785
784
778
784
784
784
784
784
784
278
302
191
302
1256
3502
1120
290
990
2
331
331
331
331
329
331
328
331
331
327
328
1076
1076
13
12
11
11
10
10
408
407
407
49
599
599
122
29
47
457
145
29
0
258
6
8
253
355
256
224
56
695
284
3
3
1
1
2
6
2
5
4
4
0
1
20
19
19
2
2
2
19
19
1
2
1
13
63
63
277
245
38
2316
1
2
127
8
20
33
6
9
20
1
1
6
1
35
28
35
28
1
1
1
54
630
913
2401
577
1346
1
15
6
1
10
966
98
2
1
35
27
430
736
1
1
190
8
1
40
40
40
40
40
42
42
42
506
1
1
1
1
222
5
5
1
190
1
290
1
204
110
204
1061
225
6
434
47
10
281
281
281
281
281
3
8
2
1
3
1
3
41
347
62
115
103
1517
1507
709
885
589
735
572
0
13
200
2
448
545
0
25
78
26
26
96
96
96
401
401
401
4
294
33
33
1724
1724
1724
1343
20
9
25
142
1
1
190
3
2
2
2
1
4
117
2
20
447
447
1
1
1
1
0
0
10
10
0
254
526
526
155
427
427
180
180
180
180
143
127
142
34
377
377
1
2000
1842
1
21
483
155
1096
1096
1
1
1400
51
52
2
80
2337
455
454
454
454
1047
1053
1053
79
78
78
77
77
36
36
2
2
0
6
5
895
373
0
1
950
1
2
107
107
39
0
917
9
1989
382
382
382
3
1343
2
8
174
1
473
178
0
6
6
6
6
274
6
117
1
358
362
9
1454
19
362
159
2
2
126
96
262
245
50
905
50
71
473
454
473
998
1150
71
555
473
1503
1774
1
107
106
106
105
0
189
1206
76
2103
605
342
1383
572
418
413
17
17
16
16
15
14
10
10
10
536
2
2
1
733
1148
1179
1764
1
3
1
0
530
1223
321
986
321
986
2
2
639
394
76
77
16
16
5
2
13
12
767
286
286
166
173
2
155
0
695
1
428
2315
654
958
86
87
86
0
488
2130
2130
1445
36
41
36
407
939
10
3
673
10
1
25
28
281
130
290
618
2
1
1
6
984
749
651
588
531
524
504
64
651
6
985
1
1
278
194
202
1224
3
1224
1224
14
85
0
1
8
8
2709
0
20
1
966
966
966
966
2
717
870
794
794
794
794
794
794
15
1
662
7
7
64
8
728
728
541
2
0
0
695
93
93
3
1
370
363
342
1003
1003
1003
1003
1003
1003
26
284
759
0
2
2
8
374
2
2
16
20
6
51
93
10
399
57
96
1
360
360
624
5
2
3
37
1267
127
127
127
856
1
38
155
155
6
2285
96
47
221
221
219
219
218
217
217
217
217
216
216
2
1
1
1
4
5
5
41
2634
1212
41
6
471
94
234
1621
539
55
44
43
43
55
217
72
71
70
71
70
214
1
1
5
743
70
68
63
61
56
54
49
101
100
98
251
103
95
194
240
570
251
63
133
693
210
133
47
18
1
1464
0
767
1297
10
10
1006
52
5
10
6
4
5
5
4
5
4
1726
1763
1763
1763
695
1
503
20
292
23
2
9
3
491
2420
10
0
1
884
491
484
477
5
695
0
2363
0
508
0
29
2360
2
1684
0
0
59
446
695
1845
1845
0
695
2278
2
1084
1084
1084
1084
1084
1084
1084
1084
1084
1084
1084
1084
1084
5
4
4
1
50
0
637
0
782
0
102
102
45
763
40
0
1402
1402
279
279
279
834
93
380
3
3
2
2
1
2073
2066
146
331
780
356
1076
2044
2090
2044
6
2
1047
1163
1
39
0
7
7
1318
1324
1318
1312
1305
1298
1291
1305
1286
1
4
4
4
4
16
1
1405
535
2
73
371
0
6
20
98
7
286
1144
695
695
72
368
4
1027
1027
0
318
2204
2204
2204
2204
2204
2204
152
5
2
8
2305
2305
2305
3
45
23
16
9
2
957
748
1003
1002
3
1
1
1559
2563
1591
2818
2694
2563
1829
1725
88
13
13
1
1
1
1
0
327
1
14
1
10
6
10
19
2427
83
6
380
0
2488
1
5
0
2
936
936
936
936
936
16
16
20
26
3
3
1
1440
1439
1435
1244
367
166
367
166
367
367
367
2
1748
107
1879
1051
1879
9
1
7
4
1
643
2
112
25
2353
2353
2353
2353
2353
2353
2353
2353
406
398
392
384
378
371
364
357
350
315
307
258
251
286
16
96
195
740
195
832
191
832
195
2566
2566
840
288
287
433
433
433
433
8
433
454
551
78
78
695
310
91
0
2016
2833
2833
1477
2629
245
392
277
245
748
245
277
277
0
29
0
695
132
1
65
65
2
24
1
1
6
6
6
2
1125
9
59
3
1
1341
13
3
2
2
8
3
1
775
357
357
21
1
1
1
1
1
1
1
1
1
1
710
567
2437
710
107
30
30
30
0
178
178
377
377
20
331
331
461
461
457
57
3502
461
461
621
1085
1085
12
12
9
96
2
0
1610
47
51
33
477
1855
1393
1393
2850
2781
2
1
126
1
1
795
1
1
1
461
461
138
140
2
456
420
15
14
14
13
12
1583
7
12
7
6
734
54
54
54
54
9
663
503
663
161
158
0
3
19
99
45
3
2
2
2
1
16
0
0
1028
1
7
66
46
54
26
509
509
529
346
1959
10
373
1463
2
133
814
468
40
15
614
904
1500
64
64
64
64
2
10
5
5
5
6
4
4
4
5
688
688
14
2
141
1
1989
414
532
47
47
33
0
33
0
22
9
820
820
820
0
61
61
61
2
485
917
778
643
1978
726
798
18
18
18
18
2
684
0
0
1195
1
100
86
2
2
1
1
1
1
1
120
119
2
2
90
17
2427
62
88
1
98
98
98
0
5
1855
111
1461
0
1
2
28
514
514
1028
1
895
1062
1062
3
3
642
521
615
521
615
2347
222
26
477
0
1
1
1
21
1
852
0
1018
1018
0
8
431
159
544
0
2
2
2316
2
19
3
1
205
6
184
78
161
2
1
2
1
41
69
20
27
2
30
2
1
30
30
30
17
1
1
2
2
1
2592
1096
2592
1096
2592
2891
2430
583
583
134
84
85
1308
1126
1098
1008
861
649
457
1234
414
840
185
15
62
695
8
8
0
81
81
79
78
78
77
0
1
0
888
695
650
2
520
0
0
1
1690
120
914
789
0
6
83
0
4
4
568
5
22
3
12
1
15
218
1082
218
1082
218
1082
218
1082
218
218
1082
1751
724
1698
1447
724
2
2
2
2
1
1
2
1242
525
2301
90
75
90
23
133
630
1
1196
1
1
1
303
32
190
190
1498
0
2
0
780
1510
1510
1510
1510
1510
1510
1510
1510
1510
1510
1510
1510
1510
1510
998
780
194
0
517
6
0
1
695
695
1704
1702
1697
1702
1697
1695
1688
2
2
0
15
15
10
10
0
1
1
330
232
1427
943
35
3
3
112
772
575
575
7
575
394
394
71
70
71
82
82
81
2
2
104
1002
1217
1217
1217
1217
29
1
1
1
1
958
1035
1035
609
43
29
22
15
147
11
11
2
109
62
985
985
985
985
452
695
2
717
0
4
4
21
49
4
83
768
763
120
120
120
120
120
120
120
120
1475
2317
61
3
1
689
1989
2
216
473
589
589
589
583
582
575
574
137
137
136
136
135
933
1904
20
591
6
550
114
162
533
105
105
810
807
807
807
805
805
805
804
804
802
800
800
798
797
796
795
1597
9
1
8
8
7
392
2
1
17
10
3
20
21
49
2
2244
846
846
14
3
0
20
5
4
4
35
0
6
2
2
0
0
0
105
119
105
119
105
119
105
119
105
119
105
119
105
119
105
119
105
119
105
119
105
119
105
119
105
119
105
119
105
119
119
105
105
119
105
119
119
105
105
119
105
119
105
119
105
119
119
105
119
105
119
105
105
119
105
119
105
119
105
119
105
119
119
105
105
119
105
119
105
119
105
119
105
119
105
119
105
119
105
119
105
119
105
119
105
119
119
105
105
119
119
105
119
105
105
119
105
119
105
119
105
119
105
119
119
105
105
119
105
119
105
119
105
119
105
119
105
119
105
119
105
119
105
119
105
119
105
119
105
119
105
119
105
119
105
119
105
119
105
119
105
119
1410
1606
1606
1606
214
40
2
2
2
155
568
568
568
568
2
998
1734
1734
8
984
2353
35
107
861
25
20
759
1
1074
17
11
2
146
0
1
1
1
14
1
6
414
415
2525
54
6
392
0
767
19
167
2
41
41
41
41
23
19
19
1
2
828
1
142
932
1
126
126
125
126
118
2
1
1924
5
5
4
4
1463
287
287
280
280
273
266
554
266
259
84
1711
1
0
1116
1717
104
2317
1
1
0
1
17
0
0
695
806
6
2
2
834
1091
2
96
96
936
86
0
171
171
2
20
545
0
390
334
301
324
138
0
1
3
1
1
2
84
1
61
2
23
1
41
40
189
35
355
1
355
355
798
1158
1467
225
40
2
3
2
517
260
517
2
519
634
8
7
7
7
7
1
1001
1555
2745
812
1058
366
671
483
0
767
239
1
149
155
155
284
19
26
71
217
2
13
144
1153
1153
1153
1
1
1
30
6
10
9
9
8
7
7
7
6
6
5
3
3
3
2
119
1
144
13
1577
1596
0
5
50
152
0
1
602
49
47
44
42
40
37
35
33
30
28
795
777
903
72
1292
1743
162
873
506
876
863
130
209
632
567
484
1058
1414
308
1717
1805
817
335
5
3
2
695
680
1
1
1
1
1
1
274
3
1
950
308
1028
950
695
540
13
1
54
7
7
7
7
460
128
664
93
93
664
0
1
4
4
25
4
43
126
14
14
13
13
12
12
155
3
1090
1047
1090
1090
1090
1090
1090
1090
1090
1090
1090
1090
177
199
184
199
177
177
199
184
184
185
928
108
185
177
199
184
896
235
35
311
35
1313
928
108
901
291
774
1333
699
255
756
1213
204
2850
1082
199
184
177
291
311
1333
124
141
129
235
2396
961
1174
22
12
211
12
961
1333
235
199
291
1333
1333
24
235
235
235
1658
1483
896
896
961
896
1658
499
1483
199
2398
901
581
621
646
506
221
214
207
214
214
207
38
38
767
375
375
374
0
153
153
540
1974
786
786
278
1345
2185
2185
424
861
433
1062
89
89
89
1
1
89
90
20
20
1659
0
0
1567
1566
1797
142
637
2
0
155
44
37
30
2
166
167
167
167
166
166
1
21
1518
1950
695
2
2
1095
688
689
3
3
9
916
221
859
803
2144
2144
2144
2144
119
4
5
1300
281
1
1
11
1
1
2
1316
1302
665
1809
1113
1234
1316
1874
1302
556
805
1316
1590
618
1472
84
1477
1229
985
2008
5
1075
514
1514
372
537
5
930
219
1159
69
6
6
229
229
228
228
227
655
655
57
912
457
912
10
1843
3024
665
1685
2147
928
97
90
83
1783
20
0
0
1290
1290
1295
1295
951
373
653
398
1641
916
1689
1641
1709
1709
916
653
1689
545
544
545
544
544
545
544
543
540
1370
736
623
1125
104
4
924
1576
1217
256
151
537
657
1217
132
1368
132
256
1217
1576
924
1974
95
101
196
26
475
976
116
15
15
15
15
12
411
279
1564
14
15
411
322
824
1769
677
3
677
784
12
2
0
6
1
0
2
297
1
159
159
6
808
26
126
0
2
33
20
35
517
404
1100
4
4
0
37
37
37
2996
1045
125
1
6
215
767
2
6
6
6
20
189
342
335
335
1445
1445
1443
1445
9
6
20
2
2
0
3
1152
1152
1
1
9
9
9
8
9
8
8
69
639
69
1240
1125
69
2
1
1
1
1
0
0
1
1
54
54
1
17
1
3
9
2190
2192
2309
2309
2309
2309
2245
2309
2309
2319
1
2711
94
27
376
35
33
33
33
1
210
7
1948
0
37
4
0
313
766
0
0
1
695
3
2597
2
813
2345
753
1501
418
1501
768
898
768
1501
2345
2345
1
9
1
0
2
2
2
2
2
153
153
153
0
6
1
512
512
22
1
161
3403
3
591
1855
695
2305
2305
2305
1132
10
695
695
695
28
1174
1174
159
784
168
168
12
12
8
23
3
331
1739
3
1
72
72
554
4
10
10
10
3
194
66
66
65
1434
1684
872
903
366
370
60
2971
1071
406
30
1855
1
1
1
81
176
81
695
1111
22
377
6
748
1
0
454
1
53
53
53
46
26
1
17
811
241
241
2
85
38
207
22
387
489
6
245
25
25
878
878
166
878
0
5
503
930
930
930
930
930
5
16
6
2522
1369
1
6
6
6
6
1
2
2
1
1
17
14
0
62
767
1953
6
6
13
1288
2
954
2
2
632
68
68
1
78
1630
552
1226
209
1543
1630
229
17
62
3
2
695
2
11
2
120
342
0
966
1846
1846
914
376
1887
1949
11
695
687
680
608
1
1846
1846
1846
1846
728
0
55
55
55
55
86
35
1
2
1
5
8
19
1
1
138
154
138
169
154
184
202
184
233
688
688
54
6
1
1
1
1
1
1
2
1
50
28
19
10
17
432
695
35
246
2
4
1333
1333
1
17
86
83
230
231
211
2
1
48
66
1053
1599
104
179
0
10
695
0
0
1037
1846
79
72
305
1010
1010
1010
1010
1010
1010
1010
1010
1010
1010
1010
1
1348
38
52
33
2
48
48
44
1183
251
149
1312
1308
1
86
230
83
231
94
55
1686
59
1656
198
695
1
1
1
6
6
21
21
6
422
233
1315
6
41
264
20
595
371
432
142
996
2
2
1
6
79
9
1842
3
767
2
537
45
484
483
477
476
88
733
1
1904
0
20
20
43
662
16
2
171
164
157
150
143
135
129
121
115
108
101
2
1666
15
33
33
33
0
695
0
0
1843
1843
1843
1843
1843
1843
1843
1843
1843
1843
1843
1843
1843
1843
1843
324
1251
27
181
222
181
30
2
2
540
539
539
539
540
540
540
540
540
540
687
687
687
687
687
687
687
687
687
540
1
20
1
1
3456
1621
2950
1234
833
2024
0
126
96
581
1
1
1
34
4
6
134
194
984
890
6
9
191
2
84
547
695
2
1659
61
68
70
723
688
688
688
665
688
688
689
13
900
44
37
42
1108
946
946
495
495
946
1011
47
47
47
47
47
47
47
47
47
1904
10
74
1003
138
145
152
2
320
319
319
598
590
583
2419
1092
44
268
268
540
540
540
0
6
6
6
51
76
75
75
248
148
182
2
628
63
7
6
6
5
5
4
767
1
575
145
1
35
11
5
175
168
6
20
33
1927
212
585
324
749
749
338
24
701
701
71
57
76
612
9
6
6
6
6
6
6
6
6
6
1
844
622
622
622
622
68
284
701
331
7
277
277
0
0
1480
1392
1480
1480
426
608
668
2075
591
1410
243
1192
1720
14
0
1941
1941
319
311
304
0
9
894
447
402
402
402
402
38
1
604
1
1
146
1
17
1
2
899
1114
1114
1114
1114
2227
2227
8
865
0
209
905
777
815
651
2
9
2
69
1470
1471
1
1
155
70
70
1155
3242
228
1
1949
6
767
1
7
6
416
12
190
1683
605
977
3
378
3
3
15
27
1679
96
208
57
57
57
57
2254
27
16
777
1069
1
0
143
110
83
656
1230
1230
1229
61
24
328
328
327
327
326
2
179
186
172
165
123
2
97
695
1026
0
37
32
575
0
4
4
1393
87
886
1229
0
1129
20
0
1
1
3
31
1
2
422
751
695
882
1612
919
1233
877
900
1381
909
543
543
543
695
635
29
1
57
634
1
1
442
200
0
1
0
319
13
1924
0
416
743
454
139
139
139
139
139
132
930
888
379
1
1
1
21
1219
2
585
62
62
461
280
280
461
461
461
33
284
387
497
166
115
29
22
1734
0
9
8
15
1
1
1
76
251
695
7
14
588
438
1
2
2
2
97
329
1
1
1
1
1531
1529
1529
80
1841
534
527
2
28
1
2
159
213
4
539
1070
5
0
0
96
12
86
230
83
231
259
1
17
1
17
180
269
194
2
1
182
182
2
1
5
1226
1225
1225
1
57
1
272
272
272
1428
1428
1975
0
0
0
1
1
1
1
13
83
11
1
1
579
17
17
2
1
1
1
21
21
0
7
45
45
23
303
1
15
15
1
0
1
11
5
1
75
84
0
1
1
47
734
1846
1846
1846
1846
1846
1846
1846
0
248
248
0
7
93
425
49
49
0
13
2
852
1660
9
1848
1848
1848
13
13
13
13
13
13
1848
1848
13
13
13
13
13
1848
1848
1848
1848
1848
1848
1848
1848
1848
1848
1848
1848
1848
1848
1848
1848
6
48
48
48
48
3
144
2
3
851
851
281
851
851
68
0
1768
1766
1923
608
15
18
0
5
4
12
342
22
22
22
2
12
12
65
1
231
30
18
688
18
120
385
94
138
138
72
4
4
500
4
191
2
0
432
50
1473
961
468
69
904
2129
17
17
945
34
19
887
0
0
1002
1002
1002
1002
1002
1002
631
1000
1002
1002
1002
2
1092
643
26
1054
1054
1054
1054
5
5
6
4
10
5
4
4
5
10
5
4
5
5
6
4
4
5
1987
1987
1987
145
579
2
479
528
9
16
32
1263
1263
24
707
6
509
39
78
78
78
78
280
399
724
210
203
216
230
280
724
399
0
767
37
37
37
3
2
2
198
204
7
0
241
898
30
695
44
17
38
38
37
38
37
818
3
26
90
5
670
1
13
1234
1348
1213
7
2
9
972
936
0
835
2
9
1295
1
2
871
166
166
1766
1002
2012
2
1586
29
2
1
0
15
15
0
15
475
1689
17
17
17
17
17
16
16
15
3
12
215
1161
706
1175
13
13
83
46
83
1
1514
1762
165
1
0
1
309
1
491
1805
1
1
1
144
144
1
1
1205
1185
194
373
1
21
1
21
1
21
1
1119
370
1
17
695
695
695
6
17
695
695
5
1
63
0
1842
1842
1
1
1
0
0
523
2221
2139
1912
2
1842
1842
2
2
2
241
16
16
56
383
86
86
61
2
3
36
2
2720
1
4
25
18
2
19
22
21
10
11
6
104
97
8
6
6
5
40
6
11
104
10
97
8
11
6
7
6
2
2
1
1
61
194
2
55
55
91
0
2
0
1
1387
1
1
2
6
580
5
1
7
81
695
1
1
292
1
1
646
2031
2031
3
3
2031
1174
1
69
1400
97
1051
219
416
19
17
19
19
17
1
4
21
1518
19
11
7
15
0
0
377
838
6
446
446
5
838
17
6
6
1950
1950
1950
446
446
1950
1950
1949
1949
1949
0
1
3
3
2
356
13
6
6
356
6
2345
6
3
2
2
2
2
1
126
6
6
169
12
392
0
18
74
2
2
124
1
2041
2
1
1484
1045
1484
327
327
327
327
327
327
1
0
7
2245
1097
0
1
2
12
46
7
66
54
1199
1
1048
155
155
155
155
155
154
155
155
155
155
154
154
1
190
128
1
1
853
1
1848
522
2
1
0
22
37
827
21
1
2
695
1706
1243
96
0
16
3
9
9
1
39
428
1633
428
428
2
1
2
2
1
4
3
10
9
1121
1121
1121
1121
1121
1121
1121
1121
1121
1121
1121
1121
1121
1121
1121
1121
1121
1121
1121
1121
1121
1121
1121
1121
1121
1121
1121
1121
1121
1121
1121
1121
1121
1121
1121
1121
1121
1121
0
1868
91
454
91
0
1
0
629
1
1
0
2360
2360
2360
2549
2360
2549
2360
1
1
1102
2306
137
73
73
72
1
0
2598
1066
1130
996
2556
2556
2556
2556
2556
2556
2556
2556
2556
2556
2556
503
503
175
1240
72
19
2317
1
1010
25
232
1422
232
2178
1
1
1
1
21
1
2
695
1
1
1
1
1587
20
284
83
33
9
20
76
6
41
1132
835
152
152
327
0
0
6
0
0
21
98
21
365
11
19
1
483
1
1
20
20
13
7
59
2
17
52
811
2382
183
2135
7
1
354
354
646
1
3
43
78
329
1105
1105
1105
1105
238
238
238
238
238
765
295
2
750
910
740
695
839
623
80
79
79
0
411
296
2286
2286
98
98
1307
15
377
6
0
6
0
489
13
159
159
531
916
916
916
916
916
916
916
916
916
6
6
12
11
11
10
1
860
1191
1198
775
690
687
687
687
0
1
919
0
0
5
411
2
48
695
2094
2094
284
370
520
2
483
483
1539
1
43
134
1
1
695
45
1418
1107
1632
500
1284
1088
3502
83
2101
2101
2887
3
3
501
3
0
3
26
0
2
397
115
943
2
2
3034
2828
3034
2
2
2
83
6
20
562
0
40
695
695
1175
1175
0
1149
1060
873
274
956
695
1318
877
968
1346
1318
1
2
2
1
0
13
415
357
186
185
0
1002
1002
27
161
713
713
349
64
96
8
112
111
7
1489
52
62
62
62
1
1108
1170
1442
656
726
632
111
148
245
385
385
366
386
337
111
337
337
337
126
366
916
1493
614
538
366
625
337
914
914
621
621
621
621
621
620
1
16
43
43
43
33
0
1757
14
6
106
6
182
831
2
1092
1
61
281
594
949
262
695
0
463
463
10
2089
1101
1
1659
0
0
407
407
2
1094
2
1
1
1
1
91
2
8
12
39
56
5
5
5
5
2
12
12
154
1256
985
1218
457
1467
695
0
3
3
0
0
4
6
5
4
895
895
895
18
9
1
1344
936
2
1
280
1
2
1780
885
160
5
33
11
103
191
301
1
1
116
2
107
107
106
2024
73
526
1004
526
2
1
728
176
157
154
1027
124
80
279
1415
104
327
279
329
342
399
867
1879
740
1240
399
510
1350
1472
583
5
55
112
884
903
788
2460
377
897
1028
1161
419
981
2253
2
390
311
300
1291
61
877
407
281
279
2
1
1
71
1029
7
2
2
2
2
126
2
23
19
1
4
518
140
1
1042
1042
753
0
462
462
1973
4
3
66
3
13
526
526
1842
1842
1842
227
0
1
142
145
145
145
1
0
0
15
10
14
18
25
33
5
11
3
3
33
25
25
18
193
1
447
2
2
0
17
1
233
2
1
18
0
0
1
351
373
1111
1623
69
930
1
163
0
1
391
0
1
407
1510
197
1904
2
251
250
247
246
245
244
243
240
239
144
251
107
1
1004
7
3
3
3
15
15
14
2
2
1
1
279
814
24
3
996
933
78
78
78
210
72
20
226
8
7
7
6
16
9
2
3
1000
1003
1003
1003
1003
1003
1003
695
874
64
6
695
2
0
2
2
18
695
461
665
461
461
1695
320
1695
117
114
119
116
157
187
114
168
2357
2422
2357
1695
461
1695
1665
1591
1665
461
1665
953
1665
461
461
461
436
439
439
439
439
439
439
439
439
439
439
439
1
5
13
12
12
5
13
43
62
69
1842
1842
649
1202
1305
812
1
1
1
1
155
0
272
189
532
532
657
657
190
0
68
109
1
132
1286
214
3
2
2144
2144
2144
0
2
0
1358
21
382
2
2478
1538
1
1192
0
1
263
344
1
1
21
1006
1
1
1
1
931
3
1511
1125
1126
1126
1126
1126
1351
1169
7
1604
1604
1604
1604
1604
1604
1604
1604
1604
1604
1604
1604
1604
2
151
6
64
6
2
470
470
6
9
6
1
881
47
47
2
7
512
247
31
1
190
0
338
516
516
905
1071
42
41
42
41
42
41
42
41
31
9
9
1
882
58
852
6
819
54
54
1128
455
455
1
38
200
159
159
152
145
145
79
2
675
89
144
36
1
1
1
201
272
201
272
96
0
3
3
28
152
3
1
695
0
1
15
0
420
801
794
787
1
2
329
3
231
329
3
231
2
3
1158
1158
1158
1158
1158
1158
1158
1158
1158
1158
1158
1158
767
1
15
69
69
1
17
1
15
767
523
343
106
0
589
589
3
1520
1520
1520
1520
1520
1520
1520
1520
44
44
44
43
42
41
355
349
343
343
381
380
695
695
695
45
2
3
96
96
0
155
155
154
154
154
26
26
26
113
135
159
159
382
460
14
2
2
1826
1826
1842
1842
660
2493
1028
308
3014
2459
2493
2371
2493
2493
0
1576
382
303
126
334
363
357
355
349
343
1066
1066
996
996
1044
1044
1
17
1
35
2
1
17
10
2
1113
4
3
55
173
173
306
306
306
306
2391
2
0
15
821
930
0
0
61
0
0
15
15
15
5
1
1
1046
1319
1276
1
1
97
49
48
45
45
589
455
589
455
4
98
98
529
98
468
1
767
695
695
83
494
1
1665
1664
1658
0
1
1
8
1
28
7
1965
86
1073
3
236
0
767
2
508
317
508
42
2
157
157
5
898
2285
2240
695
91
91
91
91
91
91
91
91
91
91
91
394
394
394
394
394
751
394
394
751
397
397
586
556
3
2
2
1
5
5
764
695
767
327
379
1
20
2316
2316
2316
3
3
434
632
279
267
10
3
1084
4
2
2
1
1
0
499
499
499
499
499
539
539
539
539
539
539
499
499
499
499
499
499
499
103
279
410
0
410
403
0
2
1843
503
1678
239
1
1
1
159
431
51
1941
765
283
209
283
144
10
3
24
39
31
21
3
2
2
1
1
1
1076
41
41
0
2
366
1885
27
1348
2890
2890
1368
1368
1109
1020
61
43
244
1846
2116
2116
2116
2116
2116
2116
2116
2116
2116
2116
2116
2116
2116
2116
2116
2116
868
2
2
2
4
172
820
820
595
1924
381
381
1170
1196
708
993
2210
909
1945
373
2
1620
392
392
2
2
695
292
2296
79
313
12
4
0
5
13
13
13
13
5
238
3
3
3
665
15
696
0
2
1
0
3
1114
1
1524
2045
2045
365
2045
1524
130
68
46
53
60
58
573
761
2
1
7
46
342
1659
943
15
10
528
61
0
22
21
21
1664
38
38
227
17
3
370
370
380
380
45
45
40
127
2
1664
1664
1463
2476
10
5
5
5
6
4
4
4
5
393
272
8
3
3
3
2
13
14
13
1
357
159
6
48
6
126
431
918
3
520
371
364
810
229
2
97
971
12
330
1837
1003
1003
1003
3
596
322
1075
1068
2
14
38
1
35
1
35
2343
1
1203
1200
2566
2
37
216
2189
366
366
352
3
1923
1923
6
1925
631
5
1132
0
999
953
952
953
78
56
57
56
55
55
54
101
100
2304
1597
1597
1597
382
87
87
79
136
136
136
9
284
1950
0
1
1
1
2109
46
46
1102
1
1
1
14
1
1
1
34
1
949
1409
1
3162
2
28
288
288
695
2950
833
1468
430
755
4
0
6
644
1
43
2615
2615
1275
0
0
1071
1071
1
1
817
3
2
8
1
830
1
40
0
1
856
741
741
0
0
525
2781
454
452
2
409
12
1124
22
22
771
770
625
12
455
454
453
452
449
448
447
446
14
10
4
94
94
2
6
514
6
284
695
0
0
1105
386
91
91
90
1747
1081
1180
161
990
917
284
0
1149
3
4
4
33
33
33
6
813
1051
34
8
8
35
35
35
449
449
449
449
1886
91
0
15
169
6
6
5
5
4
6
5
11
531
475
0
767
767
20
767
767
24
3
574
98
767
16
16
15
16
15
7
37
37
36
35
35
34
34
151
46
45
44
136
899
343
70
18
18
1181
492
2341
2341
125
184
184
184
184
21
48
2212
2212
106
261
49
58
2
324
2
68
52
6
213
6
6
288
234
783
326
58
1472
58
276
1074
562
1074
288
234
231
83
86
230
89
17
266
0
1829
1829
2
2
9
6
20
33
20
284
83
15
0
43
1
3
519
0
328
1456
1456
1456
1446
1079
50
3
15
8
0
0
0
284
9
6
1
17
98
97
38
8
12
800
2384
1
1
3
634
238
2
2
0
0
0
3
3
0
0
932
695
6
146
60
1008
1
2026
2026
2026
9
9
5
316
24
3
2
455
455
454
447
447
446
42
1820
769
3
2655
7
5
1875
1
3
336
3
0
19
1498
1498
2
0
210
1
1
216
2
1319
86
231
230
83
2144
5
5
6
5
10
4
5
4
5
4
6
1
194
126
101
101
45
0
595
595
595
595
413
81
81
80
1924
1924
1924
456
371
10
11
10
10
10
10
0
767
767
6
743
743
894
79
3
20
771
630
2
2
2
2
165
2
97
770
174
233
1
0
2
694
694
694
122
3
2189
2189
2189
2189
2189
271
663
15
82
907
1589
1593
1589
1588
1587
1586
1583
1586
1583
1582
1581
1580
1579
1576
1558
11
294
1657
11
38
11
8
1
284
2
509
4
1
21
1
68
0
365
289
1389
963
289
161
38
689
820
820
8
10
5
5
5
6
4
4
4
5
0
752
752
1447
1264
1779
111
111
110
2
159
124
116
213
2828
906
906
2015
20
48
48
1
23
1
1352
92
1
479
92
18
90
1003
1
1
2
173
2316
2316
1608
1
340
984
729
300
1227
527
1066
1066
1066
10
3
1
688
688
688
688
520
1548
1548
1548
1548
1548
1548
1548
1548
1547
1547
1547
1525
1525
1525
1525
1525
1525
425
1346
0
2
1
6
6
40
43
1217
112
134
64
103
71
64
94
47
72
0
391
94
125
94
3
806
1164
337
343
122
136
40
216
662
736
27
721
662
136
1
64
64
134
381
395
94
34
135
0
13
1408
14
26
280
1
2
30
817
101
100
425
767
1091
28
20
13
1459
0
0
1
0
2554
0
5
127
88
87
86
2336
2867
149
57
1
1
7
2813
1251
1251
277
695
1216
1089
0
695
51
51
51
51
51
228
15
3
1
226
981
3
1
1
1
16
0
0
26
12
92
104
97
434
0
159
159
1916
2
2
2
2488
1354
1354
2
719
2
2
18
1032
3
10
476
0
257
159
73
24
268
1032
0
1
1
1
1519
1518
43
84
1
1281
589
80
79
84
1239
1
1239
1084
127
6
6
1061
11
8
7
6
6
30
1968
509
495
488
480
1137
222
2
1957
1
1
1052
931
2
103
97
97
819
1855
2
20
14
216
767
767
1
35
2662
6
0
0
993
3
1027
1038
1462
3
2238
838
505
58
3
1697
1
373
608
11
749
2
91
3
7
307
15
19
1
146
426
2
244
2669
1442
1442
2
3
897
1
194
194
30
1
29
1208
269
961
6
2
1111
373
1543
710
77
3
686
183
183
183
1141
183
1
17
17
947
1
1
5
4
1
1
1
1
2
2
1
21
1
2
2
1
1
21
21
9
104
724
983
588
1354
20
20
33
0
1160
1
12
1
1
1843
1843
1
695
1504
1503
1502
432
81
12
2
2
7
2291
1
15
1
6
1756
1756
1756
1756
1756
20
84
1239
13
2
1
5
211
5
17
245
246
244
246
244
26
1
236
20
135
135
1855
146
146
0
0
3
3
1
1034
623
616
618
618
1720
50
416
50
9
19
2374
7
5
5
1
5
854
1692
456
452
949
456
2376
183
2135
673
795
245
139
628
861
456
427
1225
879
173
224
217
250
250
11
279
23
614
614
48
2
159
4
1394
1307
1
2
0
3
11
11
10
0
0
102
57
57
57
2093
284
79
3
107
23
2
898
269
656
1847
2321
6
2297
2297
2297
2297
2297
2297
2297
2297
11
38
1950
2
928
1654
0
2
3
0
2212
2212
2212
1
2
19
0
858
8
511
0
373
372
372
372
373
372
7
372
372
373
84
1798
1797
1798
1592
1591
1591
2738
0
38
13
502
498
498
498
339
492
492
144
1100
1100
1100
1100
1100
1100
1100
460
843
0
0
0
180
2306
2306
2306
1
0
938
500
912
905
898
730
793
227
304
311
304
290
332
227
332
412
332
332
331
324
227
220
695
0
2
26
0
488
488
485
484
483
396
396
396
126
1846
936
3
656
656
656
2
21
21
21
767
3
909
864
909
2
3
459
445
1121
532
2246
2246
2246
430
430
2246
2246
430
468
468
468
468
51
468
180
722
695
0
39
39
80
34
58
166
41
20
97
19
19
1
530
530
1
40
1
7
7
619
619
12
255
924
428
64
64
159
35
35
35
35
35
35
35
35
35
33
33
33
0
2267
6
11
10
104
97
6
11
104
10
97
392
178
53
695
636
1153
1009
6
1
3
3
1312
259
1
17
345
329
338
1
17
310
317
303
57
3
1448
338
329
329
645
1
0
0
77
77
15
1
6
20
124
12
1
9
4
10
7
5
5
5
5
4
4
1003
1002
78
1
94
87
1
15
15
15
15
291
378
6
1
6
631
630
2
258
356
930
930
2067
270
340
443
1161
862
0
498
6
2
1145
695
0
2
263
135
602
595
1767
1767
272
272
272
1
1
0
0
14
2455
0
117
76
41
19
1
8
67
16
1
15
1614
629
279
57
91
1
1
1
190
190
1
1714
15
14
2
8
2
2
2130
0
0
695
2042
158
158
1824
158
764
158
13
677
1538
1538
5
695
1830
1823
1829
1816
1815
1822
1851
1809
1802
1850
1808
1801
1795
1829
1823
1830
330
0
41
7
1
1196
1
1
445
34
1048
101
101
544
2
6
6
1023
419
146
1
1
1
735
1
1
2
1
1
2
1
1
2
2
0
1
1
2
1
110
159
10
9
66
817
461
665
588
1
1
0
1
1
1151
0
3
0
30
60
0
2901
54
47
47
331
196
47
2901
1271
1346
824
824
1271
2
2062
2062
2303
2303
2303
2303
2303
690
40
0
1019
1019
1019
1018
1018
1018
1018
1018
1017
85
2330
2330
2330
23
12
218
218
218
729
975
1640
218
348
348
218
1007
255
303
690
60
406
1160
14
1482
5
1
92
82
2045
921
1595
94
2045
921
808
1390
1595
94
1
1
40
45
0
6
284
2
2
2
1
46
662
55
2
2
25
22
21
21
20
20
19
247
0
24
478
701
105
1374
346
1
17
17
17
16
16
2
275
457
457
457
1720
1221
17
17
17
203
875
0
510
2
489
483
476
469
461
38
1898
1
4
535
4
382
49
49
49
49
48
48
47
46
2
663
2
250
253
5
4
39
525
608
173
858
2241
2241
2241
25
19
436
13
5
19
20
18
19
1
190
1647
190
1
0
1
5
1033
8
1849
1849
2
1496
1496
1495
1495
1527
67
815
241
1
1
0
9
900
900
900
900
900
900
2
869
0
0
1
165
660
306
145
0
0
953
642
1082
124
642
2
1
13
12
12
12
11
11
10
10
6
13
13
13
13
193
13
13
749
4
1
3
1
1
3
82
295
296
296
294
1478
1377
1377
1376
1
15
210
1
2
1
159
445
687
687
10
10
10
10
595
602
595
595
595
602
478
1468
37
37
37
36
36
36
36
36
35
1524
456
1771
3004
432
803
803
803
800
799
798
796
796
796
792
2074
3
1217
1217
1217
1
177
175
85
92
85
99
106
113
2
3
1
2
14
1
12
2
153
139
90
17
847
1356
1356
280
260
252
245
238
231
1
1
1
0
32
357
383
156
1
1
1
390
390
3
3
3
395
394
395
0
9
2523
620
614
614
614
614
614
614
614
614
476
490
5
190
649
6
17
16
288
278
267
278
353
281
63
252
353
45
101
0
280
957
1
161
18
0
0
453
0
3
1
268
946
155
268
656
656
268
43
1527
1526
1526
5
5
653
653
57
1467
1
33
33
33
33
33
33
33
73
33
932
133
138
140
145
635
630
629
623
622
616
767
767
1043
564
1138
1147
61
3
2
186
3
3
3
3
3
64
101
100
1
5
85
85
85
84
1481
1481
1911
378
378
382
0
1
381
381
381
2
23
12
35
561
685
459
476
1009
373
373
974
1593
641
1479
1531
787
887
849
743
1419
1540
688
484
560
1002
1749
259
314
795
887
853
1409
492
1662
492
817
1679
670
328
1339
961
1351
1205
1597
1452
1668
1232
1129
1618
862
862
806
15
15
143
142
142
136
5
5
795
2189
2189
0
95
2
837
133
2
2
956
1049
2
6
0
6
37
59
24
31
24
38
59
83
1583
1583
271
10
10
10
1664
1664
1664
1664
3
0
705
447
447
767
0
1948
382
83
1
15
45
695
0
4
24
950
3
2
194
0
7
7
6
6
6
6
5
5
4
4
3
3
2
2
11
4
3
0
0
1314
1314
1314
1314
1314
1314
2
533
1
16
15
210
1
3
6
9
20
0
2
1
1030
2749
1
158
236
394
70
712
33
155
125
76
39
114
722
1309
114
2355
2355
2355
2355
2355
2355
2355
2355
2355
2355
2355
2355
2355
33
2
2
1
68
454
1922
1922
110
110
1056
1056
277
277
665
117
114
119
116
157
187
168
114
665
277
814
392
408
506
83
108
111
457
111
1780
1780
1780
1780
1780
695
695
21
22
1988
373
373
1
24
408
401
6
193
20
1843
1843
1843
1843
1843
1843
689
174
1393
64
357
488
84
1414
233
1
0
695
2
1
1013
0
111
2253
3
12
0
373
1842
61
425
1843
1843
11
1
1
1207
11
11
1286
1286
820
820
820
820
820
821
820
820
820
820
2
13
0
905
5
555
555
555
555
555
555
560
560
560
560
838
799
832
831
831
831
7
29
33
33
117
1097
33
33
117
1003
25
18
37
18
44
6
116
96
25
0
2182
17
10
30
30
6
1
17
743
13
598
22
