16
393
702
2
996
7
7
7
7
7
7
7
7
7
7
7
7
7
7
7
7
7
7
27
393
2
851
1237
1237
1236
1236
1631
1063
16
16
4
1067
9
84
514
63
181
1
88
675
15
82
82
1
0
4
74
1
123
1
77
4
354
1979
1
790
790
790
1
278
1269
393
2
3
889
191
389
357
7
98
472
11
474
77
1
158
2213
1
7
2
82
82
27
166
57
3
39
120
1381
127
1700
1
0
6
108
136
96
21
131
282
1003
2
1
129
41
8
1
261
20
25
759
1660
32
819
1217
819
0
0
0
84
42
285
10
7
63
129
1847
1847
295
2
9
332
1843
142
1
188
246
247
261
741
4
759
293
2775
1819
1425
1469
8
3
66
228
534
191
1
25
597
1381
622
1427
1446
42
1312
1115
41
2007
1845
411
304
245
9
9
4
4
4
2183
1784
981
1
12
28
37
1484
1484
133
306
613
11
14
15
0
0
0
2
282
268
0
1221
26
136
825
14
611
297
542
0
892
892
35
1
145
36
2698
2698
2669
2669
2698
2669
2669
3
73
73
7
1152
1260
72
696
1492
2
337
337
337
3
937
365
370
7
24
24
24
24
23
23
22
22
21
429
22
122
7
156
156
156
131
1
6
2
165
1
287
287
0
1
1
1
98
433
4
4
4
998
245
0
0
17
25
597
1445
14
1
2359
67
60
49
10
4
11
65
80
338
249
2
0
2342
1838
1795
1809
1845
2150
9
4
2884
1359
35
537
537
2
1254
6
247
247
4
839
101
83
2117
258
615
11
1
1
65
0
1
22
1
413
206
3
285
862
31
537
537
52
98
1
89
928
842
576
89
4
1057
5
7
14
2318
69
2
22
1478
1494
2318
2318
65
82
370
2649
2642
2628
27
1
7
21
21
17
1784
1950
4
1363
16
1
234
4
1784
1503
46
231
11
590
504
498
2252
861
2905
279
25
0
743
1069
1069
1069
1551
821
335
21
1670
1579
11
1098
1091
1091
1084
1080
2
1
98
7
1
1
2596
65
4
4
3
3
65
65
2
2
1
308
520
156
2
94
1
1
27
1
1
0
1554
1554
319
8
2007
1343
1343
2
904
563
464
1361
2
2
381
4
2307
146
146
146
2982
2
0
443
778
1542
936
861
22
19
28
28
527
961
3
1
1499
847
31
67
1218
1
1081
428
412
676
507
65
2
98
4
734
4
1067
1067
2
31
952
2514
1
2514
952
1
7
2358
701
701
951
26
149
837
31
1072
2213
21
541
276
1843
1827
197
16
4
4
9
23
696
173
16
2
3
1458
2
21
1519
1624
379
379
300
19
876
1
1
2
2294
1484
1484
1484
1484
4
11
14
2
1
2305
48
54
2
92
0
1819
590
510
16
199
1598
2
397
10
2310
402
2528
12
1
7
1551
9
9
1051
97
1358
1925
2
686
280
9
1135
1215
1360
2109
258
1
6
41
0
0
2813
27
2
4
1004
225
144
184
942
1635
1635
7
3
1
1
270
214
98
800
0
0
1993
341
338
337
337
337
13
64
1115
1025
1115
1115
1985
10
491
1
3
1221
1514
1023
58
278
491
49
2
463
58
34
138
0
5
2816
6
7
7
1819
1425
1469
987
739
972
358
1954
1954
1949
1952
1952
1952
1952
1951
1951
4
84
211
282
776
2141
26
721
1379
269
2
1843
156
1644
2
587
852
2
27
48
1
1
690
111
821
821
821
7
2338
7
7
7
7
7
7
7
7
7
2
18
1417
351
351
351
972
969
12
12
11
11
11
11
20
92
1
357
696
43
43
43
2183
2183
41
1
1
1
2
27
4
327
0
160
27
50
127
393
851
436
139
2
2
149
572
6
696
696
433
696
1819
1469
1425
95
932
42
7
10
1845
1
307
349
16
0
0
2567
3
38
1
232
262
454
448
448
447
12
3
650
11
641
174
407
10
696
22
85
1
1
1
0
2
391
829
313
970
1318
38
1453
0
38
338
7
344
1567
784
1567
1
186
1289
1
696
1915
1631
1476
11
9
2
8
7
426
1819
1469
1425
83
2567
1528
87
563
646
257
21
9
2
2
44
44
634
3
1554
2
7
7
7
7
6
1
4
932
543
2
1224
89
1224
19
261
1
1
1
690
815
808
759
752
745
1494
816
55
21
7
328
11
0
2286
2286
50
846
906
0
665
7
0
14
0
6
378
704
77
7
34
2
0
0
432
2067
1112
20
313
1
0
1183
0
1
223
852
263
1
1079
1065
823
1071
1079
195
161
7
95
24
281
281
4
10
169
158
1
9
481
481
599
927
1198
840
1229
927
947
1394
448
1150
336
813
462
126
111
178
1386
340
263
461
191
55
373
354
55
447
882
711
309
435
625
373
590
698
1345
774
862
862
836
519
845
519
1575
846
2369
1334
2543
111
110
555
1431
950
129
113
822
837
822
1199
729
1287
386
565
99
50
1128
947
1890
1327
1100
1449
0
752
2292
193
1580
1509
25
729
2246
657
526
1
45
879
38
128
127
127
20
5
2149
1994
1691
687
36
521
1099
27
6
875
1347
0
378
377
14
1
1
1
14
385
1
451
25
2
951
2
707
4
2
1847
566
2013
2013
9
17
21
21
17
1248
21
24
17
30
348
4
2
3
1298
1142
1660
2253
0
3049
211
493
32
1917
54
4
65
205
16
187
7
1748
2301
2
191
2
28
374
10
7
380
380
27
184
0
1
1
16
4
1
2027
779
779
779
968
779
1051
20
20
16
861
2251
754
1652
3
2
377
696
9
7
7
7
7
7
7
7
7
7
7
1
1
815
808
892
878
913
920
899
885
878
657
2567
3
11
2
581
87
231
581
378
1752
92
0
4
185
89
997
997
997
997
997
997
47
47
261
3
2
72
10
1394
85
1292
3
485
20
12
2
2
10
793
696
22
1
1847
195
8
4
2
764
1358
1358
1358
1358
1358
1358
1358
1358
1358
1358
1358
6
5
615
4
1
1
34
211
167
2
11
323
825
414
225
1074
543
1235
458
147
17
1346
10
28
8
2
2346
160
3
2343
2343
2343
2343
2343
2343
2343
2343
2343
2343
2343
2343
2343
2343
2343
2343
2343
2343
2343
2343
2343
2343
2343
2343
2343
1856
71
591
1415
1376
2
1850
10
9
9
8
8
7
7
6
6
5
5
4
4
3
3
2
2
21
171
35
211
291
10
9
10
9
8
0
2369
581
2353
935
109
1
270
2
64
22
241
151
1870
571
635
160
348
2249
3
1219
1638
215
768
15
15
15
4
11
796
2578
99
0
8
1171
439
58
1
303
3
64
21
14
414
2331
4
20
7
804
804
810
797
797
696
0
0
21
1923
464
463
37
62
1
1
1
2
5
3
1435
1
1
867
91
155
123
139
84
105
98
91
84
70
63
56
49
5
688
690
407
279
130
1193
2
44
337
337
337
337
8
6
100
19
2
2
395
2
30
1967
158
616
27
8
2
1
0
2
90
6
6
18
3
98
1595
1595
1
1
1666
2276
7
7
328
9
2
8
6
3
1
7
1105
1098
231
1
1
3
1
15
1
2246
2246
15
38
3
27
590
589
542
6
64
696
690
41
174
483
1234
1234
1234
1233
1225
1175
1157
121
1844
1821
446
446
446
446
446
155
378
378
378
378
378
240
240
741
1584
768
309
933
410
0
1129
129
82
69
68
68
1446
173
301
789
1
227
4
3
2443
341
341
341
340
339
1
884
6
116
5
18
11
3
48
49
102
5
12
19
26
33
2116
1221
1
1
209
11
6
6
6
7
5
5
6
5
176
2
2
99
735
46
2246
1767
3
20
5
527
179
2
285
23
2
11
1
49
1
3
6
6
1721
1613
1613
1721
1721
1721
1
10
0
1276
69
246
3
362
362
365
828
1477
4
1660
407
503
3
132
0
696
871
374
1
2292
2358
689
7
1569
1600
2528
432
432
779
2213
2351
179
291
1
1
1
3
1
30
30
2630
1
1
1
10
90
261
388
1
285
10
21
0
22
285
119
1
448
2
1
1
1
1066
1847
336
1
17
757
200
977
8
6
6
17
1
2
98
420
65
723
772
772
772
772
375
375
772
772
59
59
59
59
59
1562
689
2
97
1
98
1876
1951
13
2
854
326
431
524
3
269
2
7
7
7
7
7
7
1214
1298
902
1400
147
31
1
16
156
30
365
4
4
3
2
64
533
431
696
576
1150
1080
101
690
17
3
2
1
1
2
1
634
482
634
482
1
1
1
1
1
1
94
42
108
108
1838
1838
1567
1223
524
1589
988
524
4
157
2
4
227
1508
1344
1508
1344
1723
1714
526
1595
1
5
5
5
5
92
92
92
195
111
8
1377
1230
1177
16
261
1844
1844
1844
1844
16
16
16
0
113
1655
1655
11
172
1844
20
11
328
166
0
136
280
393
1
73
2281
8
1190
1192
1192
1192
1190
108
518
3
310
161
282
282
282
282
11
5
4
1118
0
861
860
860
854
853
388
388
1
1
245
781
781
97
427
2
223
20
696
696
1
1
1
127
133
1
1341
1843
0
0
42
1
186
0
127
2
2213
2213
2213
2213
2213
127
30
1126
1126
532
525
525
524
1
59
2105
4
1
16
478
0
47
43
42
42
38
34
31
20
34
47
43
47
44
82
177
0
75
3
4
1
1
0
0
3
285
160
21
458
685
18
1393
2305
393
391
385
385
379
378
378
371
370
365
18
18
18
17
3
77
74
75
12
0
1009
56
239
2306
11
1
3
72
71
71
71
71
70
1
1
1
261
965
451
696
2
22
22
1
890
2
0
3
309
405
218
18
18
15
15
15
17
17
15
15
18
1520
202
696
3
18
2
1
729
10
10
10
157
796
511
511
2851
640
1856
301
2
2
2655
2717
98
357
2696
1455
156
1
106
145
1
1
3
884
882
882
696
20
4
2
2
157
395
28
1
22
1
22
1
1
2
1
2
2
2
2
1
503
503
2116
261
450
1660
2
1506
0
11
2
2
8
8
8
160
1
1
192
1
1
143
192
0
0
0
1823
351
45
136
45
0
69
69
19
703
1595
133
602
19
703
1595
133
121
386
204
144
63
69
273
566
566
69
69
146
21
21
4
36
281
261
1441
2
1063
2
311
134
281
315
696
696
147
1843
1843
1827
1827
1
541
980
27
696
79
0
2
2
1539
1539
0
730
170
647
646
261
164
164
646
647
0
456
134
1429
696
6
1817
516
516
7
17
1
17
1
1217
1220
646
696
1
1
1
696
11
590
255
1
45
10
16
1755
1755
1681
1049
1311
741
0
1
20
20
580
181
3
60
0
4
33
1780
1780
1012
1780
1780
1780
4
153
209
836
13
44
37
717
1113
40
1622
0
1
2091
492
35
8
496
5
1
1
13
97
696
62
6
27
7
10
1868
42
7
285
1
696
310
696
345
2305
1
6
16
672
939
676
1
30
4
917
917
917
1
1950
1516
0
8
4
1
1600
1600
1600
1600
870
2
40
547
62
7
850
66
66
66
66
443
1092
436
627
66
563
66
7
983
983
1
36
146
146
139
48
476
628
193
12
1843
4
3
14
386
89
88
33
258
254
0
440
191
52
44
34
34
1129
1102
1102
1102
1819
1425
1469
2
802
2
18
65
9
33
33
32
32
326
11
326
11
28
973
28
10
7
285
0
1486
99
1486
0
14
2
45
1
4
15
16
38
45
1
38
1370
2
1464
2477
2
2
1020
453
453
0
483
1004
1584
1584
1584
1584
1584
1584
10
0
0
1
65
139
3
2
28
6
1
36
36
17
16
36
16
18
36
36
36
2
1
83
22
882
1
1786
4
137
127
1
13
76
4
102
11
73
73
72
72
71
71
70
70
69
69
68
68
2
0
2070
1928
65
57
57
796
0
16
8
8
16
16
16
15
15
685
335
685
696
521
476
476
749
380
15
41
46
41
926
3139
3139
707
1
8
696
20
0
6
1
696
89
13
13
42
43
42
7
8
13
11
2
28
7
1903
7
2
256
1386
1748
1748
1748
5
1684
315
1
10
127
752
1486
752
110
118
195
225
224
224
223
223
87
113
540
696
66
1
1
1310
5
2
2
2
0
1635
150
150
78
150
150
150
1
1
1
557
557
1
1
1
4
4
244
237
229
3
841
12
264
264
264
264
696
6
272
24
860
181
2
1
1
399
7
2
3457
2
69
69
100
100
100
100
388
388
476
475
473
476
476
474
476
27
58
1
1
1
1
1
181
1742
668
126
1843
1843
1843
1366
939
1951
1951
1951
1951
1951
1951
2005
1950
1950
1
1152
85
66
8
261
261
27
4
393
393
393
393
393
393
393
3
2427
49
156
156
44
787
0
12
585
1
1
16
13
111
195
2
18
1
7
152
36
167
0
3
1209
1209
1209
139
2
3
2
292
0
7
224
15
3
85
19
11
10
111
111
111
696
1123
1
4
1078
2
696
1789
1789
1618
1377
6
188
17
70
1
0
1615
1615
1615
1615
1615
167
1063
1063
4
4
2
3
583
1845
1059
6
276
276
127
276
127
276
156
16
0
180
1667
1
2028
1405
62
2
1287
191
1287
1287
1287
3
52
161
146
146
143
10
534
41
3262
41
127
97
1844
1844
1844
1844
1844
1844
1844
1844
1844
1292
483
1530
1530
2
133
1609
1609
9
9
9
1499
1499
1499
2206
7
21
21
34
285
936
59
1322
700
2642
696
1324
1324
195
195
6
5
1
5
5
1
1784
81
81
80
80
1
931
931
4
2
1
26
45
752
0
290
4
2879
2879
16
11
10
10
299
1
1
12
1201
27
27
27
2
447
1519
327
2
2
97
97
768
886
1
12
2
114
1014
84
3503
84
536
1334
533
84
3503
986
536
58
449
656
84
2369
2630
59
1394
112
126
122
155
4
370
383
370
383
132
357
0
7
0
357
398
867
641
6
374
1975
1516
1506
1516
1
1
2
1
16
1
140
3
23
1
1925
4
265
940
336
14
2096
2096
2203
1959
1195
550
1
1
0
0
1168
21
127
4
10
10
502
2
181
1
29
1406
1113
24
23
23
22
22
13
1
696
8
902
19
18
1
80
4
954
1140
995
1
261
92
1499
16
1
499
4
1071
1071
1071
22
36
575
779
1
41
41
95
427
261
261
261
258
258
258
258
258
258
258
1
1589
7
7
7
7
7
7
7
7
7
7
7
7
7
7
7
7
7
7
7
7
7
7
7
7
7
7
7
7
7
7
7
7
7
7
7
7
7
7
7
7
7
7
7
7
7
7
7
7
7
7
7
7
7
7
7
7
7
7
7
7
7
7
7
7
7
7
7
7
7
7
7
7
7
7
7
7
7
7
7
7
7
7
7
7
7
7
7
7
7
7
7
7
7
7
7
7
7
7
7
7
7
7
7
7
7
7
7
7
7
7
7
7
7
7
7
7
7
7
7
7
7
7
7
7
7
7
7
7
7
7
7
7
7
7
7
7
7
7
7
7
7
7
7
7
7
7
7
7
7
7
7
7
7
7
7
7
7
7
7
7
7
7
7
7
7
7
7
1
239
1
581
84
127
4
2645
1088
2305
2305
2305
1486
96
18
147
119
147
167
1844
1844
1844
1844
1
80
1507
559
42
43
42
43
42
43
42
32
1147
309
85
399
1079
2
485
484
1062
1064
1063
2
0
2070
2070
7
10
42
77
16
16
10
7
243
180
0
10
156
156
156
0
675
737
618
702
1289
721
160
76
546
402
557
0
3
1756
98
86
696
46
41
27
161
624
521
570
86
86
570
1
0
34
1
8
696
14
14
15
596
596
80
606
344
279
1
1448
7
1167
487
1478
112
75
112
198
20
15
1
184
1
1315
1638
143
36
160
160
160
449
393
351
1058
7
696
1
1177
1262
112
6
2
18
696
25
3
115
327
696
261
1
1
107
185
19
18
18
1623
2
18
0
4
15
15
15
21
191
191
10
306
540
313
942
108
7
245
3
158
151
151
32
25
39
11
18
32
4
2
75
117
117
117
117
1203
2
24
1
3
848
0
0
0
1
18
17
17
16
127
127
16
15
11
11
13
13
357
357
2067
2067
2067
1065
870
869
869
2048
1457
4
17
6
6
6
5
696
0
949
949
41
949
40
40
1923
1336
785
26
7
19
19
19
18
18
18
18
17
17
17
289
21
305
226
4
3
4
3
2
1
1
1
29
2
2
623
754
399
417
1532
2912
2
2
7
307
3
14
1
3
2
2
3
1
31
125
62
1612
1171
1076
1073
1072
1071
231
44
213
140
156
18
3
1555
16
596
595
594
604
594
593
38
197
301
193
46
44
0
91
3
39
10
56
37
94
71
119
135
136
1
1
1
3
11
11
10
0
14
10
1
0
0
6
132
862
9
4
261
1
5
2
14
14
82
82
1
10
9
362
88
22
41
39
48
38
41
46
2
4
34
3
478
1
696
1
1139
279
1660
483
1
1
4
16
926
926
926
926
926
1
0
5
27
1
2
1925
1925
1925
1925
1315
1417
222
254
219
215
254
254
253
288
315
350
2
1950
1950
1856
2
2
6
2
49
46
160
3
1080
0
1117
5
9
83
523
1049
412
815
393
393
393
156
22
5
4
65
17
77
38
5
165
0
346
346
0
5
374
744
55
55
55
55
55
8
1164
22
1223
1266
518
265
505
2007
2007
2007
1819
1469
1425
61
385
616
261
261
10
1
3
315
1063
3
3
85
67
67
0
16
1783
1783
1783
1783
919
1783
1783
1783
1783
261
1819
1425
1469
1819
1425
1469
87
231
84
232
3
800
7
108
106
103
510
133
7
810
211
248
143
934
24
1115
1
3182
2
47
47
981
63
1
16
2
27
167
167
1297
1235
214
456
3
21
853
852
93
740
1
1975
0
0
0
0
2065
15
15
29
561
3
938
596
3
7
6
97
820
1
1
1844
1844
18
696
1
127
1915
1914
1915
932
373
0
6
0
1
129
1
0
954
954
461
422
461
473
574
722
918
722
918
310
310
999
1203
1484
1684
997
1214
2369
2369
1214
997
4
4
4
0
1
696
8
1
2
1
1
169
15
1
1
1063
1063
2
2
1
99
44
112
10
22
964
79
173
1
4
0
109
0
768
1427
261
8
27
5
2
66
60
58
48
68
63
97
84
127
163
198
58
97
0
487
480
473
452
2
2
2
768
1951
1951
1951
1951
1951
16
16
16
472
2324
2324
9
9
8
2
199
77
696
696
3
1052
110
1052
1016
1024
110
1052
24
905
1012
1012
905
8
31
87
231
548
55
2
1010
1010
27
12
7
1
392
1909
1
128
7
1167
741
741
106
2331
2331
0
5
246
84
87
232
231
4
9
9
0
696
1850
6
261
1831
1
22
2
1
2
1
2
1
2
1
2
1
2
1
4
1
2
1
2
1380
113
580
307
1798
963
2
2
0
2
65
64
63
21
63
2
4
1469
0
4
1819
1425
1469
479
444
287
2
2
2
696
3
92
696
2
10
1120
1301
1301
1307
890
1484
970
6
2213
0
6
556
27
4
4
4
4
4
2
472
472
570
160
2
4
540
732
904
1
81
2
65
867
3
2
2
17
484
483
4
18
4
2
30
4
3
16
1847
3147
4
1
1
1
8
27
2
709
690
1738
2
1
20
1
1
1
1
1
1
1302
1
728
10
223
2567
1592
691
183
25
504
461
505
186
1008
1343
261
6
1114
346
65
27
10
1
4
1843
1843
1016
2
2
2
2
2
2
2
19
0
41
485
1
16
2
582
180
357
541
38
276
27
7
27
0
0
63
0
12
12
8
15
13
13
12
12
14
15
11
11
11
12
14
12
11
11
12
5
2
0
308
211
8
2
1
8
277
696
1
1665
1664
1664
1664
1664
1664
1664
1664
1664
1664
1664
3
16
933
521
33
97
153
295
288
1606
1844
549
87
324
1
173
17
228
228
3
1305
741
16
2424
332
332
492
49
2
15
15
15
15
14
3
10
696
696
52
16
7
823
7
539
1483
545
545
968
968
968
2150
956
2083
12
19
12
19
12
344
84
821
67
0
1058
1063
606
217
145
0
0
0
53
46
342
1
1
2182
1951
4
16
42
39
42
41
41
39
1
273
261
129
122
115
191
768
0
4
539
167
133
696
0
261
961
2
18
0
2726
219
227
986
339
338
338
337
337
336
336
335
335
242
242
2
1
807
3
125
2350
2
2
3
389
1214
0
744
815
629
797
1072
386
657
657
1779
2
58
58
2977
346
472
194
0
882
1
1856
2
224
223
223
361
349
68
68
65
65
65
65
65
4
32
1
1
3
258
242
239
24
765
7
6
4
4
3
4
5
45
44
44
43
43
1600
1
750
332
1
3
20
21
34
7
59
59
59
261
123
123
122
122
7
15
8
1
1710
97
16
3
298
1375
7
27
214
0
654
51
25
444
113
23
22
43
672
1
10
121
16
16
16
26
497
1951
1951
259
166
5
16
434
434
22
0
367
380
367
696
1207
1207
1207
87
87
86
86
85
85
84
84
82
81
80
80
1207
1207
1207
1900
9
8
4
1876
2
1860
189
1
1408
3147
462
2
2
1
1546
177
1
1
0
1
0
0
27
16
1
6
6
5
696
41
481
828
472
472
472
632
689
632
631
631
631
631
631
631
689
689
689
689
689
689
689
472
809
280
14
0
1
1
1
1
1
2
1
1633
733
113
525
505
498
490
470
478
206
10
754
1
30
266
259
259
158
271
2
608
1284
271
1425
1819
1469
1819
1469
1425
1819
1021
1441
785
785
167
7
696
696
1
16
1
1
696
4
1
1
696
21
77
1
1
28
696
405
405
3057
0
406
407
25
20
4
7
1021
658
658
276
324
5
493
939
169
1915
1915
1915
1915
1914
1915
1915
1914
696
1099
1100
1099
1099
1099
127
94
18
696
1
1
857
1211
2
3457
0
1888
1888
374
1660
942
942
8
532
696
1562
1316
901
1203
1203
4
4
1203
1203
1203
1203
1203
74
6
1
1888
374
648
2882
613
2126
2294
668
494
668
494
1120
494
668
2294
613
2126
2882
648
648
952
499
281
749
357
280
337
44
31
845
845
1
12
1
6
8
532
2
2
5
516
1539
31
21
4
2946
1033
696
1
27
1819
1469
1425
0
206
813
811
775
458
2
1
91
696
13
12
12
11
11
10
1057
1071
1070
1065
1063
160
770
770
3
18
2
18
2
2
22
85
85
1
2324
2
22
2
44
351
864
535
3
1596
0
526
44
378
99
99
0
0
4
3
1
10
92
1208
133
1
3
2
1175
478
624
664
1673
593
1155
686
469
637
1660
1770
3
3
3
1
4
4
2
785
70
117
70
4
550
127
2
2
2
3
3
3
2
2
2
2627
458
156
1029
194
3
1725
1233
1231
8
42
12
7
4
332
44
11
56
1292
13
19
62
639
3
493
584
721
584
4
4
584
4
25
25
4
25
3
2
25
4
584
1
5
0
0
1
1
1
1
4
696
17
17
16
17
16
16
15
15
14
14
13
2064
2064
1171
4
696
24
41
41
822
1
4
4
237
0
4
891
4
217
307
656
20
3
174
1
1042
1042
1042
261
372
4
10
0
16
98
27
2
0
1763
2310
1004
16
1260
2318
134
7
2
2643
93
103
37
14
13
38
38
13
37
2
0
0
931
176
3
0
62
2113
581
2342
1019
7
7
7
3
2
258
285
21
34
4
280
1
7
17
1
1257
1257
0
1969
1969
13
1
7
131
15
418
2
1
2
13
4
775
54
0
0
41
218
56
191
1231
888
2
18
112
112
1135
36
1198
1708
27
7
7
6
4
4
3
3
3
2
2
1
1352
2309
2309
101
11
11
3
434
433
1
1
374
16
16
0
80
2706
2706
111
1
78
2367
2367
27
1
27
20
20
12
66
73
80
87
12
6
355
55
231
920
21
131
1428
1428
689
27
1
1616
443
1
1
1660
1678
1678
642
1409
824
1
267
252
1
1
7
7
7
1145
133
154
154
147
10
10
1650
15
99
0
14
10
9
4
4
3
2
2
1
2
127
478
2
696
2
378
7
930
112
1008
1008
1008
1008
1008
648
1556
923
805
1
36
517
280
350
3
923
20
19
19
18
7
3
123
1059
2
1784
1784
1784
1
27
433
247
590
774
644
20
20
433
774
1312
465
1
2331
547
71
88
88
87
87
521
11
526
2
50
36
36
36
29
22
351
351
351
18
315
4
98
449
158
158
2246
1421
300
280
7
7
7
1694
334
1
1
630
2
261
2
7
7
1092
279
1175
1066
1175
1175
1175
9
17
17
17
499
499
17
10
4
3
3
103
102
14
189
177
11
2359
2
838
100
100
99
1158
2
112
706
685
741
741
696
358
1
1
1069
774
1139
1097
1136
772
21
63
21
128
2
23
157
1
0
0
817
6
13
12
1
588
1130
1130
4
57
2
2
92
36
36
92
2
27
214
214
1331
26
250
41
517
9
9
3
1476
6
19
261
16
3
1
44
1561
428
49
49
49
49
49
49
49
49
78
78
42
181
202
1961
1964
1962
2497
2497
2497
28
114
85
1224
1094
881
1
0
1112
1721
374
368
2
1
1
289
79
79
78
2
191
2
799
776
798
61
61
795
61
1843
4
4
1
7
4
1
8
15
22
1
3
3
51
768
1
1
1
1
15
2
2
768
76
76
1421
1600
314
16
1
4
1950
1950
1950
1950
1950
1950
1950
1950
1950
1950
1950
1950
1950
1950
27
2
2
2
150
150
44
899
41
377
1290
1277
480
16
4
756
261
16
805
1
1
0
862
0
27
0
0
1
66
118
10
117
640
6
6
19
16
2
93
73
2
268
111
2449
54
1640
1425
939
48
932
80
2345
2345
242
1
1
1
1
1
1
0
5
5
4
696
360
397
395
393
391
391
388
34
287
287
1374
7
689
689
1
1
1
1
133
1203
1059
164
164
7
10
2051
1050
387
38
566
5
62
1
1288
1290
1290
1284
16
1050
15
835
3001
696
696
696
3
2034
3
4
1304
0
0
0
0
1
1417
0
957
841
7
1057
305
605
29
409
92
1
1
550
287
531
7
4
54
772
1
3
371
2567
103
100
379
7
10
42
778
2361
2361
2361
1661
465
1
0
3
1964
1964
1964
1964
15
231
1
1
2
2
1
16
11
1
1
0
4
5
1451
1960
1960
1959
1959
1958
1958
1957
1393
1
2
73
73
73
73
73
0
11
1464
1
1
1
1
1
0
1
9
16
7
7
181
1
11
4
0
0
0
1093
191
1
20
808
0
667
19
1832
1600
3
0
0
45
0
47
11
4
903
1
931
1221
624
53
845
19
666
874
1171
340
346
340
339
418
231
1000
418
790
790
440
392
313
352
392
790
552
906
906
806
405
441
19
14
0
0
14
6
49
1
4
27
13
9
9
9
10
13
13
7
13
9
0
371
160
1
1878
38
110
577
490
383
278
491
525
491
278
768
373
768
768
768
373
768
768
768
329
329
1238
1447
52
71
14
9
1
16
16
696
13
357
15
160
160
17
7
7
0
866
1064
1062
1063
1819
1425
1469
1819
1469
1425
1819
1425
1469
1292
806
766
4
608
93
2
2
6
22
225
857
1033
489
890
1117
1718
140
775
378
206
203
206
4
96
696
1120
1120
498
101
2813
624
780
20
41
46
1572
1134
1565
78
102
79
535
209
209
1
1
696
0
7
147
1112
7
4
35
4
4
7
89
10
7
1052
1052
1052
374
16
1307
781
0
2
360
97
97
0
66
67
7
459
431
389
494
495
98
424
431
424
389
494
98
1
2
1
2
2
2
2
92
829
0
1
1
1
394
401
408
419
1819
1469
1425
471
1071
964
1322
1040
192
1040
36
36
356
393
937
0
5
1
1
2023
13
1
1
829
303
1
2
205
27
25
20
1844
1844
1844
1844
1293
373
31
34
34
400
400
27
2
354
1
10
77
21
63
2145
2145
2145
4
71
67
66
66
55
101
94
101
108
101
122
136
151
289
26
111
139
192
40
40
39
39
38
38
37
37
36
1235
1453
7
7
7
504
503
500
499
498
497
498
497
1
0
3
195
3
1
42
44
1012
1014
14
14
1
1217
456
455
448
447
1951
1951
1951
1951
1951
10
2331
2331
3
7
7
1215
19
24
25
1
1
41
41
41
40
40
21
21
23
21
23
21
21
21
101
101
101
1819
1425
1469
1819
1425
1469
1
4
4
3
4
4
3
3
3
5
1
3
826
826
826
825
825
826
825
826
825
825
818
825
818
471
30
30
30
377
785
335
212
212
758
578
484
772
772
375
82
81
233
744
1
77
76
75
78
77
77
76
76
75
75
75
74
74
73
73
72
15
103
1519
281
1519
1519
1
14
7
160
25
4
0
1
10
143
798
1
1
696
90
768
576
576
576
576
576
576
576
576
3
36
7
3
1857
1819
1469
1425
772
431
0
9
720
337
2159
431
431
431
431
431
431
431
431
408
408
408
431
431
431
431
509
509
528
528
528
528
1235
528
714
714
714
714
714
713
1
3
1511
1511
2064
1652
1652
1652
1559
4
0
1
3
77
21
21
656
656
138
5
305
1
44
1425
1819
1469
98
381
2
374
261
7
1
1
1
1
1
853
651
1466
315
424
4
696
2
1063
1067
1067
1067
1292
246
1
1
0
998
861
861
861
861
861
2
1
793
608
511
1003
985
1004
985
1001
1004
1004
0
4
39
87
84
231
232
325
1
0
0
2159
735
943
1
943
785
785
785
785
0
9
9
9
0
119
2
62
61
431
696
3
3
1465
33
36
35
35
36
696
128
25
72
109
665
628
628
4
1101
3
4
4
90
688
688
15
1
22
696
2
2
647
269
1624
1623
174
10
34
21
0
9
1
4
2
210
551
210
260
210
260
210
210
260
210
260
210
210
345
2
2
0
1
36
12
0
11
11
10
1
36
357
0
53
1
619
16
42
7
42
87
231
84
232
6
16
85
16
16
8
63
463
476
696
27
1
93
13
10
21
701
701
157
701
203
701
157
524
157
701
764
758
757
751
1355
757
1355
757
185
1
1
9
1
9
78
78
9
696
1447
13
1
1
610
657
657
657
15
743
844
1889
936
70
1786
2399
1260
1889
844
52
1196
532
329
1112
993
0
562
22
917
3
2063
2063
2063
2063
74
131
7
741
741
696
1044
1022
784
784
784
784
784
1592
0
283
283
283
122
728
0
1
1
58
85
1193
2
1
4
7
0
0
7
4
12
383
383
21
34
285
1
1843
1843
22
772
28
39
37
36
734
733
790
733
733
733
733
733
628
813
628
1803
97
4
1000
77
20
17
1
1
1549
898
311
0
70
70
2
41
6
8
12
8
13
16
10
3
0
768
7
11
6
6
6
5
5
5
6
11
6
6
6
7
5
5
5
6
11
7
6
6
5
6
6
5
5
109
34
117
1314
1416
1315
1315
1416
1314
1315
1314
1314
1314
1314
1416
1416
1314
1314
1314
1314
1314
1314
1416
1416
1416
1316
1416
1416
1314
19
34
2
15
2922
571
455
1771
1122
1
16
15
756
2
696
383
58
312
696
16
16
16
281
1
0
521
521
1869
15
251
1
1
92
92
92
92
92
92
162
3
106
104
104
104
103
6
103
702
7
11
0
1
2
4
2
2
1
2832
159
1905
7
2043
1615
7
1
1
696
493
30
332
4
696
768
41
4
3
3
3
2
2
19
17
543
833
78
1950
13
1516
371
62
589
111
880
1083
4
11
6
2437
2930
227
158
158
158
158
16
453
0
696
2164
47
3
7
12
3
8
305
0
1
261
16
6
2
16
1
2
3
3
1013
852
6
406
6
3
1
1
1
3
2
2
463
3
2150
2319
0
13
1483
735
18
49
864
857
850
843
483
1
794
521
112
521
311
311
829
1347
575
739
26
0
1
36
36
585
1
353
4
1
12
11
5
12
11
5
4
5
4
1850
1850
583
98
98
1438
1678
967
1003
1
1
1992
590
590
980
2211
62
12
11
121
352
352
352
1
328
328
328
173
1
63
1587
647
1121
57
50
48
43
41
36
34
29
27
22
20
0
1
330
291
221
221
214
5
1509
120
120
2136
2136
2084
4
1764
1764
1742
1742
1742
849
849
1624
92
92
92
92
92
92
92
92
92
1091
646
62
219
56
1766
2194
1766
1033
1766
1766
11
1337
438
454
1444
804
1054
372
829
808
822
815
808
801
1
14
14
13
1
882
809
36
1
1
2
1085
1085
1085
1085
1085
30
427
1
2
1
1009
638
2014
2125
91
188
188
1030
83
1546
3
278
278
5
1435
1435
1419
1411
1411
1411
1406
1399
1399
1399
25
4
1399
1383
1383
1375
1375
1375
1375
1047
1320
1277
1277
1277
1069
1069
86
85
781
453
437
429
16
937
937
3
126
126
4
4
3
3
2
2
1
1269
1269
1269
337
1387
271
27
4
1486
1278
1287
1272
439
1141
1141
1141
1141
1141
1141
1141
1141
1134
24
23
3
4
53
27
42
2
17
1465
212
1
37
6
6
6
84
261
20
2682
987
1
2
3
3
6
27
5
0
1152
2303
561
357
38
182
181
532
267
2
2
2
1
1004
1004
985
1004
1004
1004
1004
1004
1004
1004
1004
1004
4
2
11
1
297
11
11
10
11
11
11
11
11
11
11
11
11
11
11
11
11
11
11
11
11
1
330
341
2228
858
1041
0
42
42
42
42
6
62
107
1
32
72
71
71
381
381
381
287
4
381
1365
381
1
11
4
11
14
1371
194
35
35
36
10
140
36
212
1
7
1843
1
937
294
1320
10
84
7
62
933
62
79
98
1
546
561
243
905
696
768
1
4
4
3
1
657
269
156
0
36
135
1
1
0
6
696
330
330
335
335
335
335
332
332
332
330
330
335
1
1
22
1
1
8
181
16
3
1953
338
1819
1425
1469
97
25
814
9
3
7
814
814
8
8
113
263
343
113
633
931
2009
2009
58
20
577
984
30
23
1
394
1
1
0
1
248
1573
4
494
28
28
921
563
20
2
1
1
0
1645
2
1
304
304
1
327
1
16
696
100
2
6
7
96
0
93
93
878
2372
171
171
174
174
174
174
1
1
967
88
88
88
88
696
1011
743
2
1
6
1
1
7
7
907
123
509
0
0
18
10
9
9
4
4
4
345
128
2355
696
374
140
20
986
986
512
513
512
512
7
195
195
97
0
48
1272
258
541
541
351
3
351
4
88
13
6
124
15
1394
524
524
523
173
1
1
453
1408
108
103
47
34
1
1
131
5
8
1
421
519
421
518
421
276
6
10
959
1
195
44
840
426
18
696
0
0
14
27
879
936
936
1750
1750
89
89
1869
1869
1
25
19
15
1260
69
1283
287
3
108
101
108
100
101
100
108
101
100
108
94
100
7
108
100
22
2318
2318
2318
2318
2318
2318
2318
2318
16
156
0
0
2
696
646
128
777
7
521
1456
4
496
696
696
499
542
71
71
961
478
857
18
18
162
162
5
0
1
1
18
334
7
2
7
31
30
30
29
1
16
2
2
2
10
696
160
2027
1003
426
633
1
6
561
561
561
561
560
560
560
561
561
561
3
2
79
78
7
83
717
143
137
137
2
4
6
2
10
6
7
10
6
213
581
2355
2355
2355
2355
2355
2355
2355
2351
2355
2355
2355
2355
2355
2355
2355
2355
2355
2355
2355
2355
2355
2351
2355
1
156
372
2
43
44
789
58
59
10
261
459
65
2293
2293
38
38
22
17
10
790
991
1
1
27
1
223
407
636
750
636
750
388
636
750
636
3
456
456
3
859
696
28
28
106
101
153
106
313
768
3
1925
1925
1925
1925
1925
1925
1741
1741
1741
1741
1925
1925
2302
7
3
3
127
195
4
4
127
6
822
1393
1393
2849
2849
2849
2849
1600
1
261
104
6
6
21
108
19
51
667
1379
50
231
1810
487
184
1223
527
317
1668
1961
660
1132
131
899
899
21
7
768
149
261
696
696
118
345
345
335
1665
1
440
3
1
3
1
10
3
696
1
128
80
72
65
57
50
57
50
43
50
43
36
43
36
32
29
22
32
15
113
786
41
98
82
82
81
125
41
4
615
1
1174
34
1850
1218
1218
1735
0
69
156
9
10
696
21
42
21
1
2
2
6
696
987
987
986
986
986
986
986
986
986
986
986
986
986
986
986
986
986
986
986
986
986
1376
1
696
1
415
0
870
457
696
121
2
1132
2
577
2358
2358
2358
2358
2358
2358
2358
2358
2358
2358
2358
2358
62
27
71
1078
1777
32
4
1
2
463
135
135
937
937
11
16
12
5
1516
156
688
454
696
38
407
932
1175
115
23
79
79
82
122
108
108
7
7
97
1345
1350
820
447
410
0
1416
6
1
1
1304
4
1
1
27
489
54
253
1
1
71
561
16
16
27
27
16
132
383
2
3
5
170
17
69
5
551
7
17
112
493
853
132
0
0
122
36
30
24
38
119
752
551
551
0
74
292
212
1
284
242
0
4
497
261
855
524
524
524
1
1
59
21
768
16
173
27
29
2
156
23
98
1
1
1
1
204
486
486
486
1
1
768
549
458
940
957
458
58
1468
190
1554
426
1
85
7
15
14
14
7
391
385
379
191
957
261
1777
1235
2
1192
1451
22
13
95
82
455
41
2
18
10
7
3
1489
1
2
50
62
2
18
1468
285
10
42
2
2
1
63
27
129
71
71
71
2
98
98
98
4
7
821
821
821
1
1
1400
18
804
797
819
11
2
64
546
546
546
546
690
0
546
0
112
40
27
46
92
484
23
7
75
484
4
0
4
4
4
2
6
11
2046
498
0
364
364
364
364
364
74
53
11
4
2342
645
1268
1
17
791
586
586
1107
2196
236
236
809
236
1168
717
590
1
5
12
84
374
1
1
1
1
1
1
1
1
1
1
1
1
1
1
231
1653
731
13
1
1592
1592
1592
672
672
167
167
28
214
2
2
2
3
3
2
2
1
1
1845
526
27
1139
1132
282
1624
1622
1624
424
0
864
1337
696
8
1
261
261
1
16
114
114
1
12
1
12
2
3
79
696
9
378
409
2
2
2
3457
34
21
2
20
101
526
1
281
1
2102
7
1979
2270
1
160
1379
1379
5
5
5
28
0
1
3
3
3
4
1781
1781
1781
1781
1781
1781
1781
1
820
820
820
820
73
81
821
821
821
821
820
820
820
820
820
820
820
820
820
820
820
820
820
820
486
20
1
6
6
186
622
500
1825
3503
622
77
1
0
174
1095
1225
21
1
1
1
42
261
240
240
240
240
240
240
240
240
240
240
1134
566
3086
1063
1063
1055
69
69
357
10
239
27
393
20
92
1
963
0
2986
832
826
4
1843
27
689
1
6
901
901
901
901
901
901
901
901
901
901
901
901
901
901
901
901
901
901
2145
2145
2145
2145
2145
2145
2248
1847
2355
2355
2355
2355
2355
2355
2355
2355
2355
4
1656
29
739
2121
9
42
10
21
7
1
1
378
1
7
371
2319
2319
2319
2319
12
310
5
5
4
4
1060
1
244
985
1003
985
1004
1004
1004
1004
1
14
929
838
177
564
615
166
629
735
17
6
1
3
538
538
534
24
199
87
1859
2
1
1137
279
276
6
34
19
34
32
6
6
158
158
309
938
1819
1425
1469
11
51
51
1030
93
1883
534
793
1613
1091
757
713
4
2
2
315
205
1844
818
1292
324
135
135
1
87
87
759
87
87
977
85
87
87
17
18
127
127
147
127
147
127
147
127
141
127
885
2817
1
92
1063
285
1
1
357
2
137
137
1
1
1
1
2
2
2
0
22
22
2
1
1
383
98
1973
1973
1973
1973
1973
1973
1973
1973
720
135
179
4
11
11
4
18
25
696
905
905
905
905
905
1
2
23
2670
647
23
647
23
2649
2642
280
1087
4
3
8
74
1
1
318
0
1663
606
1
1078
416
2596
2596
2596
2596
12
206
62
77
22
784
2
2
1
2824
281
281
281
281
281
281
281
281
281
281
127
20
9
9
9
9
9
9
9
9
9
9
9
696
33
33
1
1150
2
2
1
9
2
1
1
2
1
10
1
1
1
15
5
0
0
20
19
19
7
7
1
6
1
1
3
82
5
5
284
16
805
892
891
0
6
2040
584
424
8
2779
418
68
49
0
261
28
482
1150
1410
6
432
432
1439
4
92
92
66
66
66
59
59
59
59
52
52
52
1
164
74
242
4
0
2306
91
1028
1028
1028
617
20
696
696
1065
1808
28
1175
23
137
578
262
234
2286
2317
167
167
167
1338
1338
1338
1338
1141
1141
1141
1141
1141
1141
1141
1141
1141
1141
1141
1141
1141
1141
1141
1141
1106
1141
1106
1106
1106
1106
1106
1106
1106
1103
1103
1106
1106
1106
1106
1106
1106
1103
1103
1106
1106
1106
1106
1106
1106
1103
1103
1106
1106
1106
1106
1106
1106
1103
796
882
785
535
623
961
1440
321
199
39
519
1413
1102
461
922
10
10
21
0
40
614
26
71
71
170
80
74
608
481
1289
1078
36
1
786
473
276
346
153
4
571
571
527
304
4
82
43
4
1735
1
1
1
812
696
958
1682
335
287
246
287
521
136
490
1214
0
362
490
4
475
3
34
28
36
35
36
19
40
4
126
97
1
1
55
1
94
854
860
854
853
847
846
840
825
818
812
811
0
0
0
6
1014
434
89
275
97
156
2
43
280
2
90
3
40
0
0
1
79
97
1
7
357
164
1
668
6
4
160
1
41
1
1292
17
250
18
1266
393
768
1
944
85
967
967
967
967
1847
1847
1847
1847
915
1888
1888
2431
1888
377
1950
2431
2431
2431
5
1359
1359
1355
1359
1004
1004
1004
1059
20
223
6
195
78
1
556
1446
1446
1446
1446
1446
1446
1847
1847
1847
1847
1847
1847
1847
1847
1847
1847
1847
1847
1
2
1
6
1
1
6
1
36
1
1
1
2
1198
41
1
153
2
2
20
27
145
2834
772
9
2
377
378
410
1819
1425
1469
29
29
2
2032
2
1417
840
1011
433
1
2
4
1
150
150
395
1559
7
0
160
58
336
336
2117
2117
2117
2018
2117
1112
0
2490
2289
2289
4
558
558
558
558
558
23
1
1484
696
21
15
9
9
9
147
41
1
1
1
1925
28
1
1
1
101
16
0
5
1
0
1316
0
1
709
1691
1691
10
178
328
14
498
693
2785
2588
2969
781
2489
2785
768
157
189
1014
1394
189
622
189
622
524
622
189
622
189
523
189
443
126
199
199
1844
1844
1844
1844
1844
1844
1844
1844
1844
1844
484
7
7
7
7
6
541
688
688
540
540
541
541
541
541
541
541
541
541
541
541
541
688
688
688
688
688
688
657
688
688
688
688
688
402
355
3
3
985
5
383
4
5
11
12
18
337
3
21
34
21
7
1843
852
3
696
933
263
263
263
263
263
263
263
263
263
1
1008
1008
27
3
3
168
3
541
541
269
269
269
696
1
1
80
2085
76
76
1
477
931
931
931
334
326
63
3
15
63
78
932
1
1
1
1
1
1
1
2063
84
285
10
84
2493
2
1869
181
170
77
76
76
75
75
4
11
12
5
18
14
0
308
990
373
373
39
351
4
701
701
701
5
69
250
164
94
2
7
7
7
7
7
7
7
7
7
7
7
7
7
7
7
1182
10
146
41
271
237
230
223
216
669
191
39
6
1942
1942
1942
1942
30
305
305
4
250
0
0
1
1250
888
1251
41
1
854
16
16
15
14
15
13
14
13
12
1
1790
1790
1
1
96
1049
1049
25
1
2
1057
1043
87
231
84
232
97
97
1
1
6
6
3
3
2
1
1
1407
1407
1400
1392
2
242
696
1
4
1063
597
597
2213
20
483
36
348
0
237
223
433
1
2
388
2
84
87
231
232
1516
483
578
578
578
287
287
287
287
287
282
281
108
18
657
699
688
269
657
699
947
657
657
657
657
657
657
947
657
386
0
2289
2289
423
423
134
1
1
2294
66
66
65
64
64
0
28
2
3083
340
322
127
435
138
274
244
213
24
993
702
265
5
0
1325
696
78
1
596
10
0
0
2
0
14
14
6
984
98
91
84
889
811
863
32
49
48
48
1624
49
188
17
63
63
57
57
56
56
91
347
23
16
16
2306
752
1608
1608
1608
1608
1608
1608
1608
1608
1608
1608
1608
1608
1608
1608
1608
1608
9
4
13
537
1
1045
265
39
0
0
3
261
156
156
155
155
155
1
174
733
734
734
22
22
14
696
696
261
848
1
1
264
264
1843
1843
1843
0
696
3
1
80
5
2
18
696
149
23
23
22
22
21
1271
1271
1
183
0
185
62
7
36
12
34
98
1260
1004
1004
1004
1004
1004
1004
968
213
1845
1830
1374
1860
1845
1830
4
3
1951
15
273
273
1
1
14
696
2
2
2
513
1112
3
663
2
2
2
355
355
1
261
37
36
676
150
13
46
4
4
4
1
0
449
1
2
0
22
22
21
252
793
232
1
1847
1847
27
61
4
1
1
696
111
5
2
24
1
1
1526
14
14
14
14
14
14
14
20
3
2
1
68
68
67
67
66
1
12
1229
1229
1229
1229
1229
1229
1229
1229
1229
1229
1229
1229
1229
1229
1229
1229
1229
1229
1229
137
2301
2301
2301
2
203
6
6
632
1
261
261
280
1
1169
12
12
62
6
873
871
871
1553
7
285
285
7
21
331
830
10
1
2
508
433
433
1
143
1
370
370
370
370
384
1
1
7
1
1
192
1
1
63
122
3
3
0
24
1
39
2045
186
186
186
710
13
13
12
12
412
412
2298
2298
7
2
0
393
391
574
574
574
58
1819
1425
1469
160
285
285
882
882
882
75
304
18
40
399
518
4
26
5
994
335
261
21
696
2
921
160
69
501
1434
1661
898
1684
1235
458
1468
1325
2661
1
16
1832
3149
2737
0
96
107
180
121
1072
433
2
156
39
39
699
917
917
917
8
726
696
1856
1315
1951
1951
1951
181
327
329
329
16
11
11
15
10
17
16
15
11
11
10
54
521
514
507
499
486
864
857
850
843
836
831
822
815
801
793
809
787
780
752
745
722
535
528
21
1
1
0
77
1
14
1652
1
2
367
361
3
0
36
1295
918
1
1
209
285
285
18
18
349
1718
1718
0
97
696
16
10
702
702
702
702
701
701
701
863
503
980
835
613
54
129
810
834
1063
1741
1465
0
1266
101
493
823
2
1
1
1951
1951
977
1
1408
1951
987
987
987
987
752
752
752
254
7
335
1444
1444
1
3
138
351
11
87
231
232
84
61
1199
1
22
5
20
1
1004
881
2289
2289
2289
2289
50
2
7
7
128
408
128
1631
27
1380
1
696
121
3
2
1094
1094
1094
1094
46
0
85
0
320
156
1
269
245
2309
337
356
696
55
5
1281
41
40
3
751
696
77
1
1
2
1
1
0
3
1
321
650
4
129
129
129
129
128
20
18
2064
2
1
1
447
839
1950
1950
1951
1951
1951
1951
1951
1087
1951
1951
1951
1951
3
3
18
2
0
70
7
357
2
18
2
18
2
2
18
18
2
1
1
2
2
2
1359
2
16
249
249
3
231
84
232
87
20
1517
1616
657
195
2
6
1
1
1
127
160
1576
1576
426
335
355
1
4
4
1
120
115
158
188
169
118
117
115
1
625
625
461
12
1729
3
2310
2310
2310
2310
2310
2310
2310
2310
2310
2310
463
0
100
99
99
100
99
98
97
1
1
1
2318
1
2
1470
103
71
1524
1
1049
154
154
1049
155
2
2
1122
7
11
11
26
62
327
6
2
2
68
363
1
1950
1950
1950
1950
1845
1025
1025
1025
1122
1122
1122
5
6
310
5
1254
707
158
158
16
11
1428
686
2361
2361
2361
2361
2361
20
20
2
7
1
1
1
857
7
10
661
1751
329
77
261
20
341
696
1
2
2
4
374
696
1117
2882
24
328
1
82
111
1
108
114
1
696
696
696
1425
1469
1819
92
966
966
0
696
2
1
17
6
8
8
1375
81
5
5
1106
1281
1106
1106
1106
1106
1106
3
174
1501
0
182
14
267
4
6
3
95
95
94
46
0
2320
636
733
89
300
2182
894
2
167
696
696
2
4
1
270
160
696
84
481
143
7
7
7
7
7
7
7
7
7
7
7
2317
2317
683
1
696
1
2289
348
348
3
2
297
696
1600
1
1
1
713
227
43
43
43
42
43
4
15
398
461
460
457
69
17
17
17
17
17
7
48
446
1403
446
1
11
80
80
13
985
28
28
555
7
21
383
21
7
7
21
7
21
436
7
436
492
507
464
84
393
7
21
10
21
285
77
449
21
147
1
943
265
1444
16
34
1635
14
14
13
398
1684
22
1614
2064
2064
2
1
1951
1951
1951
1951
1951
1951
1951
1951
1951
1951
1951
1951
1951
1951
696
1
655
449
112
338
917
338
615
431
246
626
727
915
112
367
127
614
246
17
12
13
13
11
9
9
16
8
16
83
272
1332
1173
83
204
54
67
204
1478
755
1059
28
1
469
469
917
772
1004
1
1511
235
4
1
22
1
12
6
4
1
9
455
455
305
254
254
515
0
17
0
3
0
369
1
86
1
2
1
1
45
45
38
31
31
23
16
10
1
1
27
374
2
1064
1063
1062
16
16
94
16
27
1
1
205
921
857
1
1
27
2
2
1
111
2006
752
431
1651
1652
1652
62
696
2578
13
8
13
7
13
13
10
10
9
9
9
13
13
10
9
10
9
9
8
7
7
1
1
6
0
0
1
1
0
1
1
0
0
1
2
1133
15
11
432
929
531
163
242
265
1271
116
1623
2307
2307
2307
2307
892
2689
1845
919
567
534
567
529
362
777
842
1
362
595
171
335
171
1079
1143
1143
1141
607
934
777
626
113
1419
42
1083
84
197
42
125
78
0
246
2387
645
98
0
2024
1
4
19
19
18
18
7
1
1
1
1
0
371
388
382
381
1013
440
381
525
525
14
378
12
16
261
19
85
16
15
6
208
4
7
58
1
1
1
971
15
43
0
456
1292
1637
646
1429
1488
509
1114
521
1705
1249
1644
1487
837
1055
1580
1649
805
1512
41
1593
1429
610
1405
785
1037
957
684
967
1239
1235
1239
785
1644
632
764
1586
1405
1655
782
719
1527
1403
1014
1114
1501
1292
298
302
646
1233
578
794
1143
688
1173
1071
1044
523
676
87
1097
1105
578
868
2093
1856
1398
709
490
395
685
1856
769
980
1015
1447
1505
1
836
1446
217
2
2
1811
239
1417
192
191
9
146
231
84
232
87
3
1250
1
4
4
1
36
4
884
156
383
1
24
2
0
190
1345
18
17
3
3
16
425
355
0
11
160
1844
374
432
2
4
1030
1030
1030
0
1224
41
3
0
1
23
27
12
518
696
1746
1746
5
2
1
1
171
248
248
0
108
108
30
1626
13
103
2358
0
13
13
12
1658
4
4
6
2
12
87
231
84
232
10
7
7
6
6
5
5
4
4
3
1
1004
1004
7
87
231
84
232
238
11
0
1
1
569
1088
818
651
2
885
462
462
1652
1652
1652
1652
462
439
439
440
358
21
696
696
11
34
21
1
1
1
16
6
33
1931
1
8
532
82
82
82
135
2
17
17
17
2
10
10
10
10
10
1
23
1060
852
852
852
852
480
1478
0
362
852
1478
1
16
760
1282
84
757
503
566
1127
1127
1126
1126
1126
238
238
446
446
446
446
44
1129
519
261
593
115
90
8
48
47
35
35
69
2307
2307
2307
2307
20
43
450
743
14
7
31
16
357
7
14
2
1442
1227
1226
1227
1227
1
1097
363
389
382
235
2
1478
2
1
97
1129
97
160
285
160
3
4
2
1
1532
1573
1573
138
128
124
128
124
97
4
221
4
101
645
412
1360
412
412
1010
412
1010
27
1260
202
1019
202
328
328
6
781
42
34
77
7
267
264
3
3
917
916
73
1
1
730
753
760
753
1
2
3
70
70
2286
0
160
160
160
932
785
2
1
188
882
1
2343
4
4
42
42
375
797
798
797
798
582
418
16
2359
2359
2359
2359
1
0
71
6
1624
62
1
345
379
4
2
8
1225
1225
1225
7
336
336
336
1175
1
1
3
1
1
269
754
34
84
10
78
374
0
0
4
4
282
768
11
462
2
3
768
87
197
688
3
225
7
84
42
10
1
1
1
657
82
15
6
397
35
390
383
376
369
362
4
5
0
194
398
934
863
1355
679
792
1594
893
1327
239
0
181
7
7
7
285
160
729
826
932
7
4
1186
1186
1186
1192
1190
1190
1190
1186
1186
1032
2331
1
1
1
213
3
2
3
18
34
34
1
1
884
399
2048
1063
62
3
500
500
500
500
500
500
500
500
500
244
798
1049
1049
1049
1049
500
1049
1049
1049
20
1
4
1
2
1
15
11
2346
1844
1844
1844
1844
1844
1473
1
1599
1599
1844
897
897
3
14
14
13
0
2
2
1
1
1
16
1
1
3
6
6
6
2001
2414
491
278
1841
1980
181
34
2213
2213
2213
2213
1
696
1
13
36
2
160
1029
1465
535
535
535
535
3
2
2343
66
41
2
0
1065
1
4
10
10
1591
26
1843
408
404
284
284
110
0
1004
28
28
28
735
118
34
28
26
54
20
21
1416
434
2
523
2
523
23
23
23
23
92
1
448
447
1
1
2
2
67
67
696
3
6
15
19
261
794
481
480
480
1025
457
2
2
2
2
2
869
868
868
868
867
479
424
624
524
84
821
1988
1988
1988
3
3
0
11
167
167
167
1
6
3
129
913
15
567
567
567
1429
495
62
118
1126
1126
457
302
275
1114
177
581
668
953
504
3
1203
1652
471
1
1
1
1
1
1
16
121
96
813
1239
173
85
111
20
115
387
108
813
96
231
495
1193
3
4
3
13
3
1975
1819
1425
1469
268
57
1
34
34
34
0
1
1424
107
66
66
720
66
84
29
1568
361
361
523
2867
1568
1568
1
1924
1924
1924
1924
1924
1924
1342
355
56
2
2338
6
749
98
98
95
95
3
16
848
252
848
4
4
7
7
7
7
127
7
7
7
7
127
4
142
0
134
24
144
151
65
0
4
217
2
22
2
2110
2110
107
56
49
42
42
35
28
21
14
7
575
575
322
7
80
447
414
414
447
56
16
256
160
696
1
1847
1847
11
41
322
183
91
14
17
237
63
276
775
15
82
81
1
24
24
23
23
22
22
21
21
20
20
19
19
18
18
27
10
2775
67
9
2
0
0
1653
265
16
50
1290
882
4
814
2657
377
377
4
696
0
5
95
768
460
460
27
987
469
13
129
42
521
84
521
557
557
942
557
521
71
414
21
4
4
4
4
4
4
4
4
4
4
4
4
4
4
4
4
4
4
4
4
6
69
1376
29
1
2
18
4
285
1024
1151
856
534
239
431
86
33
33
16
379
1598
4
1154
1147
1140
528
542
549
1147
7
3
0
768
9
1416
88
845
1023
855
1372
1602
1619
121
419
1010
374
419
6
101
122
142
148
161
0
1004
910
2
7
10
42
160
84
4
174
1
346
89
89
89
89
89
1
181
15
64
696
239
38
137
119
24
427
89
100
140
156
0
9
1
27
0
224
267
267
266
266
2883
2883
408
1328
517
29
32
1
253
2
2
76
246
335
29
1
72
452
330
97
1033
203
867
1029
1029
1029
1028
46
41
807
807
1
41
3
2
55
55
54
0
9
2
187
43
45
1476
1
4
857
850
843
836
17
1
98
55
2317
1193
6
1190
1
1
1
1
1
50
50
708
1008
2449
76
68
68
860
2031
2031
2031
156
156
156
156
156
156
57
156
1176
101
1951
147
147
191
2027
2027
1293
1293
1
1
922
442
440
435
433
427
426
447
442
440
435
414
413
507
547
535
3
117
1133
1126
6
6
3
3
4
590
88
0
1499
1499
1469
1425
1819
3086
746
331
5
5
172
172
16
1
324
1
596
596
227
1939
669
17
63
63
63
107
63
176
487
764
814
764
1636
814
720
40
40
18
18
27
11
25
213
27
1425
1469
1819
10
133
5
3
4
4
4
3
3
2
2
2
696
1065
1059
1059
0
20
34
29
2190
2190
23
23
374
175
134
134
127
120
261
156
156
156
696
16
1660
366
176
2342
2342
2342
1076
1076
1076
1076
1780
1406
7
84
21
34
10
16
6
231
2294
97
97
19
52
63
474
257
152
49
36
16
16
16
16
16
16
16
16
16
388
388
388
2
67
66
66
66
65
65
36
36
35
35
3
135
22
70
63
56
56
49
42
3
1660
696
1067
1067
3
931
367
985
1067
1067
13
0
995
995
1
2
2
2423
696
4
4
31
4
639
12
18
231
87
232
84
18
6
2
434
792
786
786
0
0
1401
5
5
5
696
98
185
1217
1211
1210
974
1
1355
1355
10
2516
1
1
285
308
3
2
5
122
4
31
4
1925
1925
1925
1925
3
89
0
106
1
267
261
1059
13
1
1
87
87
86
86
696
2
8
192
192
3
1246
18
18
17
17
16
1
2
5
5
4
540
7
267
574
13
13
12
12
19
267
19
17
17
16
16
15
15
14
14
13
13
12
12
913
913
933
3
132
21
7
10
21
285
84
77
1
15
15
3
0
16
2158
2158
1
1
1583
1583
4
2567
2567
1
71
0
1
1
690
27
13
31
25
25
136
129
136
136
157
164
150
171
178
143
136
129
573
573
94
2440
1
103
103
103
1606
42
15
7
14
7
0
261
388
4
1554
1554
1554
1554
1554
1554
1554
1554
1
258
0
537
940
1162
707
1680
3
1
1
261
1665
1666
657
936
1
65
160
8
16
16
232
84
87
231
554
110
0
2110
2110
2110
2110
2110
2110
2110
2110
2110
2110
2110
6
15
27
26
25
25
24
24
696
291
610
112
610
803
1167
1235
1167
1235
458
1325
1085
824
265
1282
84
1468
1684
58
696
291
191
72
72
7
13
879
189
2002
983
1016
2369
437
676
1301
801
801
106
665
469
112
841
841
78
2642
600
1
150
150
2
3
31
31
31
650
1819
1469
1425
21
7
393
430
285
7
21
27
32
32
0
948
336
80
3
204
1
754
1
696
3
46
259
6
12
3
621
421
1757
105
25
26
25
25
24
24
23
23
22
22
21
21
20
20
987
987
987
987
987
987
987
987
987
987
987
1198
0
668
668
426
702
1
1
1
4
1124
428
332
42
527
510
1585
0
161
161
4
3
6
27
627
773
16
160
1
285
20
162
163
169
148
507
901
901
3
3
4
312
580
74
31
871
9
947
582
731
411
197
21
20
20
17
17
191
1
1
1
1
7
18
18
17
17
17
160
10
7
358
1
18
118
714
51
1547
4
228
495
292
127
160
22
85
39
1
22
13
1
3
1504
1504
594
2342
2342
2342
2342
2342
2342
2
11
37
44
193
37
11
31
10
14
240
240
62
1607
140
30
3
40
70
246
246
590
584
4
2
717
794
780
696
1284
10
2
1059
261
83
82
3
396
396
396
396
396
397
396
397
397
397
397
397
397
397
396
396
397
396
395
696
0
0
6
4
185
841
1
4
144
137
310
1122
1
469
189
566
1654
223
1665
566
189
931
189
70
108
167
12
203
447
1
1
1705
1425
1819
1469
62
647
647
647
503
468
468
468
149
696
20
2
2
2
1791
309
65
153
98
952
475
10
9
9
8
96
17
1
1
1
1
2286
2286
624
2286
2286
1470
211
2
15
10
3
10
3
17
1
1
16
4
867
463
1
1
253
856
0
65
1725
34
1638
874
99
7
0
334
528
528
660
1282
3
878
715
6
764
1556
1557
864
1273
1263
15
2
2
1
343
1660
34
1113
148
11
795
1095
277
795
853
795
853
795
853
795
795
795
853
795
795
853
1095
277
275
185
444
1303
863
931
444
903
224
224
696
58
254
32
510
285
87
85
65
5
98
195
26
894
94
555
0
6
6
6
6
6
558
6
2
182
30
0
0
2
232
0
11
9
28
28
6
1465
1355
423
771
785
785
863
1008
2449
994
244
1008
2449
994
1372
329
2449
994
1319
1527
1580
1215
1002
329
1372
1339
887
983
1253
1900
788
886
792
792
199
1598
1743
199
1598
788
886
546
329
552
942
1272
140
792
706
38
818
818
1272
140
133
1507
1600
38
786
38
59
112
291
315
291
495
954
942
1619
2606
112
291
886
140
745
1375
1375
855
112
291
315
883
529
112
1251
1251
315
1593
1602
1619
1712
1092
895
138
138
897
244
863
1588
1899
807
1112
1904
1899
138
807
1474
1527
493
493
493
238
222
164
493
493
238
1416
942
84
493
954
818
140
700
1550
1480
868
1899
1089
493
675
453
24
65
1516
1516
786
213
0
9
80
1162
874
874
874
89
89
89
1162
874
1371
155
155
0
0
196
1
21
768
97
97
97
1
599
598
592
591
190
1063
168
1124
23
33
1718
1117
1584
768
21
34
7
4
434
434
2713
2
2
2
2
2
3
1298
1313
1298
1313
41
7
492
84
77
285
4
35
35
771
771
678
675
666
653
653
645
1819
1425
1469
73
66
343
18
11
25
2528
4
1
20
15
6
768
696
429
406
593
385
1214
385
806
9
1237
1825
1416
1235
1282
3
3
3
13
228
228
227
227
226
226
225
226
225
2
1
62
313
261
2
494
494
494
1437
890
1437
494
890
862
837
113
1
113
837
244
244
837
862
890
890
2
28
28
21
14
14
14
21
28
14
176
22
1008
1038
1038
1036
1038
0
16
16
15
14
13
10
642
4
1054
324
555
555
108
94
12
1
1
1044
144
130
103
119
109
95
88
81
60
53
45
192
192
6
7
5
5
4
1333
27
1658
0
696
696
1018
1018
1018
1018
1018
1018
728
728
728
47
31
1008
1008
101
355
268
355
1466
24
374
61
191
976
426
366
366
366
366
429
416
137
499
333
353
0
375
592
1
1
640
5
61
982
957
367
942
393
1193
393
448
2919
2919
2919
2919
2915
2919
2919
2919
2919
2915
4
19
18
18
17
17
1
402
16
696
276
330
406
17
198
4
184
819
406
181
1
8
1551
1631
2557
41
597
0
2
188
1092
46
46
45
45
44
44
188
55
151
500
374
311
772
3
0
2
0
2
36
53
36
8
1
6
7
1034
1034
219
219
270
1493
1493
1493
1493
1492
1491
389
0
162
901
901
900
899
261
307
588
508
465
440
2213
440
154
2281
2281
984
299
699
666
71
129
129
129
1782
129
1257
129
1257
957
1257
129
423
532
1
2246
4
863
289
136
31
809
809
1
2109
1
0
7
3
0
428
428
428
428
450
791
789
786
786
786
786
785
79
59
12
12
5
70
5
5
5
5
5
5
5
5
140
125
2
3
0
3113
6
0
0
11
1199
656
1199
156
211
204
1798
1798
2
1032
1023
66
59
45
317
317
317
277
727
55
713
224
615
383
383
22
84
11
10
11
7
7
6
5
4
4
696
2712
365
829
302
6
2
3
97
2257
29
354
888
16
16
3
8
16
0
40
24
40
24
23
4
4
4
640
640
643
643
1547
2
653
182
215
215
65
4
3
4
2
2409
2229
1856
1
537
537
537
537
537
537
537
537
2
838
153
139
125
111
97
83
69
55
41
27
13
2
3
1
4
4
4
4
4
4
4
4
4
4
4
4
4
4
4
4
4
4
4
4
4
4
4
4
4
4
4
4
4
4
4
4
4
4
4
4
4
4
4
4
4
4
4
4
4
4
4
4
4
4
4
4
4
4
812
811
805
804
800
1
260
260
84
82
18
144
158
172
0
2
870
870
870
498
27
357
323
0
270
337
786
5
11
11
4
646
646
646
646
514
507
499
486
465
453
437
429
87
76
76
1
9
12
696
0
105
98
91
84
70
63
4
0
150
107
1
1
4
161
27
0
0
1
4
862
378
1018
21
84
42
125
125
125
125
125
125
125
121
121
458
258
1
1
1
81
1955
1954
1952
36
1
1
5
1
0
1966
1966
332
1138
1536
1524
3
157
1013
1650
1248
1201
1013
1424
7
1133
1126
1126
205
22
21
21
224
15
2480
15
21
2
7
5
7
7
1979
9
570
570
559
563
570
545
545
538
510
517
968
764
764
1021
1021
1021
1
1
1315
926
1315
1315
1315
1315
0
146
1201
1199
1191
15
15
108
108
108
84
45
45
45
45
45
39
39
38
38
2
344
156
0
20
1821
754
5
5
5
5
5
5
1034
105
36
1
1666
696
1071
127
7
2
1
97
1051
696
16
177
177
408
408
237
163
767
393
591
416
402
0
239
459
251
29
1844
745
277
89
89
668
481
30
78
0
7
5
2
27
1
20
25
2
4
46
41
46
40
479
479
932
30
261
261
62
46
3
46
3
62
6
17
11
39
43
42
39
37
42
17
10
6
17
15
12
107
124
62
547
573
858
826
825
69
31
31
0
435
1369
135
34
21
102
102
98
1
0
10
7
6
1
25
355
10
87
2310
7
21
93
2294
4
1
1
