26
331
132
31
60
80
711
692
1
5
18
1
1550
424
2
2166
2
66
276
276
1018
8
57
74
931
460
232
2166
931
652
81
96
79
942
942
381
942
942
162
46
748
318
514
318
360
360
283
2627
2
2
657
3
1610
4
481
490
490
16
437
490
269
3
1179
1179
1884
1884
1884
1884
1884
1884
1884
1884
132
11
10
11
2
167
16
155
155
155
2
1
516
2
2
46
1757
1491
1188
391
43
205
2
0
0
15
72
37
2
43
2
422
2
1291
89
2
10
2
2
2
65
67
67
414
414
87
60
1
3
919
209
2
65
2
2
252
245
36
36
41
36
36
932
1
17
1
0
463
0
9
4
1
367
2
63
56
1205
1310
653
653
535
638
638
638
786
369
505
2
886
81
80
66
1471
100
2284
212
2
1813
2
72
2
550
243
2185
2185
1431
906
280
816
942
68
1854
639
1
1
2
1759
67
104
6
129
1184
468
12
2
2
2
2
47
7
6
7
4
1075
296
93
93
2
11
2
2
2
2
1524
380
383
412
4
2065
841
566
963
1011
4
51
44
37
30
30
23
16
2
0
3
1
1178
345
94
2
691
373
6
10
10
10
10
10
10
932
398
61
5
1121
1120
2
365
46
1329
1673
1673
469
2
269
340
1350
1350
1350
1350
1350
2
2
0
118
2
1354
1354
1354
1354
1354
14
13
9
2
2
2
11
92
91
1604
736
1776
1798
30
7
1546
2
339
1370
575
88
2
1246
456
2185
2185
704
1071
114
278
2
112
2518
9
2
57
30
5
763
2
650
260
3
68
280
276
227
2
2
2284
148
148
2
1192
0
1587
1587
3
1880
912
1324
173
2
7
0
365
130
104
35
39
4
2
1079
62
234
1302
2
1145
259
48
107
144
15
2
736
736
151
2
1200
25
394
394
1
669
2810
2810
22
36
2
2
456
432
0
487
311
2
7
271
353
108
918
999
999
999
359
0
1236
1
2208
2208
1071
304
64
22
1
5
1945
1945
443
5
2
167
14
18
2
1192
34
61
1
68
535
2
691
4
4
4
1546
1546
799
799
795
256
296
0
25
2
29
5
29
5
32
2
747
873
168
324
2592
2738
17
26
3
2
1115
1937
1937
1937
1937
1937
1937
2
694
3
5
6
8
6
2
7
4
3
2
260
79
68
3
171
178
185
2595
793
2
2
2
2
2
1
471
2
16
155
2745
22
306
695
981
922
2
2
52
167
76
276
6
5
5
4
4
2
691
4
3
139
24
1
1
1
100
2
2241
691
1
2
5
2208
1716
1716
15
63
183
2
13
36
369
2
242
0
2
2
2
1
26
2
4
325
90
19
31
17
2
477
55
151
268
2
2
6
1396
1332
79
453
2
6
0
1
1
2
93
39
2
358
2
106
703
16
1839
28
28
1
3
21
21
5
1
693
0
92
1
1
154
3
277
2
2256
22
73
879
2218
2241
2241
2241
2241
1832
19
304
304
390
990
488
3
1947
34
476
1
1070
117
124
907
1
3
1
12
12
2
1596
424
488
474
432
424
488
448
466
453
426
426
1081
648
2
1
9
927
9
1
1062
1062
42
2208
905
2
1
0
583
523
859
859
2350
375
2
47
47
2
1131
1601
1601
62
106
1044
2
2
691
393
210
3
360
1
122
428
227
2
904
396
626
1
540
1054
2
2
2139
92
491
30
2051
2059
4
2
2
3
3
7
6
7
1
1
0
26
131
931
7
1
691
1
1
1
1
743
2
2
0
1838
2
2
6
6
5
1
2
3
2693
691
27
293
2
237
2
2
114
2305
415
1258
2
1460
1058
2
2
428
57
691
2
8
0
3
1603
652
694
572
2048
2
2
393
1062
471
2
2
2
2
2
2
2
2
2
2
179
80
26
33
2
1511
1
307
372
1026
1026
1026
1026
1026
1026
1026
1026
1026
1026
1026
1026
1026
1026
1026
1026
1026
1026
1026
1026
1026
1026
1026
36
274
422
6
511
64
1
78
1185
1185
10
10
9
2
417
5
2
29
16
37
280
417
2
29
5
16
280
155
72
2
2
2
2
1813
2
16
5
16
1
2
22
324
7
3
2
3
2
12
12
300
183
342
2
843
0
1223
1223
5
2
16
2766
207
207
0
691
53
151
924
4
2
5
12
5
4
89
83
236
1185
1182
77
569
1018
100
1210
3
1946
2
1814
588
588
767
2
729
729
777
776
78
2
966
2282
2282
2282
2282
521
506
499
11
763
90
123
277
826
2
2
954
12
12
37
1937
106
106
1129
10
3
2
691
1
1813
152
280
0
2
1647
2
2
27
2
372
5
79
2080
2080
893
2
12
32
2
2252
155
2
1
2
2
138
2
2
513
162
162
69
2
353
260
691
40
168
2
17
52
516
1918
792
0
0
36
634
2
580
580
580
5
31
5
5
456
32
2286
2286
2286
2286
2286
2286
2286
2286
2286
2286
2286
2286
2286
2286
2286
2286
2286
2286
2286
2286
2286
2286
2286
2286
2286
2286
2286
2286
2286
2286
2286
2286
2286
2286
2286
2286
2286
2286
2286
2286
2286
2286
2
1224
887
999
999
999
999
2252
235
235
0
3020
6
6
0
2
2
1
3
95
377
377
370
376
1617
536
145
691
4
161
26
0
2
8
153
16
260
96
2
2
29
235
2
127
2
2
345
2
2
691
295
0
520
0
851
49
2
2
155
68
311
11
0
29
37
79
37
67
2
1
11
212
1
1
1255
6
65
65
7
14
21
7
18
18
156
156
2
1238
3
4
353
5
5
5
4
0
2
284
2
8
0
6
2
165
1083
2181
2181
323
1256
1016
24
24
1816
2
1
1
31
31
900
959
1210
959
1
31
32
128
2
691
487
32
2325
473
20
473
53
350
1894
80
6
17
1001
1572
434
434
1350
1752
563
1569
542
184
620
563
80
6
17
1001
226
73
73
73
648
162
2
1262
2304
2304
2304
2304
2
2
155
1
8
27
536
5
378
29
29
3
2
389
356
236
311
331
10
34
989
1510
8
65
489
489
239
10
9
10
1
1044
1044
1044
1044
1044
1044
1044
709
692
15
584
547
263
1084
837
2
709
709
636
709
852
1686
162
1482
8
21
49
9
8
21
9
49
6
2
4
2
3
52
52
1934
2
1053
1053
1053
1053
1053
1053
1053
1053
774
2333
2
1020
456
456
104
1
1655
2
687
2
1249
1
64
64
63
63
62
2
2
11
326
2240
2378
673
2
50
2
2
1052
1036
3
2
448
1398
89
90
993
74
1062
35
1062
733
43
2
232
218
11
4
1
932
932
6
6
5
311
523
591
2339
1655
193
3
64
972
383
377
376
8
999
100
0
82
26
576
1463
1109
85
345
26
37
288
1117
12
428
2
732
1
2037
503
2208
2
2
1592
717
1918
480
125
2
2
2
2
1753
2
3
6
2
2
774
773
771
770
1346
12
2
65
1306
151
10
0
2
2
1
1
5
4
4
31
31
2
57
2
652
491
1
3217
108
1239
2
1213
41
55
56
56
456
2
2
9
2
100
1433
1425
1425
101
365
2
6
381
6
0
132
1
2
186
1157
27
1062
301
7
2
123
910
2
2
10
1824
28
369
1478
2
39
1719
522
1090
206
1765
2384
1581
2058
4
2
155
41
109
45
43
43
24
17
2
1904
1452
860
2
57
237
6
2
17
416
344
5
40
40
34
34
353
11
2
103
151
2
576
1855
2460
1
1946
5
11
1
1
1
515
454
79
2
204
1
1
5
2
24
1
17
2518
1066
1946
2
1034
73
138
309
2
1009
47
36
126
16
2043
1187
1187
1185
1185
1185
1187
527
2247
1378
894
893
893
893
893
46
891
891
891
891
891
890
890
83
271
151
378
2
537
18
6
0
2
2
456
2
116
2
7
240
381
2
277
277
277
277
277
277
277
277
277
277
1
2183
479
5
0
32
32
32
32
30
986
32
37
32
30
986
32
30
986
2
1752
88
508
1371
8
601
594
7
118
118
399
585
399
210
4
165
2
691
525
0
252
756
72
1
2
52
2
1
9
421
0
634
4
397
23
2
2
76
657
2
238
677
263
495
5
11
390
128
297
5
65
2
2
459
547
93
1285
1695
129
45
36
1445
64
663
46
268
2
2
2
2
2
553
2
193
1515
49
7
1
1
1
711
614
2
2
63
980
999
999
980
999
1
2
483
0
691
339
6
1945
1
0
0
2281
25
129
926
328
83
1173
10
780
1
57
529
242
37
140
152
5
4
13
360
2
1
1610
2045
2055
2
523
691
918
264
264
1276
68
252
60
1219
2
30
3
865
853
853
853
7
21
80
117
1
7
7
6
6
2
106
19
1430
1004
61
2
369
3
2
2
1248
1248
1248
456
1838
0
2178
54
190
2
3
1
2
1
1
1
226
224
58
6
37
31
1699
1408
38
309
1334
496
558
32
530
2
48
61
519
519
516
516
79
1481
1389
1481
79
516
908
651
6
1
615
456
76
49
42
49
42
1049
1045
1044
1045
359
103
2
135
2
2
2
2
2
35
5
2
2
2
2
2
3
2
2
2
2
2
381
2
2
173
170
177
2
2
2
2
2
611
691
49
284
400
0
2
1
3
1
2
1
1
1
1
1
1
2
2339
2
151
744
538
2
2
392
2925
103
116
709
2
326
1064
1693
560
818
432
376
787
1270
632
5
2313
2
5
1023
1097
1023
1023
300
70
495
836
495
495
836
495
357
50
352
100
352
76
1
401
1242
97
97
54
54
369
422
1
17
16
2
16
2
79
4
4
0
691
1258
2
1
9
117
691
36
85
111
10
650
389
1090
1
456
2
0
16
306
1601
1601
1601
1601
11
13
31
3
1077
387
1077
1712
100
99
34
2
2
0
2
2
108
64
161
19
280
2
3
456
0
1191
1185
1184
1178
2286
2286
2286
2286
2286
2286
2286
2286
2286
2286
2286
2
741
511
511
741
511
18
18
29
16
79
1
523
523
523
523
2
21
22
15
9
2
21
523
129
45
129
45
39
45
129
39
895
45
129
45
129
45
129
129
45
129
45
39
39
129
45
39
45
129
1
1
444
13
166
166
2
1
11
11
10
10
9
9
8
3
3
3
2
2
456
1332
1107
489
2
854
286
286
701
851
1111
763
708
307
307
678
506
1047
307
10
10
307
19
1374
19
145
28
81
81
57
2686
1689
178
69
69
125
407
400
400
1179
1179
1179
1179
1179
1179
1179
1179
749
844
801
508
635
286
714
989
801
989
1655
197
185
179
173
166
166
159
152
144
138
136
123
127
121
113
96
88
81
0
673
719
2
2
2
75
0
0
929
929
929
932
0
1046
11
154
3
499
899
1430
64
2
2
1078
111
1844
1844
2
2
2
2
2
2
27
9
8
9
1
384
1252
740
2
4
13
591
0
2
2
2
2
194
2
2
2
743
729
607
274
2607
386
218
879
337
333
599
756
770
763
2
2
2
209
209
819
2
2104
495
1820
638
676
2
87
87
1
1
6
1
1137
2118
2118
1438
14
63
23
2
2330
2330
1946
1945
1945
1945
53
1230
1109
1320
2313
896
896
339
679
1
2
456
846
2
2
2
691
369
445
10
1
0
0
32
137
163
951
582
1
1
998
237
2064
3
52
52
166
963
963
837
672
775
629
480
447
421
421
442
429
629
2
2
2
1462
1463
1583
1583
1582
1582
1582
184
570
1583
1582
1582
1582
1582
1582
1582
1582
1582
1582
570
2
509
3
432
29
193
459
2
548
2
2
2
209
2
2
2
2
209
2
2
2
5
4
1
23
91
360
691
691
691
2
900
24
23
23
23
612
614
2
2
350
1
73
103
12
28
2
2
10
8
2
282
1984
12
13
63
1373
1373
1373
1373
1373
414
414
414
804
1735
500
1791
1274
1768
6
5
4
2
2252
1579
1579
1579
1660
378
151
523
29
29
42
144
29
763
763
2
137
4
2339
887
314
789
1150
800
8
352
3
30
415
7
3
4
2
1839
90
90
90
11
1
524
1707
144
138
166
1
226
199
558
544
212
3
4
4
3
9
3
4
3
4
9
1
1
2
2
4
22
4
2
2
2
3
3
691
199
9
8
8
2
9
8
8
469
3
18
17
2
31
30
31
37
611
237
2
2
2
422
28
28
1546
1546
12
22
5
31
2
1
2
2
44
267
20
317
176
185
113
2
1003
2
5
5
4
4
526
1156
1004
61
281
882
409
297
79
200
1737
61
1
46
46
3
2
3
2
6
0
1
63
64
47
26
9
1864
2249
2249
2249
2249
2249
2249
22
279
16
3
1
1455
1455
268
927
2
1087
24
2
5
190
2
141
425
2
87
1
1
790
443
55
57
43
57
42
42
41
422
975
106
10
3
13
383
1051
39
383
39
693
964
829
883
693
786
1463
585
998
824
635
309
617
1214
693
87
2293
2293
2293
1
78
600
1
78
600
15
600
1839
1
1
1
11
11
1839
1839
1
1
5
11
10
10
9
4
7
2
3
2
519
541
2
360
1987
691
905
905
1435
412
107
1
302
0
409
691
35
185
229
98
229
499
1946
1946
1946
1946
11
1839
1053
968
1247
1247
2
2
2
0
683
683
682
659
518
539
1044
1044
380
380
374
2
1078
13
311
6
280
280
50
50
106
237
106
2
2
3
3
3
2
1
2
2
23
162
2
2
288
1
2
209
2
2
3
344
152
669
43
2
2
1
176
176
18
18
18
75
75
15
391
22
11
11
1743
127
1224
155
1
17
1759
1743
1743
1759
1743
1759
1743
1743
1743
1759
1737
514
514
5
4
950
369
155
40
6
123
25
1
1
93
77
166
60
2
2
3
4
4
9
3
2
9
9
12
12
79
2
3
13
402
2
209
209
209
2
123
1109
2
1610
1610
1610
1610
1610
21
1
21
14
1610
1610
1610
50
369
369
237
40
348
221
27
25
558
529
155
13
4
4
4
560
466
29
0
3
7
3
4
2
2
2
120
506
1
106
490
1
1
12
11
10
27
1
1002
102
302
302
302
302
8
8
2
47
2640
2640
2
2
2
0
3
357
357
22
347
4
25
842
658
2
29
2
5
16
16
29
1
7
25
1
2
2
5
2
29
280
1009
1225
612
15
17
1009
104
1047
1047
0
2
5
5
5
2386
1636
16
16
2
5
1
691
910
100
8
8
197
187
195
92
93
85
10
51
61
9
9
10
3
2
2
1
32
0
8
998
2
2
219
1990
1990
1990
1990
11
808
605
605
11
792
9
2
1003
128
1050
1050
1050
1050
1050
2313
442
2
155
3
80
166
855
3
0
0
0
4
0
0
0
0
213
0
2
2
3
6
5
2
31
52
1465
1423
1575
4
39
740
679
6
173
638
638
1
22
226
82
79
227
1328
15
1226
1213
761
866
1536
1536
544
544
544
679
679
679
679
165
5
28
27
27
2
16
5
280
16
348
6
122
456
523
572
572
2
155
39
39
1067
1066
1066
1066
2241
164
163
163
256
183
163
163
1
260
260
260
256
260
260
260
260
260
260
260
260
159
159
213
346
162
1
40
39
39
40
40
39
39
38
38
38
37
37
37
36
279
369
410
954
2
2
1277
2
2
2
2
6
311
142
142
141
141
141
140
140
140
140
139
139
138
2021
1024
490
755
3
162
57
87
18
456
17
1170
1170
1170
800
799
795
2274
2274
2274
2274
2274
2274
2274
2274
820
827
828
827
821
820
813
807
806
800
306
306
306
306
799
800
799
306
306
305
821
827
749
185
2
11
1171
349
6
2
691
1679
284
439
17
1
510
510
504
2
5
3
168
16
1267
1621
1045
715
1450
589
1842
586
586
1328
691
486
197
2433
321
880
1904
1275
1046
60
247
770
280
119
2140
2
2
2
6
329
23
1430
5
281
369
16
525
2
126
506
2
2
2
2
2
2
10
2
280
2
2
128
1
22
15
15
378
303
151
16
281
4
1
3
10
10
2
2
879
2289
37
2
3
2
2
2
2
2
2
64
68
65
68
67
288
288
288
288
8
2
62
381
381
381
381
381
381
381
381
380
380
380
380
380
380
380
380
380
380
380
378
378
381
380
380
380
380
380
381
381
381
381
381
380
380
380
233
380
380
380
380
380
380
380
380
1
186
175
1
2014
0
44
44
19
18
763
280
280
2
2
5
1029
2
155
2
2
2
2
456
0
0
0
16
37
2
0
0
6
271
691
134
340
9
182
182
8
120
132
173
28
28
28
27
27
27
27
27
26
26
26
25
25
24
80
2
2
689
409
409
54
2202
2202
2202
2202
2
2
2
1059
1057
1058
2
2
268
492
519
512
596
585
365
84
675
74
84
1372
369
296
292
387
280
280
681
1
1
0
14
238
4
21
56
2
2
2
8
7
6
6
57
1034
155
17
1179
1
355
22
64
2
2
422
2
200
2
240
436
237
0
1401
456
22
834
913
834
834
834
1
1
29
15
10
0
1079
670
670
39
78
10
13
369
18
3
2
355
355
342
341
341
487
487
486
481
480
479
545
2
1
100
74
111
111
1
2
32
26
0
444
1368
369
954
37
471
121
118
303
275
395
2
2
2
2
394
388
386
1923
1923
1923
1923
1923
1923
52
2
1
691
2
76
76
975
4
1099
1121
2
77
76
31
2
0
2
1
133
133
133
190
2
280
2
56
1
7
22
1083
1083
1083
2
182
130
182
41
33
1
691
369
2300
120
19
5
909
259
259
1
1
1
4
1
1719
2087
1719
1719
1719
369
1188
979
11
14
1
1600
91
91
255
117
2
637
1537
237
1
117
111
111
110
320
26
5
5
4
4
2
6
6
1000
1000
1098
536
558
1110
844
844
275
773
1385
936
936
885
573
573
1375
1375
504
645
482
352
652
1069
1078
918
912
911
905
694
796
96
96
93
767
6
1107
12
12
12
17
266
389
745
389
745
272
764
2522
2522
1
3
3
300
227
847
897
821
821
485
1224
139
403
2
4
181
2
1945
1945
1945
1945
1945
1945
1945
1945
1945
1945
1945
1945
16
5
1
36
5
3
3
2
2
1
4
4
3
1
1
519
515
515
519
519
519
519
519
518
36
525
1023
853
1353
2032
700
734
656
1549
155
1432
151
1329
2
1215
792
792
792
792
206
456
125
459
485
624
263
624
952
1014
970
84
84
369
369
3
48
3020
3020
2
2356
2356
2356
2356
7
2356
2356
2356
2356
2356
2356
2356
2356
3098
385
2302
2674
4
10
87
9
389
11
12
12
600
3
10
11
10
11
12
11
12
4
10
87
9
389
11
12
12
600
3
10
11
10
11
12
12
11
1
8
2667
3
13
4
151
1479
2302
456
2167
1431
2
2
2
57
294
732
389
1050
173
173
59
58
515
485
478
485
449
449
16
2
5
72
53
243
1139
22
1
22
161
73
36
38
2
193
3
3
2
6
60
10
2
82
1
1
2
157
57
2
1825
1862
0
891
891
891
2
5
1050
3
445
6
7
275
1
624
6
2
2
2
278
2
5
72
16
79
83
77
76
70
2
2
1
1
1
4
691
257
74
74
74
1
11
11
11
11
2252
2252
2252
728
1
0
0
0
2
0
311
206
369
8
5
8
8
5
4
2
5
4
8
4
2
8
5
4
3
4
4
3
8
834
155
2
1
812
1
735
735
1488
1
5
18
558
155
1268
1513
1186
50
53
1380
1480
1388
1480
1410
512
1589
1597
141
2181
1370
1527
288
427
1380
1
1
13
1506
1506
1506
1506
1506
1506
1506
38
68
1
1
1793
1793
200
1923
4
1923
81
691
1545
2
0
0
16
1
9
9
9
9
468
0
749
749
867
2456
2106
1656
1307
1684
948
1674
538
1002
880
513
1074
121
121
121
20
0
0
0
69
1
395
90
19
20
19
20
19
2
709
1
1982
9
473
151
216
3
10
771
30
30
1355
93
36
2
2
28
28
628
28
456
654
3
1414
1116
5
0
0
658
2
2
2
113
110
112
153
164
183
115
110
2
0
6
39
3
8
89
2
142
117
65
64
363
739
505
2
176
169
162
573
10
35
749
12
12
872
3
37
780
780
780
780
1172
378
95
685
103
437
31
8
616
2
38
12
2
1042
1269
1042
864
864
2
2
7
4
3
2
2
16
2
2
2
39
2
2
2
2
2
2
2
4
3
4
7
2
2
190
763
763
10
10
11
10
10
74
93
947
138
4
16
1
1
2
0
8
57
33
263
722
435
687
572
259
913
327
263
1
874
641
852
1
1
0
33
263
722
572
259
913
327
874
641
852
8
33
572
852
1127
8
6
8
6
1
1
1
852
188
190
416
182
190
190
189
187
839
559
707
712
540
863
735
709
860
533
323
347
347
870
870
548
199
31
1105
623
1
46
2
1779
369
5
1655
2
924
924
924
1171
1171
1171
1171
1171
19
19
19
2009
1
1
20
42
134
134
134
134
766
1331
1330
2
124
163
1358
17
2349
2349
2349
2349
2349
2349
2349
2349
2349
2349
2349
2349
2349
2349
2349
2349
2349
2349
2349
2349
2349
2349
2349
2349
2349
34
2349
421
2349
2349
2349
2349
2349
2349
2349
2349
685
132
18
18
3
3
513
2
22
1431
9
280
182
14
1
3226
1094
2
2
16
29
5
16
2
9
8
3
5
209
2
2
1258
77
1485
7
4
10
87
9
389
11
12
12
3
600
10
11
10
112
1052
0
1
0
0
0
0
0
749
4
1920
1920
1920
1
234
691
456
1762
2522
636
2522
1946
1946
1946
1946
1946
234
2
3
3
833
833
833
833
518
155
1
2
478
2
3
3
76
2
7
3
4
2
2
3
3
2
8
22
963
1045
1045
1045
3
1
1
1
1
1
1
108
375
1042
1373
151
954
369
852
769
96
96
280
0
1726
1726
480
59
59
480
612
109
5
734
1
1254
2
1058
5
691
691
19
133
85
5
4
4
4
4
4
2
64
80
64
303
2
2
54
2
11
2
2
1124
438
2
4
2
1209
2
2
2
2
907
84
2299
9
8
8
2
39
296
296
2
2
2
2
2
819
2
2
2
2
982
1057
1337
691
2
2
2
2
2
2
2
819
378
2
1
2
1
2479
947
1443
2
3
2
1432
2064
641
2
2
1
1
2
2
2
11
4
1
1
2
209
2
2
209
209
209
2
2
2
2
5
972
2
2
9
2
2
28
26
26
25
2
2
2
2
2
2
2
2
2
2
2
2
19
2
2
35
2
304
957
498
2
2
907
2
53
4
947
0
350
4
161
1
691
1839
1019
2
0
323
323
26
2
2
2
103
2
485
68
68
68
68
155
280
1263
1118
954
954
929
929
929
0
26
929
1890
1890
1890
6
48
824
48
186
1239
855
855
280
66
1
166
45
44
44
44
0
0
5
5
75
2732
2
68
13
304
5
673
1
691
798
1900
21
25
25
32
24
24
2
71
123
123
122
122
121
121
120
280
2
1
2
4
0
0
2
1280
1
65
64
64
65
64
0
625
2021
1024
168
1851
62
1124
1124
763
2
2
1064
388
30
1016
16
37
155
5
5
6
6
6
186
58
2
25
281
0
2240
2240
5
549
549
550
549
549
549
1845
1845
1845
1845
1202
1202
1202
1202
1202
1202
1202
1202
1202
1202
1202
1202
1202
13
12
4
13
12
141
2
30
373
489
4
67
898
1157
57
2
1855
1855
1855
1855
1855
36
1855
1331
1
1
1
4
1
4
3
312
1
1
1
1
1
49
46
2877
163
2
518
548
518
0
2
155
280
295
1
1
1
1
1
1
1
1
71
728
1015
889
230
1805
1805
1805
546
4
4
41
41
41
34
1473
1117
962
1052
749
1066
976
776
6
609
2562
28
28
81
691
13
10
82
81
11
81
34
129
45
632
1033
50
959
959
959
959
267
3
80
86
41
414
71
720
763
763
28
28
81
806
800
799
795
799
795
2
456
2395
27
13
6
2
2
13
1355
374
459
513
763
500
2
2
5
2
2
672
2
2
2
2
2
2
2
2
2
48
714
2
368
84
369
763
694
5
1
1
16
1036
14
6
14
716
716
335
820
820
14
280
456
151
381
835
356
1855
1488
824
186
1643
93
93
118
1695
81
110
1
1982
645
150
234
2
2
38
67
6
321
0
1
2
1091
1091
2071
2071
1
0
573
0
0
0
2208
691
1766
551
121
44
37
527
82
226
79
227
168
0
100
840
33
11
14
325
16
1
801
345
374
333
1
192
1
840
726
729
2
491
804
804
422
2
2
3
3
4
9
4
9
4
3
2
870
1315
497
72
115
3
3
199
199
2
208
763
143
10
10
9
3
187
11
7
110
2322
758
790
757
756
749
753
756
456
2065
4
1394
1
16
686
552
1666
1608
2154
691
183
1235
1235
279
1481
456
2
468
342
40
2
2
4
456
168
6
1297
106
2
2
2
409
199
383
57
3
3
3
3
3
221
26
5
836
0
109
109
86
0
123
685
685
1
97
729
171
2
3
2
3
2
2
555
88
260
513
17
17
10
129
781
782
781
781
781
781
781
782
782
782
0
11
247
2
3
1695
277
1271
65
1058
1057
1059
5
24
24
23
23
22
30
149
22
190
16
2
9
86
86
1052
63
5
11
10
779
330
410
127
1673
1673
769
1617
691
523
11
71
309
71
38
104
456
456
2
1071
369
153
153
1107
2
456
896
766
22
15
29
1
22
2300
2300
2300
32
684
668
668
684
85
86
86
87
87
88
88
88
89
89
90
91
90
90
80
79
79
79
78
77
77
76
76
75
75
76
75
84
84
79
78
78
77
71
83
83
82
82
81
81
82
82
84
82
82
83
84
81
80
80
79
79
78
83
78
77
77
84
83
81
80
80
79
79
78
80
80
79
79
77
76
76
75
75
74
74
73
73
72
72
71
71
70
70
73
80
78
76
76
71
75
75
74
74
73
1659
356
515
470
198
222
1494
1436
1485
1121
1065
314
1089
1910
1404
1494
1065
1924
1046
1436
1485
1065
1963
1510
1184
1607
2
1204
1096
102
1285
1312
631
1218
2334
1252
1301
1313
815
693
815
588
815
815
815
653
509
1777
3498
501
1138
1116
653
509
390
345
658
615
2211
653
762
0
39
1146
153
0
1200
331
4
1982
1982
1982
187
0
0
0
0
0
473
473
691
472
472
471
323
323
323
236
1191
4
13
4
37
1502
64
1311
2
3
763
6
16
2
2
369
2302
1712
2302
2302
2302
2302
331
0
1
2
2
999
999
904
2
2
2
2
2
2
2
2
200
200
37
248
752
752
31
556
556
556
84
270
269
2
1059
1057
1058
19
19
19
1068
2
2
2
17
882
1170
1100
1
0
1100
1100
1100
1100
1100
1494
8
2727
924
868
868
868
867
866
891
2338
2338
2338
2338
2338
2338
2338
2338
2338
10
419
1302
3
8
7
7
7
2
2
819
178
2
131
1380
8
2
2
1
2
2
2
2
819
2
2
2
2
507
506
505
504
523
878
318
878
318
878
318
1268
769
456
55
0
131
1
9
19
2
2
2
876
878
834
657
659
769
1041
581
1129
568
660
441
618
421
471
513
423
20
2289
2289
2289
183
159
1
11
121
449
121
373
2727
569
589
10
443
748
2326
2326
2326
2326
2326
2
2
204
509
396
32
1023
12
399
316
368
287
1
2
2
19
1177
33
166
3
3
3
2
10
438
2
683
641
503
2
893
528
15
151
2
1058
905
905
237
938
3
15
2
1465
313
313
313
27
7
127
639
116
639
639
1023
127
639
433
107
2
2
2
343
480
800
261
253
109
109
409
2241
2241
2241
7
490
2
2
2
11
22
15
2
529
529
13
2
1220
1219
1220
237
2289
1171
1171
6
573
1
935
11
69
801
801
318
271
151
271
97
271
89
89
6
8
51
3
422
2
32
2367
2252
833
1088
1716
1716
1971
794
796
794
793
792
791
499
422
64
64
63
63
63
62
62
62
62
61
62
61
61
60
60
59
58
59
58
2
474
237
3
1170
1937
1937
1937
1937
1937
1020
141
33
1965
816
816
816
3
13
328
111
104
104
303
303
271
265
265
265
209
279
279
224
209
334
334
1660
1660
1660
1660
6
5
5
6
7
4
2
7
3
2
2
2301
2301
31
1
1
1
38
38
38
0
94
169
3
3
4
3
0
150
435
435
435
435
435
435
435
1
2
2
2
2
474
0
2
2
2
2
1
2
2
22
2
179
555
135
2
2
2
2
2
1
1
1
93
2
3
10
2
8
5
1
13
9
5
1
331
756
772
517
517
2
46
2
2
2
39
906
899
898
885
878
768
554
2
2
2
2
0
2
2
2
2
2
10
2
2
2
2
2
11
2
1309
271
319
2
2
2
0
33
2
2
2
2
2
907
2
631
2
237
2
2
2
2350
2350
1
9
105
2
2
2
166
166
166
164
166
2
478
3
3
66
551
550
550
550
550
550
0
2
6
6
424
356
2296
16
22
1105
2899
5
4
4
362
8
919
57
42
55
378
68
68
737
663
1
537
369
406
1062
760
2185
2251
1215
14
2
2286
2286
806
225
37
37
37
37
225
0
4
96
1048
1041
0
0
0
0
1066
1066
481
1
614
139
1291
41
383
138
3
349
317
196
192
453
115
110
210
308
419
111
281
250
128
147
199
221
130
431
409
1838
1838
5
485
485
1593
485
485
268
31
28
268
31
268
267
10
454
41
0
31
17
1
2
2
1
2
4
2
2
5
239
0
0
2
209
5
0
691
691
691
63
0
1564
1564
4
691
1
1
369
3
3
6
566
6
566
456
2281
23
19
18
14
3
9
1
15
1
486
486
486
9
631
1
373
369
280
5
16
378
378
7
691
2
1
47
47
4
117
1
32
0
16
2
0
41
1562
1
691
2
865
865
864
84
378
2
2
1245
1245
477
457
1
456
2
2
6
167
8
307
0
3
42
981
981
982
981
981
981
67
1065
1065
1065
1065
1064
2
879
2
2
2
2
2
7
2
2
2
2
2
2
1572
500
2
29
5
113
78
6
1058
1909
1329
275
275
274
521
181
547
547
1
2887
2887
1063
2
992
992
992
992
992
145
145
79
79
1788
1
1
49
49
49
48
49
6
190
691
2333
851
851
1551
260
376
376
552
1
1058
1059
1057
31
456
280
456
5
1
1
767
2281
1059
1058
1057
0
0
0
2
2
2
806
1434
1000
1008
2
2
2
2
2
2
1
2
749
5
5
2
2
2
209
907
635
309
2
2
2
2
456
2
2
2
2
2
2
2
2
2
2
2
638
2
0
3
2
2
191
1436
191
1607
903
42
1317
163
276
163
0
11
776
478
954
436
436
2
2
116
2
1
4
1
2
2
2
248
284
3
1
38
37
1
3
1
1
3
1
4
1
13
1
1
4
4
1
1
1
4
1
2
1059
1057
1058
61
61
0
81
320
368
0
657
123
1865
626
81
81
10
341
31
31
24
23
456
456
456
456
5
4
5
23
1200
0
0
2054
2054
428
2054
428
511
511
511
511
511
511
511
511
511
511
511
511
511
511
511
511
511
511
511
511
511
1631
428
224
1631
431
261
431
431
431
261
431
261
2
390
316
22
395
48
33
53
435
53
1658
1
2
0
0
1618
596
1187
689
1187
268
460
21
209
21
21
417
3
2
2
2
2
2
3
3
2
2
2
456
0
1
426
1
4
95
226
10
2
1167
4
6
75
53
2
2
2
2
2
2
369
2
1604
1605
1605
1220
198
428
0
316
11
137
137
2
347
389
169
169
2
111
10
1
4
13
1
11
1844
2
1081
1081
16
5
444
459
471
280
53
282
247
302
603
381
381
381
381
603
603
381
603
601
601
601
4
2
2
0
59
1040
59
376
5
14
4
5
977
506
369
2
2
9
85
413
747
97
420
422
327
376
404
172
977
660
1362
1441
1743
1117
1117
1062
1117
1062
698
1935
986
1111
1153
466
1064
1189
1695
917
1111
1040
1899
471
31
13
691
13
13
13
13
5
2
2
4
556
556
556
555
555
555
554
895
1
7
763
655
763
368
763
79
16
72
9
439
488
482
57
512
515
831
464
93
725
1340
1319
792
731
613
297
296
360
159
881
307
74
105
74
27
462
5
5
5
1893
925
20
11
538
775
766
1097
201
175
175
1765
1
4
114
114
114
402
2
555
166
1
801
1
0
821
1
1117
2
2
2
209
2
2
2
2
2
2
156
1
9
4
13
2
7
7
151
456
1
16
5
280
2
2
76
2
2
2
381
2
2
2
2
2
2
2468
29
2
2
8
391
1096
1644
1096
391
7
71
0
2732
1200
1830
130
601
46
601
0
1840
2
2
0
6
5
1059
1058
1057
945
107
2
2
1
2
2
2
2
2
2
2
2
2
2
2
2
2
2
2
2
2
2
85
409
0
0
130
112
281
1018
13
336
1
1
2312
2312
2312
2312
307
347
358
358
347
64
1944
1944
1944
134
996
637
857
70
2
76
75
75
45
1352
45
5
2
1546
2
1
641
641
800
800
800
800
800
1317
1317
800
1
1
31
7
551
551
551
551
1336
301
2
430
516
516
21
456
259
1339
1324
2
2
2
2
2
2
2
209
339
341
2
2
107
2
398
16
1595
1985
8
237
1406
783
1963
115
907
1
1
280
280
411
1
414
414
229
1
691
46
46
117
117
1729
1779
1779
1779
93
15
93
93
89
89
2
106
0
1058
2
2
1
2
35
0
1985
936
139
132
1318
13
586
1056
1056
96
96
56
56
2
550
2
116
56
20
2
2
65
1
2
5
2
2
399
3
1655
57
37
57
37
6
5
0
18
4
12
501
952
453
11
10
6
6
93
15
93
93
713
36
1185
26
36
523
3
2
29
79
494
851
981
851
239
4
14
31
14
0
1125
1125
1125
1124
1124
1125
1
1
1
11
1
11
1
1
853
198
12
2021
1024
2
2
17
937
280
360
369
1354
1354
1354
1354
1354
1354
1354
1354
1354
1354
1354
1354
1354
1354
1354
1354
23
264
1534
1534
1534
1534
1534
150
942
150
150
2
365
738
918
234
1240
157
156
442
46
1001
280
260
1669
2303
76
1136
708
1136
1136
1136
1136
548
1311
1226
66
311
693
383
19
19
5
4
428
422
422
422
422
422
422
926
78
1088
935
37
33
54
3
3
4
4
9
54
33
37
149
37
0
1851
94
1
1
31
2
914
1097
798
1385
18
31
237
8
3
999
999
999
999
999
10
361
825
338
152
1657
2
49
383
468
479
6
0
848
2
909
26
1
77
2
2
1361
993
1
5
2
2
2
2
2
2
2
2
2
88
662
88
1295
88
1690
1719
691
2
1655
2
2
12
2
2
2
220
2
7
3
2
2
4
13
9
8
1124
11
2
2
92
92
178
178
1
2
32
2
1
1
1
0
0
0
2
0
1
0
0
25
25
25
201
456
100
768
187
526
121
526
187
84
0
2
40
34
556
863
19
19
74
10
74
1
215
2
5
280
2
287
481
2
170
0
95
516
313
447
434
430
4
6
162
1
6
2
4
460
3
1421
80
677
0
67
66
66
65
65
64
64
63
63
62
1
1
324
215
1498
1498
1499
1498
240
550
54
7
7
423
24
4
2
6
1492
241
241
2
168
362
395
149
1860
1024
2021
388
1847
691
2021
1024
1611
1015
3
1
2771
134
2105
90
1944
409
456
110
103
96
89
82
91
1
0
1
1
391
710
718
561
443
456
1708
2
2
507
507
507
507
507
505
2
363
8
369
2
763
1003
1003
311
168
5
1
9
6
585
585
585
1330
1946
1946
24
531
24
531
531
3
5
6
8
6
2333
2333
426
6
2209
2209
691
6
1383
92
2
2
31
388
41
17
16
1716
36
36
36
36
36
36
333
36
36
2140
678
2
2
109
109
109
0
388
29
2
418
1655
1655
1655
1655
1655
1655
1655
1659
1659
1659
1659
1659
1659
1659
151
150
150
150
1660
1660
1660
1659
1659
1659
1659
1659
1659
915
29
29
29
4
13
673
317
1272
5
5
4
4
2
2
500
2
1521
1684
1684
478
478
1684
643
648
288
3
792
369
369
57
901
2
2140
13
2
819
2
43
289
2743
124
124
1175
1216
2464
898
8
1196
1196
5
155
155
62
0
879
901
3
3
1
71
2
19
13
152
154
336
336
336
336
336
1743
1497
1497
1497
1497
4
13
2
0
5
5
4
4
4
3
10
93
2147
2281
2281
2281
2281
2281
2281
1988
3
3
276
456
11
11
4
4
13
1
7
52
2
5
79
155
155
280
1766
1766
106
80
456
237
3
16
16
863
545
1028
1468
448
904
904
82
227
79
226
902
902
902
41
369
280
550
691
0
2441
11
315
71
46
722
104
456
496
1287
1838
1838
1838
1838
1838
1838
1838
1838
1838
1838
1838
1838
806
1
635
5
256
746
849
849
915
375
5
16
1547
32
1547
369
155
155
80
78
75
80
74
75
78
80
87
88
88
60
59
74
72
67
66
456
1
145
11
144
744
831
145
57
327
327
327
327
327
327
327
390
390
28
28
81
2
557
557
58
3
169
913
46
36
2
1
2
691
2
25
2208
129
0
1
138
130
130
217
217
217
220
6
5
311
3
792
35
1840
19
18
465
464
464
464
463
463
462
462
462
462
39
1
529
9
9
9
9
9
9
8
8
6
6
6
226
82
227
79
39
41
41
41
44
2
3
2313
2313
151
990
57
97
97
386
318
3
409
44
44
44
44
151
1724
1724
1724
1724
2
691
691
2
1080
29
1506
1506
1506
1506
691
910
12
72
893
1839
1839
378
378
378
370
370
370
370
370
373
373
2
1055
1048
1020
2182
1369
891
1369
5
2
608
691
1839
185
178
171
164
157
809
1754
759
726
759
566
2274
2274
2274
2274
2274
2274
2274
6
13
6
9
9
4
155
155
1068
66
1266
60
554
74
641
3
2
4
38
572
109
487
486
109
1016
419
847
847
45
1796
3028
1796
134
79
280
1
954
5
10
1068
1062
2
962
1
283
285
0
186
186
185
185
182
16
31
2
1534
0
1534
5
1312
2
377
369
2093
538
1431
477
1549
45
0
11
520
19
2
4
4
35
87
115
115
115
116
117
117
116
123
123
122
121
121
118
118
121
121
121
121
121
121
117
116
115
115
114
114
113
113
113
114
113
113
562
698
698
691
2
2
197
2
1019
1019
2031
516
516
859
852
6
3
1681
932
271
80
2340
15
132
456
599
935
685
1839
1839
0
47
47
46
46
45
1646
1644
1644
2223
2223
628
2223
1061
27
746
2208
2208
2301
2301
2
2
35
11
1710
967
321
5
26
4
2
15
14
14
14
14
1
1752
3
3
1
6
37
372
371
371
371
371
371
371
371
371
371
371
371
371
371
1208
2038
516
2284
74
659
659
659
977
83
108
145
145
683
151
151
151
151
151
151
151
151
683
151
150
150
150
150
150
10
87
87
87
13
21
2
3
241
241
241
241
241
72
72
72
72
128
128
199
210
199
161
490
512
161
490
512
25
1316
38
1651
38
315
580
7
331
0
691
78
5
2313
0
1655
508
1
13
187
187
1041
0
0
52
763
5
8
2
11
2
2
10
10
1058
2
2
351
1473
876
1473
1427
18
18
17
17
16
16
15
16
15
14
13
13
12
12
4
155
781
1840
1840
1840
1840
1840
1840
2313
1844
691
425
104
285
275
275
276
276
276
151
94
1004
13
2
9
45
9
9
1004
9
2
2
2
2
3
1
1890
1830
37
2
373
928
26
26
162
162
577
577
577
2
2
10
80
0
0
0
137
1184
518
263
2
1375
6
2
1006
45
45
44
35
30
4
10
25
1
2
2
16
2
2
26
97
39
39
1429
1844
39
79
44
30
37
93
2
9
16
30
23
37
51
44
58
65
79
86
93
2
421
2
2
2
5
2
1842
7
151
52
331
1
3
80
1
2
912
1330
1979
13
175
6
2053
2053
2053
927
30
163
29
30
30
367
367
367
367
4
493
1592
268
4
493
1592
367
367
30
12
30
367
367
17
1514
10
2
2
28
28
81
81
28
1506
91
0
0
0
0
0
135
138
151
1
53
53
24
115
115
0
40
29
0
40
29
2
78
97
96
96
157
157
107
1059
1058
1057
2
1097
511
698
427
939
991
82
82
82
81
35
82
2
52
702
886
411
365
373
5
2
151
150
150
150
150
288
4
233
52
520
520
520
1920
1920
99
98
98
98
98
748
729
726
155
11
3
29
1077
1077
1077
1
1077
1077
1077
1077
1077
1077
1077
1077
1077
1077
20
20
1075
749
10
61
60
60
60
3
5
5
5
5
236
1358
763
280
1164
683
683
683
1164
1034
177
173
1003
471
242
1
785
611
743
743
121
1054
360
514
772
2
2
15
31
47
31
31
60
3
501
2
2
2
895
895
895
265
302
1560
379
66
862
369
691
5
10
8
652
2
1
92
173
2
152
2
369
847
6
6
1239
1199
6
3
58
2
314
1324
2364
2364
11
10
2
1
1
1
1
9
707
96
2965
171
171
155
2
691
864
1
1264
514
285
499
684
957
57
15
2
21
20
20
19
19
18
18
17
17
16
16
15
255
255
255
2325
6
457
2
117
1
5
1
2
2
2
169
1361
169
2
567
747
323
393
16
1
802
148
16
1029
0
64
3
239
1041
712
299
1931
0
17
13
1
0
37
299
0
28
51
107
117
83
75
37
3
2
0
2
456
87
837
448
25
697
25
857
400
400
400
2289
763
369
72
280
2
2
22
12
504
16
280
72
5
2
534
843
234
1015
844
843
1
673
2
264
25
11
106
18
195
1
11
106
180
764
764
2
2
10
47
265
41
41
41
41
1199
1199
1199
0
7
7
6
7
7
1
1
1
16
7
1
-2
10
1
2169
2169
64
120
120
120
54
5
5
4
4
5
5
4
4
3
3
2
48
95
234
3
0
375
375
4
5
6
5
6
7
1062
286
471
2085
7
2
2
42
39
51
51
51
130
51
51
41
14
13
7
6
6
2
1027
628
2
2
2
2
161
1331
45
774
31
24
17
10
3
2313
0
491
830
325
2140
161
143
2257
2
31
1185
1032
13
833
1687
1687
1687
1687
1107
1444
200
496
754
1580
1
0
2
357
357
157
397
2289
691
1
2465
1602
1602
2
421
1228
1228
1228
1605
4
0
82
82
0
856
2
10
1309
52
46
46
45
45
44
44
43
43
0
1
523
124
123
1280
378
3
147
3
339
952
151
151
2
2
2
2
3
0
0
4
163
280
2
409
2312
112
112
112
721
852
3
3
3
2
2
395
396
2112
64
2
11
5
610
93
45
1354
2317
1354
1354
1354
1354
1354
1354
1354
1354
1354
1354
1354
1354
1354
1354
1354
71
943
3
1
517
234
234
234
61
2010
186
94
94
94
94
94
94
94
94
94
94
94
94
94
94
94
94
94
94
94
92
1534
94
500
268
268
513
94
192
16
738
84
84
84
84
31
30
84
84
25
24
23
3
1057
1059
1058
691
691
11
1112
1172
2
932
171
47
18
47
828
827
821
799
2
633
1398
363
1021
1042
6
310
11
7
7
14
7
19
19
18
17
17
377
927
87
0
0
0
2
4
7
3
2
41
42
41
68
710
307
932
0
467
380
1
31
1
212
11
11
8
155
1202
2289
710
468
373
186
633
131
194
1166
962
2967
1579
1579
734
635
309
561
297
169
1640
818
184
752
282
744
412
1481
2846
194
744
434
520
7
1
129
3
3
3
2
1
2
2
3
5
6
6
8
1
26
29
10
8
57
57
910
480
910
910
1
0
2
456
37
213
4
1515
5
8
1276
1814
340
340
1814
1163
690
340
1814
295
1814
340
124
146
145
1255
15
2
211
162
0
0
7
5
43
2
50
1
1
1
3
1217
1111
1111
1111
264
7
2
2
2
2
2
2
2
2
2
2
2
2
2
2
2
2
2
2
2
2
2
2
2
2
2
2
2
2
2
2
2
2
2
2
2
2
2
2
698
647
93
20
20
14
20
14
14
2
2
0
1
3
267
267
7
1372
406
108
106
103
97
97
82
82
1141
1141
1141
1156
68
68
198
198
763
129
1
6
75
52
597
2
691
1000
280
84
1
691
691
87
87
1
15
1
576
26
989
989
989
989
989
456
456
47
2
426
426
459
685
685
685
1059
63
685
685
685
685
685
685
684
684
14
190
2012
1143
968
1129
525
1129
1
131
624
624
115
115
131
134
134
134
168
154
370
370
2479
2479
444
99
575
691
2
528
6
6
11
142
1336
325
11
97
39
1064
1065
1064
1064
1064
1058
1064
1065
1064
1064
1064
1064
1065
468
1645
966
1027
1027
1488
824
1488
186
1157
1157
1226
1226
1157
702
2
1
2
1502
1502
131
131
2
93
93
583
32
2
2
2
3
2
859
859
104
2
2
1
1545
842
1526
970
1607
1607
1
1462
32
2
820
566
61
571
287
290
3032
3287
1
357
32
828
67
111
94
787
99
94
642
768
1093
317
342
28
519
659
1481
1389
48
131
3010
95
493
298
302
152
485
112
69
984
485
726
1041
2
2
2
2
39
691
2
575
575
575
575
575
575
11
1004
2
2
110
2
78
2350
2350
2350
2350
2350
2350
2350
2350
2350
2
285
329
56
734
56
2
2
623
23
22
662
68
662
131
240
123
271
2543
55
354
2
2
1578
1578
155
2
585
19
19
19
18
17
17
20
17
17
20
20
16
138
130
2
691
1
2002
66
66
66
2
523
523
523
523
523
523
523
59
18
48
1047
966
966
212
5
280
2
2
16
29
16
72
37
155
79
0
126
3
694
4
2
303
1546
1546
120
10
64
456
280
280
8
4
4
682
682
1
1
1
1
268
0
162
162
162
669
928
6
7
685
763
1650
1793
1793
148
148
388
92
92
3
2
3
240
299
305
299
453
163
429
1703
947
763
198
12
46
129
1
1945
1945
1945
1945
1945
1945
1945
505
1034
2
651
651
36
763
315
1929
1156
563
6
6
2
591
5
280
1047
237
230
10
9
9
9
8
369
190
60
60
60
59
59
58
58
16
59
9
10
10
9
9
8
8
7
7
6
6
6
1024
456
0
33
5
10
43
1
4
1
0
44
113
691
1
1
2
2
1
629
67
57
3
4
336
2286
232
232
232
1074
67
474
474
1798
183
1268
744
904
2294
658
1376
0
2
352
9
65
2
2
2
2
2
2
4
0
26
5
2
268
2
2
287
287
299
49
49
2317
2317
917
11
917
11
15
2317
2317
11
2317
2317
264
310
264
264
310
264
25
12
943
943
943
943
839
335
11
74
659
11
1
7
1
36
64
63
62
62
62
62
61
61
60
60
155
155
1470
466
15
1
1
1
2
2
1
1
1
1
1107
69
75
1
707
14
1
66
66
1432
1124
1433
2
691
1446
87
87
0
1135
1135
1128
0
0
2079
82
227
79
226
63
674
73
6
55
48
55
48
1305
2
852
357
669
669
695
1064
782
1
610
1756
331
331
331
331
331
331
1240
86
9
32
2
58
51
1
1
1
7
275
813
58
51
44
37
30
23
16
9
2
1158
1159
1159
1159
6
418
1
448
136
1055
22
5
82
226
79
227
227
27
2
2
484
2
1058
66
1
243
179
2
155
1
0
1
93
91
1988
898
6
51
7
155
280
155
154
280
1304
1615
1359
1480
1665
1665
322
150
929
11
113
113
1842
2
1
553
216
681
1255
835
5
16
16
29
155
169
567
2668
651
547
516
277
277
277
277
277
12
12
405
26
15
5
703
2
109
60
456
426
6
2
2
125
25
505
763
369
2557
2557
110
370
1838
1838
1838
1838
1838
1838
1838
1838
1838
1838
1838
1838
1838
1838
1838
1838
1838
1838
1838
1838
152
1473
476
370
390
26
362
362
10
1
831
1562
1562
1562
1561
1133
1561
1562
1562
1561
1561
1561
1561
1561
1561
1133
5
6
5
2
236
1174
1174
2
585
3
3
3
1151
1151
1752
1752
164
367
152
450
552
1364
13
701
520
2356
2
523
523
24
24
24
9
915
552
1
10
1137
78
130
834
25
832
899
1071
899
359
856
1923
2909
1538
223
187
191
66
915
53
155
16
29
29
16
2
2
492
934
934
620
105
32
2
3
29
29
6
3
2
267
1
51
598
395
1400
1744
148
165
809
1495
1495
1602
1495
207
764
4
5
2
35
1
1
2181
2181
7
212
212
212
807
813
208
1170
1069
1170
2
1481
279
14
1252
1201
1201
1252
280
7
6
6
1
6
6
6
5
5
850
1202
1202
129
53
129
38
627
2
2
2
2
2
30
44
37
1219
5
7
2
2
2
155
159
43
45
2
763
155
16
395
477
691
578
555
440
406
249
151
233
233
92
94
1001
1
1467
1466
5
4
26
4
3
4
99
2
2288
2288
2289
2289
2289
2289
1700
407
583
42
2
1878
808
763
792
1054
122
1003
1003
2
318
28
28
81
94
94
32
102
369
691
1864
58
58
162
5
5
58
58
2232
2232
2232
2232
2232
2232
2232
2232
2232
2232
859
325
325
325
325
325
34
0
4
12
7
2
299
302
706
699
685
678
671
664
657
1
12
237
237
1
1842
1842
1842
1842
1
1842
1842
1842
1842
1842
1
12
290
14
290
144
15
8
22
29
11
145
263
1117
396
1339
1370
971
965
775
768
768
761
754
54
519
167
132
461
461
475
475
475
475
84
84
130
248
2
1211
1168
1168
579
585
579
551
579
571
570
565
563
579
509
474
467
6
1
753
0
1
36
691
874
1
1822
538
80
104
200
791
1463
844
200
2846
2392
538
763
200
791
1320
1230
829
1097
698
1591
929
550
825
1463
1070
2
399
2313
259
258
258
258
257
1516
46
225
743
743
1
44
7
4
3
2
2
2
1
1059
541
537
512
288
1058
607
607
607
607
567
607
573
4
4
4
4
607
607
607
607
567
607
607
596
607
596
573
607
343
373
26
1039
7
163
60
60
12
122
114
114
2284
2284
151
591
299
3
3
3
3
5
51
177
0
57
190
0
0
0
3
3
0
0
0
2
2
1
130
39
426
2
107
108
733
550
733
733
733
733
733
733
733
733
733
5
275
1
456
5
45
129
191
233
264
7
3
7
10
7
10
8
9
8
9
7
7
6
7
6
6
6
6
7
4
2522
813
0
9
10
50
49
1619
1619
1619
95
63
63
63
63
0
5
145
632
1
781
781
1156
781
587
781
781
1730
1730
1730
96
2
2
583
151
212
104
486
172
111
763
207
3205
418
53
2
1
998
998
998
834
834
834
834
834
834
834
368
367
1502
2595
1124
367
1310
890
843
215
83
1236
1236
409
870
367
664
1502
367
1310
79
775
703
893
801
1069
842
842
843
311
576
121
576
121
2007
215
215
1465
21
3
3
3
554
779
554
372
42
42
41
41
41
41
41
40
40
40
40
39
39
39
39
83
2
5
5
1292
2341
1292
1448
1057
1487
1037
105
666
333
123
843
377
33
5
50
107
4
4
159
159
29
72
79
280
456
899
1071
305
2
2
2
2312
5
940
0
1311
74
131
32
32
79
74
877
1
7
0
14
14
512
1899
3
4
4
9
3
1899
1
709
1
22
25
36
277
277
277
277
277
277
277
18
301
301
20
2441
305
20
927
691
405
405
1
16
1
16
1
5
590
1
18
82
205
476
36
868
529
41
566
429
429
646
339
1418
39
280
280
1
2
290
2074
18
18
2
2
372
239
280
18
18
8
1
2
1844
1844
1844
1844
1844
9
251
522
1
2
2
808
816
816
817
808
816
816
816
817
816
816
816
808
808
816
816
816
816
816
816
816
816
816
816
816
816
816
816
816
816
816
816
816
816
816
808
816
808
277
2
66
66
65
65
64
2
155
2
6
2
1
2
3
2
691
339
2
2
18
73
2
2
2
75
385
75
385
75
385
13
107
2
1164
1164
2
1149
1149
927
2
2
2
585
564
557
563
549
556
585
584
578
20
2
2
2
92
2
1079
2
311
2
0
5
436
4
1009
1461
1956
421
18
285
2
5
16
15
15
14
14
14
13
7
6
513
998
998
998
998
16
155
5
16
311
277
2
2
2
52
85
52
85
52
1945
1945
1184
1184
2
2
14
14
39
2
2
2
39
234
2
280
280
626
626
137
32
199
106
106
53
1199
368
5
5
5
5
5
1945
130
157
1058
1058
1593
1593
1593
513
500
487
471
459
444
431
417
402
388
374
343
260
1044
1044
513
500
487
1593
1593
0
1305
985
946
80
5
8
96
843
232
232
239
232
843
330
327
327
330
15
1
1
31
30
12
12
428
669
403
2
1
2
655
3
70
1
28
28
81
573
458
573
573
155
155
334
334
626
124
155
280
241
629
3
2
2
0
990
277
6
635
911
305
0
221
15
889
84
487
487
486
486
486
486
485
485
0
1
11
2
1458
1
1
3
3
833
1589
2178
2178
2178
2178
280
280
15
15
15
14
14
14
14
13
13
13
13
13
13
13
13
12
13
13
13
13
13
13
12
12
12
12
11
2313
2313
2313
1
839
660
3
0
0
1053
1053
691
2
3
10
2555
1579
120
1579
14
908
908
719
719
895
407
1092
407
2185
2372
2262
1469
1153
1493
1153
1167
1168
1614
3
5
6
6
8
7
6
5
6
5
7
3
4
2
2
77
116
1204
1204
0
64
140
139
139
139
2
1
25
2
352
38
1058
601
652
652
739
270
183
1199
1199
1199
655
373
95
4
506
506
400
2
2
2
2
2
2
2
2
2
907
381
2217
2
51
34
22
2244
2244
280
529
529
944
944
36
155
155
40
117
24
49
49
49
1
378
5
77
944
160
1983
31
330
1
31
4
147
928
928
1090
1408
1090
928
4
2756
658
2
2
2
2
361
983
2
2
103
8
2
2
85
85
2
122
2
7
0
9
6
5
5
4
4
3
3
1
1171
2282
2282
2282
2282
2282
2282
2282
2282
2282
1408
1408
1408
1408
1408
1407
932
932
1626
1626
2
2
39
10
1
6
2
2
2332
2332
6
5
2
5
5
2
29
35
26
623
1308
2
2
93
93
93
93
763
0
80
80
80
80
80
190
80
919
80
80
190
190
190
1681
108
73
190
190
80
1415
1838
1838
61
311
1443
1425
1
1171
1171
2
91
776
1136
39
45
129
45
129
0
0
1354
1142
80
904
176
927
927
691
691
57
64
64
4
69
2743
2743
1211
2743
1211
2258
2258
92
431
1777
2
1702
204
1
100
452
1342
49
36
4
2
4
1844
34
92
92
92
6
5
637
2
3
486
12
13
12
12
11
11
11
11
11
11
10
10
0
23
70
0
151
2335
2335
2
2
1
31
35
31
2
431
609
691
3
2
2
1
529
1564
1564
262
691
1777
24
13
11
299
1076
1076
1076
1076
1076
1076
411
411
411
2
6
5
711
709
4
711
709
11
11
11
901
901
2432
2432
12
80
2
0
1212
43
3
3
2
2
2
276
864
864
325
2
2
691
1302
5
456
2
2
151
6
69
6
69
35
2
2
2
2
2
29
16
16
72
37
79
444
2
2
2241
289
11
11
11
340
14
519
1
0
11
4
10
10
546
428
86
51
84
343
380
101
99
43
36
15
36
15
7
7
1
209
848
1068
23
22
22
21
21
21
955
1006
51
148
767
16
16
2
29
12
38
2883
2097
2097
340
2
2
2
2
151
1
380
277
37
1
1287
456
456
456
691
456
29
691
2
5
2
17
144
2
468
11
43
15
328
453
1820
1332
1332
240
764
912
51
61
61
61
151
1137
29
1923
1923
11
22
11
0
1321
1655
1
1
13
13
359
359
856
912
382
534
910
910
3
15
14
14
17
12
4
5
5
691
5
25
9
52
52
52
52
52
52
52
52
52
52
52
52
52
1506
1506
1506
691
456
710
53
53
55
2
1373
483
2
1
3
1
4
43
72
87
434
427
1
73
1
1
2
1
1
2
1
2
2
2
1
2
2
1
2
2
2
25
24
2
369
1
3
93
2
2
20
2
227
27
26
26
26
2
37
2055
26
26
229
332
199
1575
1567
332
215
199
79
79
199
199
92
6
378
2353
6
8
1
2
2
0
8
2
85
2
378
41
15
340
2
2
1779
35
152
608
155
3
276
364
414
409
423
421
416
414
409
407
407
400
395
393
388
386
381
379
374
372
367
374
63
60
58
60
63
60
60
60
60
58
79
1
24
2
21
48
652
4
120
491
1
3
155
9
9
644
0
5
2
5
6
85
226
472
472
473
472
471
1421
2
1286
1286
1286
11
7
141
141
141
141
2
1075
17
50
50
428
608
2
2
3
77
2
13
146
75
1090
1090
918
962
13
80
80
16
24
24
732
732
1
1323
691
1946
155
2280
585
1003
66
65
65
65
64
65
64
64
64
64
63
64
63
63
62
62
0
817
136
2372
3
7
7
6
6
5
5
268
268
268
2
1726
7
2
1
223
340
1799
1799
280
707
707
2182
524
2232
473
1593
0
0
709
3
168
393
400
393
386
116
331
331
330
330
1
4
151
155
155
155
35
1135
1100
1093
0
0
0
5
52
52
52
52
52
52
1471
6
497
2135
57
1243
1243
1243
1243
1243
1243
151
1
661
234
1
410
0
93
4
2
3
34
1151
1197
2097
1618
10
2
2
366
19
2
8
2
73
243
58
927
1568
691
0
1
2
16
725
0
42
37
79
5
280
16
2
16
16
0
1
51
1
145
145
145
2372
2372
76
64
1
518
1187
2
2
2
751
1
151
151
542
2
161
2
2
2
2
152
152
1350
1350
280
0
3
3
9
9
2
5
315
114
1
1
1
1
1
1
1
1
1
152
1
1
1116
6
4
57
1302
240
160
1
0
60
784
18
44
1
298
15
14
855
33
1
1075
1074
352
655
1406
736
19
19
4
2350
2350
16
16
1209
0
2
95
34
352
278
794
789
794
34
352
278
794
754
789
719
117
352
231
50
391
381
160
144
345
1182
15
0
8
8
691
945
510
3
2350
532
1
17
2
2
389
0
6
374
373
1496
580
625
1068
33
2
928
8
251
456
22
2
1923
17
169
197
1202
1270
617
1270
617
197
126
893
593
623
330
108
1101
1277
465
688
891
398
398
783
1
619
14
490
37
36
45
487
5
280
280
280
16
124
57
2707
743
10
369
53
36
36
41
5
207
1
1354
1785
450
87
129
667
571
68
109
9
9
9
9
9
9
9
9
9
9
9
9
9
89
89
71
70
70
90
225
2
1534
57
280
94
57
4
1289
1107
9
22
21
1602
1187
324
324
3
3
100
100
1
2
1431
1431
1431
74
667
321
619
1
168
2
2
2
1170
1
124
11
39
182
130
2
2
30
691
570
338
193
31
193
31
271
47
76
657
6
5
215
193
5
106
17
17
1617
2401
1962
1962
11
10
10
10
10
10
10
2
7
2
913
913
2
104
2
600
594
586
30
594
628
112
112
878
667
78
3
91
2
56
88
36
51
561
2
535
231
39
1731
1731
1731
3
26
26
457
129
119
118
118
117
117
116
154
155
154
1357
938
237
2048
68
95
2091
185
1354
151
1130
1130
1130
1130
389
561
1044
1044
276
389
93
29
1776
1776
340
29
2
5
610
2
1604
0
1123
32
15
36
101
63
300
2625
1481
1389
13
3
95
1
1
1
557
452
445
438
452
438
431
424
417
410
403
396
389
375
367
361
354
346
2
2
11
2139
2139
2139
2139
2139
2140
2140
2139
2
0
2
2
2
1
2
2
185
1
1
1
1
6
3
1082
1080
1080
165
1
64
378
168
442
23
763
0
1
2
2
2
0
565
878
1
10
0
1
2
1549
0
346
84
84
25
24
24
23
20
24
23
20
4
7
3
2
2
381
2
1
1
176
57
490
57
155
2
2
2
2
209
763
2
2
277
277
277
554
663
173
200
244
2
1078
79
65
150
73
6
5
1
2
2
2
2
2
2
2
2
2
2
2
2
2
69
1
400
400
280
144
87
280
17
1377
1635
2
57
456
431
509
502
494
2
4
3
78
7
1
10
3
382
382
382
382
382
382
382
382
2057
101
1744
1
502
29
1553
1553
277
277
277
277
277
277
277
927
1090
535
535
535
155
2
471
969
1022
29
89
30
29
29
29
29
29
10
315
3
82
226
79
227
1851
695
7
5
352
2
576
277
946
457
453
457
661
1298
552
10
10
2
2
2
8
8
8
1407
520
520
334
680
1086
1086
1079
1079
81
1525
10
10
40
306
148
335
8
11
12
10
10
9
4
82
226
79
227
6
1333
2
155
93
165
7
3
3
2338
2338
15
51
378
5
2
1
5
1
5
5
4
13
1344
1344
1
4
3
10
2
3
2
2
398
42
68
1
1882
103
456
29
26
43
43
2
240
1239
57
90
479
442
122
701
701
0
321
155
4
18
18
106
18
1
2
13
4
161
1016
79
84
2
93
691
138
13
1
35
34
950
950
950
2
2
2
2
2
2
1229
1229
1228
1228
1229
2
2
2
907
209
907
889
889
889
889
889
889
276
276
2
2
2
928
928
41
227
41
40
850
76
2
2
1
2
2
106
2
343
1
1
16
280
19
6
458
246
27
44
551
503
336
532
852
44
960
246
27
36
140
70
532
700
446
639
524
548
248
566
61
306
0
133
369
1107
167
235
926
2378
1970
691
386
1
2
28
81
28
28
81
28
0
363
565
563
558
556
551
550
543
543
536
535
529
529
522
521
2
2
1648
714
679
591
426
422
612
578
612
859
458
625
272
1182
389
204
581
658
237
2
2
2
571
1
313
56
42
56
313
306
299
349
50
50
36
57
2
101
2
881
1
93
2
7
2
29
5
16
280
16
90
5
90
76
19
90
362
6
3
12
360
88
249
2
1
4
2
0
0
17
17
851
699
7
1112
80
13
0
67
66
66
65
65
1209
15
0
1842
1842
1842
11
166
166
3
2
66
666
17
549
74
1
4
2
5
2
2041
148
277
226
226
226
226
226
7
1
1
155
51
50
535
34
33
33
155
691
37
477
96
96
96
2
2
561
280
253
730
253
248
248
248
248
248
248
248
248
248
248
246
246
33
79
226
82
227
18
18
17
157
2
620
151
8
4
1
1
505
1
1
8
33
1
16
1
1170
9
33
1265
33
81
49
33
81
928
914
2120
1737
884
1
1
1
1
1
1
1
1
394
327
1376
1376
1376
1376
1365
1376
1376
1376
82
226
79
227
270
107
100
456
68
760
0
0
0
14
1
7
7
7
7
7
433
54
20
398
357
76
46
244
269
203
205
180
32
113
68
113
27
113
21
21
21
104
32
79
381
280
638
638
1514
638
717
574
223
77
39
17
592
0
1
1
1
1
1
7
357
369
369
1107
15
9
53
43
42
42
416
645
0
762
2
1066
1066
1023
1066
793
1065
1066
1066
1066
1353
4
4
378
1062
1062
1062
2185
2185
2185
2185
1
1
0
0
15
226
82
79
227
999
999
999
998
999
999
980
74
4
2627
2
415
1839
1523
1838
1779
1779
41
2
1058
599
103
13
1090
91
6
13
5
12
1193
208
1484
1602
1602
1602
859
747
2
43
2305
2305
3
1170
6
2
1
11
1534
1534
131
351
351
2
443
4
1219
280
1047
1047
4
3
3
2
711
2
2
711
345
468
1142
920
920
774
184
291
224
184
0
184
506
345
345
2
254
254
253
224
223
210
126
87
28
236
363
363
359
232
230
359
333
208
208
201
1
323
323
117
900
276
276
276
37
1
31
18
10
3
29
7
1
11
0
0
523
369
369
44
9
2
474
2722
1778
2722
2722
2816
2198
2722
2816
2198
2
1591
0
532
1058
1058
2350
2350
2350
2350
2346
2369
121
1876
1842
1126
837
868
183
183
1921
1982
1971
1953
1954
1955
1958
1955
1835
1921
1981
1982
1954
1980
1017
1908
1937
1980
882
801
1954
1958
1955
1835
1980
801
691
48
39
399
369
749
3
19
501
501
501
686
690
686
388
2
257
691
482
780
727
11
185
1179
151
2
2
57
813
813
813
457
2
9
0
0
4
7
2
3
2
1
90
90
89
6
763
1527
925
754
925
1527
123
49
0
0
428
428
546
428
428
76
75
75
74
74
73
16
2
2
0
314
1163
1002
1968
1968
1968
1968
1968
1968
1968
1968
2
2
2
2
2353
94
36
1095
999
999
999
999
999
1536
3
2
456
2
232
1
1
169
1354
1354
1354
1354
1354
1033
53
1023
298
3151
2
29
5
317
2619
1136
2619
317
262
8
536
52
54
2208
152
1373
716
659
155
111
6
11
1079
0
1900
1
373
373
31
1044
280
82
227
226
79
457
2
1
15
366
380
366
365
374
365
360
360
360
487
1
22
8
680
1
45
129
365
365
360
359
870
904
74
334
341
360
6
11
783
1
1
652
691
573
573
573
573
572
80
1759
37
1425
7
18
252
1628
272
37
16
5
125
932
635
430
43
42
42
30
1643
1643
5
2
10
10
1950
1
932
932
378
1
324
280
1752
563
400
1752
1030
248
248
1752
1030
943
21
58
391
3102
557
15
221
1611
1321
1
151
381
39
486
1
1
155
337
24
49
47
2105
2105
2105
2105
2105
2105
2105
2105
2105
2105
2105
2105
2105
2105
2105
2105
2105
2105
1058
1058
1058
437
437
30
30
1945
1945
532
532
456
93
1163
1156
1152
1145
1153
1310
2199
1
1
691
339
1184
1184
1184
496
1184
53
209
1274
1
2
29
16
16
16
16
16
943
938
943
595
594
595
595
800
285
691
148
11
3
11
554
554
1
8
10
12
519
9
554
554
554
554
554
554
1
554
554
554
554
18
554
2
1179
82
226
79
227
2
2
928
363
3
29
14
2
479
2
34
34
1
31
1
468
2
72
280
2
5
16
16
29
0
1051
45
38
30
24
24
17
9
1
583
362
1
3
3
62
1498
8
0
4
11
11
7
4
13
34
22
691
31
6
983
983
422
429
1219
2415
1557
622
76
523
872
1
872
2
1511
2
1791
31
1
1
1
499
493
493
74
73
73
22
31
321
140
2354
2354
2354
477
2635
4
1
2082
691
1091
1091
495
495
763
763
691
691
156
1
826
826
425
1
2
44
1466
222
222
2
97
2
228
3187
364
364
364
364
1
1371
1217
280
9
9
5
100
3
1453
1587
1
1780
1159
1330
2208
2208
2208
2181
24
312
312
1
2
0
2686
943
936
929
258
251
244
195
272
195
5
0
0
126
1288
502
1020
468
1543
1279
1279
183
1305
945
945
79
1
1
8
2
2
4
7
368
18
9
9
9
1338
378
691
57
57
107
48
2
153
448
448
446
21
20
20
19
19
18
280
280
280
279
1241
902
747
538
298
621
2431
2431
2431
242
16
29
72
151
757
432
45
149
176
320
2289
2289
673
2
12
2
890
75
182
68
1
4
11
127
124
122
120
117
115
113
110
1136
1041
1079
1079
1
1
7
1090
1840
51
2
38
1286
992
142
209
733
255
1032
11
109
3
121
40
295
5
5
82
79
226
227
4
11
691
5
1080
86
1481
2
180
37
40
40
39
39
38
38
37
37
2
2
1
434
1157
1157
1611
1611
1611
2
2
2
2
2
1
1558
2
959
48
2
426
2
2
234
59
11
89
89
89
96
451
7
1682
29
999
57
60
94
94
68
1125
1
1
536
1
3
25
1
1
8
8
3
1
10
12
2281
2281
2281
2
84
83
83
2
6
10
369
358
77
912
39
2
618
743
6
3
1
1
1
347
9
6
2
1498
1498
489
1
1166
1166
2111
2110
2111
926
1
64
5
1430
3
2
1
1
522
320
812
30
77
1
18
2
2
57
829
5
0
1
0
241
4
82
82
4
314
1073
29
2
265
2901
1052
29
16
79
5
2
2
16
37
950
950
950
87
87
87
441
440
440
440
440
652
264
453
6
155
34
97
125
1975
485
1611
1610
2841
16
5
2
2
2
2
2
2
1
12
21
32
1887
1887
11
840
1362
724
140
2
2
2
2
2
2
2
2
2
2
168
2
2877
2
2
121
7
33
1
2
5
1578
1578
1578
1578
1578
1578
1578
1578
1578
5
2
2
1889
1889
2286
2286
527
1226
448
13
2
2
1
2627
691
226
82
227
79
2
684
684
684
684
684
26
2
2
2
79
82
661
661
2
2
5
5
4
421
578
57
262
443
2305
2305
6
380
380
2
9
4
3
3
2
2
2
353
260
53
323
2
353
541
536
2
541
541
540
53
1839
1839
101
0
65
2208
351
345
339
338
339
338
338
325
325
1
37
3
2053
2538
2534
1399
1591
1059
1057
1058
176
112
12
11
11
11
11
2
5
53
74
11
11
3
2
2
1
1
1
2
1
1
1
1840
1840
1840
1840
1840
1840
1840
1840
1840
1
176
329
329
1
1341
715
1341
1341
1341
1341
715
1341
1043
1045
1045
1045
523
523
523
523
523
523
1838
1838
1838
57
36
1559
1347
1546
1
13
13
166
165
32
25
736
414
400
386
372
358
342
2
126
47
71
276
10
9
4
2294
3
70
30
1
13
13
1610
579
565
558
29
2
16
5
5
48
904
9
17
16
2
2
1
1
0
0
2
374
343
29
10
39
46
744
744
223
118
0
108
5
5
2319
2319
1469
2
7
2
130
89
540
540
1362
1369
198
758
758
758
198
758
0
250
361
332
1310
853
1310
0
21
57
57
57
57
4
1024
1023
1248
1248
1485
377
377
342
341
335
1
18
2
14
4
456
535
529
535
542
1
7
6
7
7
7
9
9
17
146
146
992
1150
17
14
13
13
12
12
11
11
10
10
9
9
8
8
130
130
691
425
425
425
416
425
424
590
1
2765
93
691
99
99
99
99
312
134
4
976
976
13
641
3
69
33
39
39
6
149
149
224
3
3
490
489
12
1432
269
272
269
269
30
155
30
43
495
43
162
741
720
727
734
706
456
493
155
280
7
155
2274
2274
392
11
8
378
378
378
378
378
378
378
378
10
10
378
378
377
402
23
342
644
691
15
1191
1170
87
153
27
121
121
121
1
310
11
309
309
106
261
23
1130
152
152
146
146
145
145
139
3
1426
989
989
989
989
904
904
2
2
21
7
2
879
413
20
20
22
57
61
101
5
25
2
58
4
1
1
1277
691
568
944
405
581
366
365
365
360
365
365
813
813
2
1500
18
18
18
354
2
506
2
2
2
2
114
10
1089
1088
1088
329
29
984
984
483
1557
120
10
2794
13
13
12
200
109
359
2
2
1
208
0
0
0
0
0
4
1
11
1
11
3
7
3
2
4
2
498
2061
81
3024
2478
3024
3024
10
107
1054
684
648
2
2
2
2
2
2
2
2
2
2
2
2
2
2
2
2
2
2
2
2
2
2
2
2
2
2
2
2
2
2
2
2
2
2
264
7
0
21
7
0
7
9
1
763
2
387
387
609
2
388
388
2
323
2
239
1
1
2
146
40
691
2
2
17
17
17
2
7
487
456
83
10
119
112
105
98
91
84
385
413
1
2
1
1171
1171
186
1643
1171
0
1603
2
757
128
757
247
247
282
676
2
7
2
7
7
3
7
10
10
8
9
9
7
6
6
8
7
7
6
6
6
7
6
4
4
5
6
7
6
6
6
6
6
6
5
6
6
6
6
6
6
6
6
6
6
6
6
6
6
6
6
6
6
6
6
6
6
6
7
7
10
7
3
10
8
8
7
7
6
9
7
6
6
6
7
6
4
9
498
492
353
498
353
1
113
1250
1516
550
1
376
376
969
969
2
2
437
78
78
77
5
837
578
7
1155
83
1
1
2100
3238
434
356
1
1
3
1
93
1215
852
278
312
1191
1187
2
328
254
254
328
183
183
1583
691
1070
771
771
771
763
1210
1
59
58
58
2
