4
338
98
56
451
0
1
4
859
41
7
0
938
4
693
1
159
4
1
4
357
1
6
47
380
376
427
74
489
13
3085
16
1
518
1239
1239
1239
1239
232
405
4
10
27
47
845
1224
1223
1223
1
13
0
4
1495
167
6
1
13
1948
10
0
144
18
36
18
40
38
35
33
31
28
26
24
21
19
17
14
12
10
7
5
3
0
1069
651
358
358
2
3
3
2142
1125
2
1090
1090
1090
1090
1090
1090
1090
1090
1090
1090
1090
1042
1042
1042
4
0
282
31
39
1118
4
9
8
102
95
497
0
124
0
446
446
446
446
446
4
0
136
280
160
795
795
795
160
136
48
163
1452
369
788
1438
248
204
1970
1970
772
771
771
192
444
1
1
28
2
837
537
310
1317
0
1
32
693
2
1
212
31
18
12
586
283
551
407
407
365
22
43
2
33
577
1276
2
99
2168
4
19
459
1
85
1
1
230
4
8
7
385
383
425
383
329
425
203
1939
1
1797
1
1069
1060
325
1516
310
611
898
400
204
187
24
7
1657
45
46
45
45
45
44
44
43
43
44
43
43
2
0
23
17
1288
9
1
216
1
4
0
1
897
99
781
781
224
448
1432
597
166
11
37
1007
115
96
17
362
453
157
0
1354
1354
1354
154
1866
4
338
329
0
0
1904
1
1
152
169
1
5
1
139
99
4
8
46
465
1600
1497
177
4
40
40
2250
140
693
1391
98
89
0
24
1
1
2314
24
961
1612
1612
1409
18
4
7
74
949
327
0
4
100
379
227
808
39
39
39
39
227
50
821
12
1381
13
13
13
13
12
12
12
2
164
164
37
2334
2334
182
1
2879
0
234
1033
81
4
3
2
1297
35
1
1
119
46
62
46
94
2348
1752
1752
1752
1752
1752
1752
322
2210
1174
59
768
0
41
2286
851
851
4
33
0
5
749
269
1652
6
67
5
668
1613
69
3
619
581
104
167
619
0
751
32
1
1358
1614
1
18
18
18
1027
14
3
2
41
1
612
25
803
29
0
4
355
4
110
928
2363
930
4
24
3
116
31
1
574
806
1964
609
1
1
1722
0
56
86
1068
1529
774
36
363
192
1529
774
769
99
935
986
734
147
91
236
1705
366
443
123
1939
1939
2
291
291
290
33
6
178
178
174
646
1355
1
27
330
0
894
1
1
1
153
0
0
59
65
8
18
218
44
46
44
44
2
1
19
2
1
33
8
520
82
22
498
30
381
4
1086
146
2
4
4
5
583
211
144
115
954
1
155
154
1
1
13
3
5
32
892
36
11
5
1025
0
304
81
693
19
2082
1372
2240
302
241
505
1
6
4
27
4
743
796
62
4
1
1
262
18
17
261
45
2355
1
371
1238
1806
1800
1799
3
11
11
10
10
9
3
601
4
4
3
500
80
426
80
1046
72
105
36
1916
42
0
51
19
2921
1
40
98
87
886
885
29
4
19
2352
2352
2348
1
1031
6
6
185
171
0
1108
670
720
237
192
1028
1028
1028
1028
1028
1028
1028
15
14
15
9
116
215
1316
4
0
1
89
7
1540
97
925
5
12
5
1041
109
46
1
403
120
1612
61
31
84
228
81
229
252
23
1
1172
1172
1172
1
3
3
1895
1342
1334
978
977
977
978
975
4
952
693
64
1841
1
4
1608
1608
3
1
2315
2
67
783
67
606
5
154
133
86
2
13
1335
1335
1335
1335
1335
1335
1335
1335
1335
1335
1335
1335
1335
1335
1335
1335
1335
1335
1335
1335
1335
1335
1335
355
32
4
395
2724
3
144
1338
5
1
371
84
1426
1
881
9
476
159
1133
1131
1
3
481
480
1657
768
3
2314
5
5
1
371
1
1001
4
186
2
4
154
24
2
266
1
982
629
982
4
693
8
1247
2
2
693
1596
1596
1596
1596
1596
661
265
19
1
368
1
671
184
176
501
14
448
413
257
728
951
1142
878
878
728
1197
856
746
728
1054
641
878
1142
952
1008
1197
878
1054
21
131
176
501
20
18
18
322
836
935
693
109
276
1045
119
126
548
1341
76
1104
9
10
1
9
118
118
2314
2314
2314
2314
2314
1
0
1112
793
2
4
518
511
504
4
4
195
1
13
3
17
1
15
0
0
0
341
1054
144
1
0
200
167
60
11
693
1004
12
47
131
28
43
1
5
4
4
1239
2352
1754
2304
4
41
1090
208
775
1173
289
2
10
10
365
101
532
4
693
1386
37
37
37
37
72
1
432
5
4
35
1670
514
693
82
82
0
666
94
1
1
1
1
1757
0
3
3
34
34
846
608
535
6
1
115
0
1840
15
54
99
765
3
696
4
369
882
461
1308
882
921
374
407
670
79
139
1
1
41
4
1
553
126
559
7
1
1
998
427
628
628
628
19
77
138
45
173
124
163
217
270
1375
1314
1388
443
98
83
4
1548
1041
4
61
4
18
251
245
0
503
13
6
13
0
20
13
12
9
13
7
8
9
8
7
8
8
8
8
9
7
7
7
7
8
8
7
8
8
7
9
8
8
8
8
8
8
8
8
8
8
8
8
8
8
8
7
8
8
8
7
9
7
9
8
7
7
8
9
8
9
8
8
2
2279
347
15
7
713
1
4
14
171
171
1259
4
298
2114
206
765
12
40
244
1
56
1
28
52
1
39
1525
1514
0
81
106
5
4
4
3
4
4
825
821
282
282
603
1
2024
2024
2024
59
58
2295
2295
0
7
6
6
5
5
95
5
5
153
3
1
803
38
127
222
171
220
307
313
4
211
821
4
17
1
184
0
1252
474
4
49
796
798
1060
4
2
5
1
0
2458
2
341
341
341
341
341
2452
17
45
178
18
54
45
837
881
1
60
338
338
12
1
0
288
260
1034
294
1707
112
896
1
0
3
952
977
2
4
1922
378
1
14
13
13
13
13
735
18
765
2364
2364
2364
77
71
845
1261
4
93
8
1
94
765
1018
1018
2
12
353
782
0
0
63
63
29
172
102
95
88
81
67
60
53
46
46
39
859
4
0
892
46
10
0
3
37
1
-6
19
6
4
1
1
13
1
155
1
1
343
4
211
241
142
4
376
769
769
769
769
769
769
769
769
769
33
2
1
2
618
1745
1745
1745
1745
86
1054
371
365
364
336
4
13
157
60
30
1825
540
82
488
1238
3
525
2314
594
104
2
24
313
194
443
356
356
391
321
11
630
0
13
0
1036
4
340
3
4
145
3
830
639
0
43
131
4
61
6
1939
26
0
657
2
304
1
2
0
372
8
374
93
93
19
19
19
19
1056
19
19
19
124
0
1781
1496
1496
1657
4
2210
2210
2210
2210
2210
2210
2210
2210
2210
4
2095
4
17
1
280
324
41
4
195
4
269
820
2
4
1652
1646
1652
1651
1651
1652
432
0
37
0
5
944
5
12
436
10
157
157
581
4
278
636
86
2627
12
95
1467
1
33
14
1
90
314
130
16
95
1
1
1
2
157
0
2448
1
1
1
153
23
1
1
774
378
719
0
51
51
49
50
49
49
11
11
11
11
693
84
5
13
0
16
1
1312
1234
1046
1526
1369
1369
1369
1370
1371
1264
2
1335
1335
1335
1335
1335
1335
1335
1335
1335
1335
1335
1
40
33
666
2003
208
803
4
2
5
0
41
4
5
1129
67
67
17
1147
1619
1621
1621
1621
1621
1433
4
2
98
1
186
2
311
1007
1
874
44
1
98
1060
722
71
1
47
2284
354
53
265
1004
1716
24
2
4
107
1
167
8
1268
1268
154
1062
1204
0
0
0
5
56
9
184
89
66
1
13
13
13
13
13
13
13
13
13
13
13
13
13
13
13
13
13
13
13
13
13
13
13
13
1
4
825
3
189
734
189
25
17
94
94
33
859
31
4
1
26
24
1176
1987
1046
1046
181
1
1
20
391
4
330
4
174
0
13
94
1
11
82
1082
188
180
180
179
174
174
1
4
7
601
85
661
661
713
248
4
1002
1173
5
2
2
4
4
1335
1
714
4
6
311
777
1489
1721
1215
1388
1272
355
1
546
2
56
0
6
693
458
634
11
1
0
375
1977
33
977
1943
1
2
8
0
4
102
36
1068
1068
1
1
1
4
132
5
1
1
1
132
1
1
1
0
8
41
41
35
5
7
357
251
599
595
764
764
621
1864
552
1077
1076
1652
1652
1652
1652
429
429
55
2346
0
0
1046
28
142
231
691
0
28
1060
55
94
346
414
414
414
192
354
1
2410
617
8
3
3
3
4
2
2
2
3
166
2
718
0
1
1248
693
1
7
4
211
1221
95
6
17
4
1
0
30
30
83
720
165
231
25
25
5
10
10
5
10
4
693
693
26
26
90
90
90
366
183
183
366
366
4
4
2210
2210
2210
2210
2210
1
3
2
3
178
84
228
81
229
153
1
1
1
1
1
1
357
357
8
417
711
485
484
478
477
477
31
31
27
92
91
59
84
228
81
229
765
1422
468
1422
1422
1033
1703
14
1
1
35
34
1040
8
23
5
8
3
3
3
4
2
2
2
3
15
0
0
469
145
38
8
1
0
0
2724
471
4
1
6
371
181
523
546
330
1657
1
1
1
1
1
6
541
20
834
673
1099
282
45
0
19
18
18
18
18
1603
1593
1574
1567
1559
1553
424
424
7
56
0
4
5
1
241
819
834
110
764
1465
1111
1322
1111
937
979
793
1142
809
953
1064
1590
1610
747
1571
2935
2373
760
1079
389
1079
76
43
42
1392
497
887
1059
2110
598
1107
744
700
545
1001
1811
1602
371
2
1070
954
954
48
48
48
0
13
354
969
1
10
45
285
45
45
285
257
79
278
440
198
2
2
1
1
1
1822
498
560
498
1822
1374
1374
1844
4
1355
693
528
508
426
0
4
4
265
7
24
5
443
443
443
489
0
692
282
125
289
289
0
589
282
633
1445
1143
262
298
2620
9
4
132
207
362
5
1655
15
188
196
278
278
0
5
400
399
414
118
25
124
13
1691
4
43
4
0
157
157
82
693
4
4
157
157
4
13
0
32
33
214
731
2
548
52
2304
1777
1777
1777
1777
1777
1777
1777
1777
1777
1777
1778
1777
1777
1778
585
417
765
363
404
574
515
620
334
322
259
555
212
200
212
212
555
200
212
70
63
63
56
56
16
9
4
54
54
53
53
52
52
51
51
49
50
49
49
587
587
43
2240
938
2289
1070
1233
143
1
13
214
214
1619
1619
1920
1
5
139
85
1206
19
1516
262
203
5
1060
669
669
669
564
242
564
5
762
2457
536
536
552
765
23
1840
1840
2705
231
8
3
3
3
2
4
2
2
3
1
5
91
278
304
82
1238
120
113
236
1
1
1
2
168
24
99
493
145
145
824
5
251
794
440
440
1177
1146
1176
1146
1145
1145
155
155
155
154
1624
4
4
4
4
1429
162
4
94
1
356
3
3
1
10
61
61
461
4
78
19
14
14
4
257
257
257
93
140
463
576
765
825
29
7
9
9
236
143
3
48
765
14
151
20
4
4
693
728
1
0
279
1097
16
16
16
1770
1278
871
806
416
416
1577
1423
2
140
140
7
71
7
7
71
2
0
71
0
71
1063
693
0
10
21
83
22
23
1211
88
756
106
31
0
0
7
2283
0
7
6
143
1
96
0
867
46
45
45
44
44
43
43
42
42
41
41
4
3
4
40
40
39
39
38
26
112
15
1063
1842
1842
1842
1842
574
1
121
56
21
0
0
479
914
549
549
1011
124
480
1619
693
1608
7
1068
106
2848
1068
111
1068
69
540
69
65
27
86
2411
7
11
1
17
336
4
63
2091
2091
2091
2091
2091
2091
2091
931
4
157
776
994
998
822
1105
1026
461
861
1901
1643
1867
1026
461
1105
822
1439
1715
2303
2303
132
132
2334
518
693
4
1116
1
0
268
558
557
1
803
34
573
34
2
105
105
0
1947
423
0
444
124
4
1
1
2
613
6
6
41
80
192
55
487
41
80
224
223
223
222
222
41
84
1
693
2251
2183
2183
2251
2251
2251
781
693
203
323
405
1608
1
0
1608
1608
1608
1608
1608
282
282
0
24
764
914
24
1149
3
40
40
516
40
239
1
3029
147
147
147
147
1
0
910
1232
910
1011
910
1232
81
910
341
258
341
693
37
0
0
154
693
3
3
6
2524
0
2563
1
4
1522
1518
1517
1516
1518
1517
480
1516
1516
1516
479
479
478
478
3
0
3
379
379
379
379
379
379
617
1910
98
371
1119
1
1
4
211
71
70
70
69
319
1443
189
1840
1840
1840
1840
4
2
1
331
1702
331
81
229
84
228
1109
693
661
6
6
6
693
3
1394
41
10
4
76
63
63
63
1
1
963
10
152
683
1006
683
1006
152
2
117
693
170
5
4
238
231
224
1360
1360
3
0
0
5
2
371
2334
2334
2334
1
1
1178
1178
1
1178
1178
1178
1178
912
82
82
924
1106
68
119
1752
422
422
199
23
23
22
22
21
21
20
20
19
19
7
6
1
28
530
763
768
1101
275
336
290
190
399
117
115
14
114
165
154
171
139
154
156
173
515
173
1360
493
838
1360
550
924
629
1815
1168
153
273
249
17
31
2016
414
8
7
3
157
157
157
1
49
49
3
102
0
1
144
371
476
496
483
450
434
434
450
6
2
323
323
2180
2180
2180
2180
2180
2180
2180
2180
1657
1633
8
8
213
85
43
37
1
24
3
94
94
5
1322
13
7
1187
1448
1414
940
12
12
4
2352
2352
654
1223
0
13
1
71
581
1202
2218
2240
7
693
4
1088
2
7
31
18
473
7
31
2
5
204
2437
565
814
813
577
577
577
577
577
1
672
3
1
1
3
2
2
3
3
94
1356
1356
475
878
0
5
2
1
1
1485
1485
142
14
11
4
318
4
354
61
5
0
0
0
1
0
0
333
5
266
991
991
8
8
8
7
8
8
8
8
8
8
8
8
8
8
8
8
8
8
8
8
399
495
60
60
81
1060
90
10
1390
381
4
2041
8
8
101
101
693
181
1948
1948
4
1948
1948
1948
1948
2105
96
7
7
82
82
82
82
102
102
54
92
36
1508
1508
1508
1508
404
5
165
1922
1
157
7
192
672
672
672
672
672
672
672
672
672
672
672
672
672
672
672
672
672
1
12
11
10
10
1138
465
269
4
4
2
37
2563
12
89
391
13
14
14
11
5
602
12
6
13
12
14
13
11
391
12
89
13
602
5
14
14
12
13
14
858
3
669
188
1067
2
1457
89
1173
1173
577
1485
1439
94
150
94
1173
5
5
5
22
20
40
40
59
1891
1891
1891
1891
1891
1891
75
75
74
74
1
1
1068
1069
1069
1069
1069
1069
1069
1677
273
237
2006
2399
1056
0
381
1
262
262
262
262
262
262
263
263
263
263
263
263
263
263
263
1975
10
10
9
9
8
8
7
21
4
4
4
4
4
4
4
4
4
4
4
4
4
4
4
4
4
4
4
4
4
4
4
4
4
4
4
4
4
4
4
4
4
4
4
4
4
4
4
4
4
4
4
4
4
4
4
4
4
4
4
4
4
4
4
4
4
4
4
4
4
4
4
4
4
4
4
4
4
4
4
4
4
4
4
4
4
4
4
4
4
4
4
4
4
4
4
4
4
4
4
4
4
4
4
4
4
4
4
4
4
4
4
4
4
4
4
4
4
4
4
4
4
0
2
48
23
23
48
4
4
4
954
25
4
0
1465
125
1608
27
2294
984
459
984
984
655
1172
22
15
1172
1172
1118
5
470
135
141
134
133
133
133
132
132
131
131
130
130
129
128
155
164
164
164
1399
6
41
103
103
54
178
525
512
178
2315
515
502
369
324
269
1
691
0
0
7
13
5
1
845
845
580
9
7
14
1
1287
1286
1286
1286
1286
1287
0
24
18
17
16
15
453
693
15
15
14
14
24
2295
2295
2306
1153
104
119
973
1844
1844
1844
282
458
287
1043
18
1039
14
13
12
15
14
13
12
588
585
588
588
588
588
586
587
587
586
586
586
585
585
585
584
581
581
8
1
331
0
4
1
0
4
6
2
2016
2012
714
4
1302
0
693
693
496
740
3
1586
332
50
2273
0
1948
12
12
2
181
453
5
5
2627
82
306
122
486
1028
1373
848
915
837
302
306
884
1
1
687
687
686
686
751
1119
1840
1840
1840
1840
1840
1840
1840
1
1
170
1
266
383
383
382
380
382
383
382
380
380
375
380
380
380
383
383
382
382
382
382
380
380
383
382
382
382
383
383
382
382
372
654
153
383
383
382
382
382
383
748
0
1328
693
10
18
974
974
282
3
4
197
1060
826
963
1506
1543
1520
1543
654
621
629
621
274
11
340
338
338
342
338
338
336
336
48
13
8
1527
1527
18
17
17
17
16
16
16
15
15
15
15
15
14
14
41
1
5
5
2
167
140
19
0
0
1657
245
6
53
1063
53
1063
1210
84
55
820
120
2928
1713
96
8
492
32
35
35
434
434
434
157
2346
153
153
153
1541
3
1
505
505
1053
1520
415
929
1296
1349
2142
43
83
270
270
83
155
181
184
176
169
181
203
216
162
169
224
216
210
1000
1000
1000
1000
1000
629
1000
1000
1000
1000
1000
1000
1000
1000
1000
998
1000
998
1000
436
1046
356
555
6
122
59
53
0
931
4
92
92
0
1889
277
15
21
15
46
46
46
46
22
99
64
44
52
24
5
5
3
3
4
15
15
2
12
12
12
12
693
702
7
18
4
2
139
139
1415
15
2
934
934
934
934
934
2665
934
934
934
35
126
72
126
1739
1006
110
455
1465
1072
948
793
663
1111
1232
1111
663
546
328
328
429
700
1076
375
488
1279
488
375
1076
700
429
328
546
663
948
1072
1465
455
110
1006
1739
126
72
560
560
72
461
560
72
126
35
9
28
693
5
4
1
13
0
35
1
1057
1
9
1
0
30
2
2
22
1221
1221
1221
1221
4
555
555
555
15
1432
1433
1432
1475
2002
348
6
6
60
60
6
6
231
6
6
74
4
27
0
5
382
8
192
0
192
1238
25
18
10
21
45
1021
109
81
753
444
192
192
192
3
28
11
11
11
11
32
5
41
333
1399
1399
0
337
77
35
35
38
56
124
75
91
1613
324
1708
1708
164
2723
2377
2377
2377
2377
2377
2723
897
896
762
1118
1514
6
26
1608
186
483
977
2276
2276
8
601
2
4
8
3
3
3
2
2
3
941
0
0
84
228
229
81
2302
97
97
96
95
96
3
2
1
5
4
542
1512
992
1267
1
1
59
1
12
10
1947
1947
1947
1947
9
1974
93
639
1
1332
507
587
518
203
1
38
15
14
2343
1840
1840
1657
1657
1657
1657
1657
1657
1657
1657
1657
11
1511
2
0
5
5
1
1
1
1
371
81
1
1
5
1657
1841
67
66
1
1015
1462
1657
18
433
1686
1192
753
820
4
2
1279
1260
59
4
13
13
12
0
32
9
539
0
0
43
1
2254
2254
2254
11
11
11
88
16
60
693
4
693
371
1853
1
3
881
879
934
5
5
4
24
10
4
2304
2304
3
1049
545
2258
2049
515
502
411
368
157
693
693
87
831
955
442
36
50
898
326
386
1995
693
230
4
4
11
11
10
371
200
90
101
497
1627
4
1172
0
1840
1840
1840
1840
1840
1840
1840
1840
1840
1840
1840
0
441
1
24
452
913
485
19
2340
0
723
716
912
833
4
211
4
6
560
553
3
14
13
13
12
12
11
11
20
64
4
226
169
169
59
20
0
0
13
13
1
3
7
1
7
63
1
9
86
0
1
2
0
2307
1
1912
1911
1911
1911
1911
1911
1911
1911
1911
1911
1911
0
282
11
37
154
105
119
699
363
1187
1020
882
265
676
43
1785
1785
1785
1822
1253
1785
1822
87
136
146
2225
1
1
508
1
1549
1
1
4
339
169
1374
341
4
1677
301
2746
38
4
172
172
786
721
1
1
1
1
1
1
4
208
0
0
8
1
96
318
1434
2279
573
573
1
18
1
65
65
65
64
64
0
539
539
1
3
430
14
2
2
430
6
6
1
46
46
1073
1762
90
230
230
1436
60
7
4
2321
2321
2321
2321
372
73
124
5
164
0
318
1021
1013
1021
318
0
189
189
189
1013
189
318
1013
1
36
363
51
192
109
8
3
3
3
2
2
4
2
3
0
17
4
4
4
4
4
142
335
202
693
5
85
65
156
156
156
8
65
8
71
72
71
9
9
9
13
13
13
76
4
7
223
2
24
14
14
14
0
33
574
37
41
37
189
1190
1531
4
2
46
48
4
743
7
2
14
681
1781
1781
1781
0
11
6
5
1536
126
1536
1536
1536
148
126
1
322
1837
0
0
0
1
20
20
1
1
31
81
1
29
0
2193
2193
7
1325
1320
1319
1319
26
545
1286
1
1130
1130
1123
1123
3231
0
1
4
4
4
4
4
4
4
4
4
4
4
4
4
4
4
4
4
346
239
0
332
693
329
444
439
46
2710
2
97
2351
2351
2351
390
2
712
21
1
1
275
0
1
371
96
54
94
2
1254
1376
1426
1232
0
0
0
62
867
867
89
88
157
2295
2295
2295
2295
18
18
8
18
2334
2334
2334
2334
1948
1948
937
1767
767
49
327
4
4
7
7
27
26
1685
361
64
63
15
594
31
5
1038
7
4
0
371
1
1
1
0
0
0
0
0
0
0
146
0
4
0
3
313
2113
1031
1031
7
693
1657
3
3
11
11
4
18
7
18
31
4
7
18
18
589
3
8
7
3
338
782
1155
782
782
693
479
479
22
475
1525
475
475
1131
1227
1131
1227
1227
1227
1227
1227
1603
1603
1603
355
1490
1384
1383
1060
4
157
4
111
24
0
0
0
107
107
270
459
459
270
2339
693
4
640
4
84
229
228
81
5
693
1046
4
4
4
1
13
3
1
13
4
1
13
20
4
4
4
0
4
211
211
211
211
4
241
4
34
363
24
4
1856
1856
4
4
4
1
693
0
4
140
714
13
5
672
672
672
35
4
58
4
24
4
4
878
4
4
4
119
4
1948
1948
1948
242
1
10
348
287
106
240
1823
240
121
106
240
390
405
812
275
405
243
1173
7
7
1
171
260
544
465
442
0
561
561
81
86
86
2
1
13
1
10
62
4
211
11
693
1657
716
0
0
573
2737
2737
3
4
38
38
38
34
397
396
63
26
398
552
466
7
1
1
1
0
378
8
380
0
4
1
10
1
4
2
1
1178
1
0
0
0
0
0
0
0
0
0
0
0
0
0
2716
760
760
566
10
12
12
12
59
35
48
173
1001
1001
982
1001
1001
1001
1001
193
232
250
1565
1445
1790
1790
1790
1790
1790
1790
1790
743
1405
1110
1
1342
349
2
1
1
1
1
0
1
48
856
856
857
857
857
857
4
0
1201
0
1857
1857
1857
39
475
1
1399
543
543
543
693
3
508
18
1011
11
1026
4
4
4
4
170
764
764
777
773
773
773
1064
1064
1064
1064
1064
1064
21
1050
1347
19
290
3
3
3
3
3
214
3
255
89
89
367
1
1
1
3
3
2
2
803
795
784
769
4
56
55
55
55
55
55
622
82
81
81
81
4
4
1784
1784
854
854
4
1
4
4
0
23
16
9
74
4
15
424
81
81
1
1
1289
751
4
192
1285
518
757
1331
518
757
1920
1920
385
1920
140
89
110
83
83
83
83
82
802
802
801
801
797
34
1
56
497
24
693
1527
1304
1210
132
325
325
1130
755
76
1
65
101
7
1041
1041
1041
1041
1041
1041
1041
1082
409
2
4
1
1
33
675
2348
239
4
2
316
33
1
9
3
1
1
2
132
100
2011
646
1552
1552
1552
1552
1993
1552
773
37
7
128
128
744
9
7
271
173
693
1
563
563
2
0
77
115
104
693
1288
179
1113
671
2217
1559
1182
471
1584
1
5
277
452
453
445
1
1
163
1058
157
0
5
24
56
14
8
1844
42
1
20
17
258
751
693
693
693
391
391
109
108
163
751
750
750
749
1090
1089
1089
1088
1088
1087
1084
9
381
1809
1
1
2260
369
361
515
9
2820
2348
2820
585
18
0
161
5
11
152
1275
415
4
693
1
1
1
1
108
152
152
148
152
1000
113
113
113
833
550
14
1657
765
7
10
1536
1536
636
568
560
1536
636
3
1288
1288
1
528
0
2
18
4
18
7
537
292
96
1
1
133
1097
1097
341
341
897
1
341
341
341
897
1003
341
341
0
486
24
0
759
474
103
144
1716
1716
13
13
9
12
12
12
12
11
17
1
3
2
1434
585
1159
713
730
541
672
10
42
146
296
289
25
17
17
16
16
15
15
108
9
6
4
5
4
6
6
1
4
693
458
25
2395
47
24
7
1
4
0
8
21
14
28
31
28
125
4
1128
96
17
96
95
95
1195
2333
3
1599
155
588
587
586
587
587
587
587
587
586
117
0
4
6
2245
4
1
1
1
1
4
1657
935
1470
1062
935
487
453
453
453
453
487
487
1064
1070
393
392
392
356
1841
1841
1841
1841
1841
1841
1841
1841
1841
1841
1841
1841
1841
1
503
21
2
1114
462
461
461
765
1
1
480
480
4
2
728
728
728
728
248
652
24
484
38
4
0
45
4
4
5
0
1044
2
118
167
904
60
74
73
73
72
72
4
4
1473
4
211
127
313
3209
1
421
1
4
124
935
677
2082
537
651
413
651
413
656
115
637
115
637
115
663
0
1396
1396
239
1
2
402
524
50
209
982
1001
1001
982
1001
24
1356
1356
959
11
10
1691
1312
1312
99
1691
1691
99
580
1536
841
771
4
1761
1709
1709
1709
110
383
383
382
380
372
372
375
375
372
266
372
372
266
312
654
372
1842
52
691
279
107
2555
42
42
823
12
2
12
12
10
10
10
10
10
7
2
248
1228
391
661
1657
879
22
39
65
41
2137
33
185
1
138
133
570
84
228
229
81
765
330
176
395
2848
982
1037
411
1080
2627
395
1080
644
644
395
1483
2627
1483
395
534
644
395
1282
2394
63
2394
1037
2394
1282
440
395
1080
847
2269
2270
2268
2233
267
13
24
924
924
27
27
27
26
807
801
801
239
3
24
77
229
67
67
66
103
1
1
818
818
818
374
920
1190
59
39
282
74
81
39
4
18
39
4
7
18
18
31
65
4
4
807
313
59
1
16
45
127
543
31
543
553
565
20
64
92
112
473
0
1
0
3
3100
24
134
2
2
3
3
767
223
133
1
2362
0
138
641
1316
533
42
42
41
50
51
50
49
49
2279
1
77
1
0
1745
1745
1745
1646
1745
1745
3
1745
1553
1553
923
923
1745
1745
1745
1007
4
693
1
1
1
5
2533
2
3
0
20
20
20
19
19
19
18
18
18
24
9
1046
13
13
13
13
141
141
253
281
6
1
1
3
65
524
1
15
1
2303
2303
2303
2303
2303
2303
1329
2
4
0
2
639
1111
1111
1111
1111
1111
1111
693
1267
888
545
545
545
545
2
6
76
1
144
4
773
0
0
0
4
0
272
326
325
325
324
325
324
2352
2352
467
467
1
10
11
71
1
1
1
1
19
1
0
27
27
2315
319
659
529
438
438
1115
153
6
1
1
41
1332
7
40
157
282
1048
2
139
224
46
23
1
115
35
270
270
1
8
72
1193
57
59
5
1077
1692
164
250
149
149
149
966
58
0
1987
1608
1608
3
4
24
8
0
475
4
0
5
4
4
1080
324
323
4
94
2
94
542
668
969
4
762
526
526
526
1295
1295
2003
773
642
635
628
621
2200
4
4
4
3
3
1
802
808
1270
1264
1263
1257
1256
765
772
4
4
1
357
39
3
118
2051
1410
3
3
4
4
4
2
2
2
2
4
39
239
664
4
4
211
190
183
404
404
404
404
404
4
65
4
4
11
4
4
1
2091
2091
2185
4
0
4
1958
85
603
580
605
177
18
81
157
74
4
282
2225
749
2225
12
12
9
12
1
12
12
378
378
378
216
378
3
1197
1197
1197
1197
1197
1197
1197
1197
1197
1197
1197
1197
1197
1197
1197
1197
1197
1197
1197
1197
1197
1197
1197
1197
1197
0
0
1064
5
1
1
38
3
3
24
1558
306
0
313
4
4
3
1
1
1
26
1025
589
0
854
4
84
84
964
1347
1340
0
41
7
4
95
95
93
12
12
48
12
12
11
11
1214
1070
6
1
44
1271
1
9
31
1
513
4
1052
1840
1273
1273
1014
157
693
5
1
6
738
1
1
6
738
262
1
192
1
4
124
165
124
355
94
95
693
4
3
328
940
296
308
241
1168
2061
849
4
693
1
1
697
1
1
490
1846
4
0
5
18
693
1
1586
1585
370
4
1
1
275
488
488
488
1838
275
488
1838
1977
0
1
9
9
5
282
4
8
691
4
6
9
4
5
4
1562
2846
1046
309
309
1070
309
403
453
402
2315
2315
24
2
1
1
1
1
6
6
6
6
6
4
2
4
1060
1060
1060
1060
1060
1060
1060
0
0
500
1
1
1
490
31
115
78
78
275
275
282
282
281
22
21
140
19
20
2
347
5
0
2
518
5
1470
3
1218
87
9
9
6
8
1
8
1
8
8
1
1
99
125
125
125
3
29
506
506
1431
0
2
2
330
330
50
50
49
49
48
48
47
41
9
24
4
4
78
77
4
4
4
1
1
1042
1042
4
1
58
1
4
5
5
4
4
211
4
4
0
124
27
4
1
1
1
1961
37
3
18
18
41
1311
1413
1311
1311
1311
1311
1311
1311
1311
1311
923
1311
5
0
2523
2523
2515
2169
2515
2169
2168
1
1
1
1
1
39
12
41
75
1221
1
139
655
311
915
1
1
1
1981
4
614
1
693
183
540
1917
860
746
1917
241
540
540
574
1446
225
440
1665
284
440
1665
746
513
433
2056
2592
290
262
348
1986
385
1633
433
355
693
396
390
388
1480
1480
10
192
2053
1
15
912
4
4
372
371
20
2
312
174
5
267
751
371
2954
2361
1129
16
1772
354
32
25
18
11
67
67
18
11
11
67
18
6
11
0
693
1189
693
0
1475
2084
2084
2084
1
357
1503
794
1
1206
1206
1206
1206
24
11
208
1195
750
838
1238
838
186
55
186
838
6
322
1977
693
8
4
22
128
12
12
12
188
1
1
1
1
1483
1483
1483
1483
1483
1190
886
886
886
886
0
1401
713
1572
803
1083
693
4
15
15
281
803
803
1083
383
2
9
912
693
2
298
866
1107
1100
269
1200
373
591
275
1
0
2334
2334
2334
1936
543
934
543
41
81
7
4
18
74
39
3015
765
1
61
4
3
4
4
4
0
4
1069
55
35
35
1670
35
1670
35
1670
1670
35
1670
2356
312
41
40
5
3
1
2242
1828
2353
2353
2353
2353
2353
2353
2353
2353
2353
2353
2327
2646
7
716
192
0
4
670
1496
86
748
440
951
944
761
0
0
4
4
1129
281
1362
1361
0
2258
95
14
14
14
14
14
2162
452
249
2
4
15
14
15
13
8
706
349
360
363
370
377
384
391
398
405
928
828
340
928
334
4
306
989
208
18
823
270
270
268
823
268
823
3
1246
94
1
2
92
91
37
3
371
4
0
1
1289
425
515
1593
693
927
1129
1947
1461
647
32
246
321
1786
9
10
8
15
8
9
11
15
8
9
11
15
8
9
8
8
6
8
8
8
50
114
50
27
24
24
24
24
24
24
24
24
7
141
6
1
11
336
329
322
7
14
4
4
637
4
2
872
242
2
465
2
789
521
470
509
87
4
1822
4
1
4
1856
1856
1855
50
49
49
33
595
231
1
8
1
566
1056
703
1
1
11
12
12
404
2306
2306
60
1
501
12
1
1
1
0
12
90
90
89
89
87
2225
2225
2225
2225
891
41
108
9
153
3
0
1417
374
1844
0
59
1060
765
18
4
18
5
36
132
60
60
60
2
2
41
4
609
609
609
585
1015
1481
1650
1657
1657
0
132
132
743
165
312
312
312
312
41
13
300
693
455
503
503
976
1238
56
1238
1238
754
26
326
312
36
41
76
0
693
2
15
14
14
13
2
1295
228
84
81
229
241
45
45
1
2
836
2626
209
1
2351
1028
1028
2279
1
1
18
180
1747
428
2314
2314
2314
2314
2314
2314
2314
2314
2314
12
0
10
1582
1581
1582
4
5
2647
2564
411
410
404
403
402
447
12
1040
1040
1040
1040
1040
1041
1040
1040
2024
1943
15
22
508
186
0
9
8
8
4
765
1196
45
693
53
176
2270
244
1190
5
2355
1501
1
1190
713
3
1
4
2
547
594
593
497
37
0
2287
0
2288
2288
371
2203
17
3
1
168
4
3
337
385
385
453
2
4
3
46
0
1046
895
1
6
8
13
24
0
0
0
0
0
0
0
0
0
0
1
0
6
3
1
7
4
18
18
765
473
4
765
1547
1883
4
0
1086
770
2
86
83
329
329
329
4
821
833
1264
854
19
854
25
21
21
26
4
4
693
9
24
24
4
3013
3013
155
155
29
3
65
2
22
22
22
21
21
155
155
155
67
67
7
14
14
14
14
14
283
24
23
23
23
23
20
21
21
19
20
23
23
720
81
4
7
693
0
2295
23
1
2
1
428
428
323
269
228
2599
337
634
700
1593
907
1159
704
1758
1003
770
1515
787
637
948
793
793
793
793
793
948
812
1023
1465
1023
812
948
637
1342
539
104
21
17
79
1677
41
835
818
337
1009
97
97
95
255
334
386
389
881
881
255
334
12
993
205
1677
130
130
129
206
205
0
53
236
164
164
0
929
5
402
11
2
339
28
415
4
380
164
164
60
769
2142
1606
94
4
840
1
1263
23
118
1
2
960
7
765
18
282
161
15
509
1342
771
833
152
1109
0
1
1
1
161
6
6
1
2098
2
1
16
2
1375
1590
1
4
1
1
405
327
2434
0
1
1
0
8
2006
633
3
3
3
3
3
3
3
2
2
0
964
63
398
13
1669
823
692
1
532
1027
4
4
1
1
751
202
165
15
4
4
4
1873
1873
18
7
31
4
39
59
478
3
12
385
385
2
2
139
139
139
138
138
137
137
136
136
135
135
131
131
130
130
129
129
128
128
128
128
132
128
157
693
0
0
60
24
1840
1840
1840
999
999
845
15
845
845
5
30
30
83
4
44
1
352
5
55
1
1991
24
305
34
1922
1922
132
1789
101
97
1399
2424
0
2
3
2
1
1
1759
2045
2045
56
2
827
5
23
28
1
33
17
7
18
377
4
0
1245
5
0
0
1317
402
332
56
693
9
1
1621
1362
1464
268
1
1355
1355
8
313
314
192
153
152
153
152
13
153
2294
144
2040
2033
849
786
175
60
13
8
1
13
8
8
1
283
3
0
0
308
259
287
1161
1527
880
567
55
3
693
334
1
8
8
8
1
1
1
483
1059
1505
6
5
6
11
5
120
930
547
9
9
9
7
9
526
9
7
9
9
8
9
4
12
8
374
1
17
11
11
4
765
808
227
39
39
39
39
227
1069
1069
2
1
0
693
1780
1106
1106
1106
1084
1084
1082
1084
76
1
1
1
19
1386
834
834
2
1295
118
118
116
118
117
117
116
116
115
115
14
14
1289
66
13
18
19
19
2
2
9
4
8
102
95
60
18
60
61
5
4
4
9
78
0
371
1001
164
2
32
32
31
32
31
39
39
32
31
31
31
32
29
34
29
32
32
29
32
2
14
1186
0
51
22
97
534
507
486
401
1
2
1
1
0
1011
229
209
15
1090
109
109
109
110
0
0
0
0
0
16
1246
20
20
374
230
1657
0
0
14
2148
519
190
590
637
634
747
466
621
6
7
464
464
463
463
463
462
462
1207
1207
2
41
118
443
1
1
0
989
98
431
81
229
84
228
171
5
488
902
893
902
893
699
6
1729
13
1726
1726
1726
1726
1726
1726
1726
1726
1726
1726
1726
1726
1295
1109
1001
1
1
15
1
29
2
324
1186
0
1405
4
404
4
4
136
1
14
14
599
13
216
523
526
526
2191
1763
1125
154
26
466
4
2
2
1
0
1593
1
527
1
674
733
674
713
4
0
13
496
2276
2276
2276
2276
2276
2276
2276
2276
2276
2276
2276
2276
8
7
7
6
5
371
554
4
316
686
686
2256
2793
4
0
1
687
1
714
130
153
1
24
0
808
1400
1400
1400
1400
1400
1400
3
24
0
113
1
13
81
1504
1988
1625
3
3
1510
75
0
66
4
4
4
587
497
693
1
1
32
26
26
25
25
24
23
22
22
21
21
20
20
19
19
32
31
30
28
1097
2
1
1
1
1
1
1
1
1
1505
1498
1
3
153
0
208
28
1
2
0
1686
1
33
1
1
313
1220
1014
1060
449
614
572
572
13
2
171
693
367
11
5
6
5
6
11
6
6
33
66
2204
2
1761
28
2270
913
95
146
95
2244
2244
460
460
460
460
459
459
459
458
457
457
456
456
456
455
455
8
7
4
6
5
354
320
290
259
231
200
58
412
1154
972
27
2303
2303
2303
2303
2303
21
14
14
64
57
50
43
50
14
36
43
29
1
1
0
1001
982
982
982
982
982
965
982
1001
1001
42
694
91
3178
843
415
3178
843
365
0
0
0
48
0
86
525
731
86
525
1145
1145
731
576
86
1055
1549
1542
49
49
49
43
49
43
46
1
21
15
166
5
4
7
18
39
237
161
526
161
862
1
616
382
375
382
383
654
456
27
9
13
59
111
1976
0
4
1
282
1073
901
895
18
282
4
157
31
39
74
18
81
7
2
0
4
92
986
2114
2114
166
166
166
4
157
2351
2351
2351
2351
2351
2351
21
2
2315
1
1
70
69
69
0
0
2
2
1001
1001
1001
965
1000
1000
15
8
8
33
6
1
5
1478
1470
1470
686
686
686
686
83
666
3
1
25
0
60
397
1343
498
38
38
38
38
38
200
362
361
355
783
26
379
0
0
1612
36
99
119
82
10
426
1045
44
937
937
937
1
79
390
390
940
38
30
59
1369
578
1369
2355
525
525
525
525
0
0
41
3
192
329
329
1059
1060
1061
49
43
1623
4
4
71
4
6
2
0
5
1
498
492
486
415
415
415
415
467
415
408
1
808
227
39
39
39
39
227
742
1921
11
6
4
4
4
1581
1581
1581
1581
1581
1581
1581
17
488
41
1008
1763
1
33
0
28
22
15
95
185
185
185
282
7
4
46
1536
85
85
85
85
85
85
85
47
224
224
173
11
11
10
10
11
11
10
10
4
4
4
4
3
11
10
1
28
1064
1057
1057
1057
86
237
237
35
4
0
0
0
0
0
2
89
1
56
56
56
56
1280
1616
1616
1616
1616
3
82
3
555
1616
1616
1616
26
1426
132
636
674
19
1516
278
312
391
19
979
1516
1516
131
3
2
2
1
1
0
150
6
6
0
0
4
427
157
31
4
1060
5
416
420
4
141
2875
64
165
165
141
1383
64
1
673
10
1
143
4
1109
9
129
578
1
0
0
0
14
80
96
11
4
0
577
65
411
754
411
65
65
65
266
693
116
713
7
3
3
8
3
3
4
2
2
2
3
108
192
273
153
39
18
18
4
31
311
693
693
6
18
39
7
31
81
18
4
4
17
612
608
609
609
609
98
98
1190
5
444
171
928
93
2029
5
5
5
14
13
14
636
14
14
14
14
13
13
12
12
11
11
10
10
2564
2564
0
0
0
176
176
1
1344
1987
946
946
946
929
610
3
949
643
643
643
754
754
207
207
192
382
76
76
2314
4
4
2
76
76
1374
2791
1667
553
59
114
773
2
2
0
141
79
541
619
544
493
1015
1289
625
4
0
3
244
948
1
721
693
2
1
729
95
693
10
4
4
4
4
3
4
3
1
0
0
458
4
1312
1312
1
39
1425
927
4
261
80
812
811
885
885
1
110
2075
202
2075
765
2
633
633
963
633
633
633
633
963
633
963
409
4
4
1080
48
48
4
0
2107
4
4
4
4
4
4
4
4
4
4
2347
2347
4
4
1
14
4
4
4
4
4
4
2347
2347
2347
2347
2347
2331
2099
2099
2099
2099
2099
1030
2331
0
4
637
1
0
0
569
0
1
0
7
1
19
15
14
65
28
37
417
31
1
4
4
4
4
376
1058
27
666
1301
3046
47
1
1
693
0
1902
7
228
84
81
229
84
228
229
81
1391
434
95
10
25
0
757
24
1
693
865
802
865
765
948
1559
765
8
81
1508
996
204
82
82
81
81
73
73
72
72
71
1
63
34
24
279
279
279
279
2353
1167
1334
1363
1334
1201
146
2142
2142
2142
2142
2142
2142
351
24
1283
1016
1207
1283
1451
691
370
626
6
24
761
761
9
0
18
74
282
5
1288
157
4
52
4
433
520
402
409
40
153
140
139
139
1
194
2
20
693
7
0
901
1322
1322
1951
1322
1322
1
7
825
823
823
823
823
115
5
2058
20
20
1010
1010
1
1
1
1474
8
1
1689
1689
1689
1689
1689
1689
7
7
1689
1689
1689
1689
0
163
156
354
188
187
187
186
181
1
2291
2291
2291
2
19
0
1257
693
39
27
1604
2283
2534
4
0
0
24
1939
1939
1939
1939
6
202
124
1
2
2
1
1046
1046
1046
1046
1657
5
18
7
282
204
5
1081
10
21
2
1
1023
1
282
1088
165
1
1
214
237
1612
1612
1656
1656
758
1048
82
80
41
622
622
80
1705
348
80
573
187
573
0
1301
475
594
594
594
594
594
380
1
0
157
379
5
279
313
520
693
9
9
9
1065
2
1445
895
1445
323
1
1
2
1
323
1813
1
3
32
313
2254
3
3
8
3
4
2
2
2
3
130
934
575
575
153
109
303
148
303
1144
4
7
2715
0
91
2
0
23
8
177
845
1175
845
177
8
1
836
836
3
3
918
999
0
1414
93
109
109
89
1322
307
1148
341
341
184
446
441
23
13
1
0
2773
0
0
1253
475
920
364
364
244
472
669
1671
776
920
773
244
364
1483
669
244
949
810
82
949
1
1060
1060
3
3
374
1
4
4
4
1599
120
120
907
164
1
781
706
686
290
1
1
158
1
511
728
1650
728
511
511
4
1854
2300
1040
1498
651
0
17
1
10
1
1
3
1
1
1
1536
518
81
757
81
55
518
70
545
2
716
716
716
716
716
716
423
948
1
1
1925
1
693
33
33
32
32
31
31
811
0
153
22
2745
1
2352
2352
3
353
349
83
83
82
82
80
77
75
67
66
63
63
62
61
60
49
5
49
84
83
60
1844
130
5
8
3
4
2
3
3
2
3
2
70
70
4
15
15
2879
23
2879
2879
19
153
153
333
279
189
458
189
789
2492
2643
1819
45
711
1
1
5
15
8
8
1
1
1306
0
0
214
28
693
3
84
228
81
229
1605
1605
1605
1605
1605
1605
1605
153
153
1605
1605
1605
1605
1605
1605
1605
1605
1605
1605
1605
1605
1605
1605
1605
1605
1605
153
1990
8
13
4
0
4
2258
6
1320
1
1
693
693
693
4
4
24
4
390
0
2832
1207
2043
1
18
7
4
120
458
2380
2380
4
821
4
637
282
39
0
343
24
1
4
1
1
1
1
1248
4
4
86
324
366
1449
0
11
6
5
6
5
953
1364
1306
880
903
947
1
150
150
2
840
0
1055
2352
2352
95
82
80
53
303
58
7
8
11
11
371
4
637
3
24
1483
24
24
1512
1213
928
367
367
367
1512
928
5
5
2
1366
52
4
3
3
0
257
1240
60
214
65
693
1277
560
890
45
3
566
0
1
6
8
1397
882
577
932
882
1240
1397
882
577
932
1672
1397
882
1856
1408
1860
273
15
58
157
1
8
1
1
8
926
915
1
94
517
1
1
1
6
6
1
153
42
91
7
18
1
0
10
4
262
1483
56
6
1508
2302
2302
2684
10
236
164
164
4
4
4
4
4
4
4
4
4
4
4
4
4
4
4
4
4
4
1364
23
9
1416
930
1416
930
1416
2
185
928
1741
928
5
4
4
3
2
957
3
93
2291
3
3
2
2
1
11
11
1767
271
208
4
7
380
38
38
38
38
0
1401
0
11
0
2
527
527
282
419
1270
1270
2
488
1339
310
310
0
4
81
74
371
4
7
7
381
490
490
33
198
192
765
1313
1312
1132
13
0
0
182
83
765
14
7
411
411
411
411
411
411
4
4
1778
131
131
131
131
693
1170
32
309
9
4
3
1
1
1
9
9
8
9
8
8
7
8
61
44
693
1
1
1754
1816
4
313
264
356
361
2
157
1166
27
26
26
5
2
7
57
395
5
2307
2307
2307
2307
2307
2307
2307
2307
2307
2307
2307
2307
2307
1596
636
636
4
4
15
0
420
134
596
420
825
811
881
556
1
1
881
881
165
40
5
11
6
5
6
5
165
40
920
40
881
881
881
881
736
81
106
1397
1
3
3
2
2
2
3
2
2
1
233
13
488
83
516
1
68
282
1
253
67
67
12
851
0
20
21
1779
97
407
587
0
1
94
4
1073
1073
1073
1073
1073
504
504
504
504
504
504
504
504
0
5
1
58
58
33
24
265
1020
1480
0
4
2303
1318
3
1172
3
4
72
18
72
12
1795
3
1432
55
521
154
186
16
311
122
50
840
1
177
170
765
765
765
110
1244
1100
18
18
38
0
0
16
15
312
431
16
312
16
16
16
312
1247
157
496
354
1
424
923
424
424
424
234
918
42
41
307
9
9
1266
22
8
1
5
11
5
11
17
58
87
0
32
11
10
10
4
4
4
1596
1596
1596
4
4
1132
0
2
4
3
257
1
1130
1130
1365
1009
1009
1210
1210
20
2
2
1
567
43
38
278
276
125
125
648
647
648
1
784
770
777
763
718
0
0
7
0
0
1243
25
38
59
1390
20
20
19
24
896
896
2
693
1190
1
1
1
409
114
453
453
193
453
453
1075
1075
1075
453
1075
974
119
630
1882
117
82
10
159
76
2
0
948
1
1
1
4
1
1
31
1
1
1193
1186
39
459
530
587
587
587
42
13
158
5
325
181
0
0
2164
4
4
4
1
1
687
1
1001
1001
228
221
458
1025
0
4
2
4
4
309
1566
322
322
322
322
322
322
322
322
157
153
5
4
4
3
3
2
2
1
9
9
31
31
50
50
34
774
2
2
56
49
49
238
3
187
654
84
228
81
229
1411
0
0
124
1
1657
1657
2
0
0
1
9
9
8
8
8
7
7
7
6
6
5
5
4
4
208
693
7
6
6
1
1065
1057
1051
1050
1109
1110
915
1061
4
178
7
131
131
138
1514
19
1
0
5
693
9
16
209
662
701
691
2183
2183
2183
24
305
584
28
45
25
2879
1841
1841
1841
1841
1841
1841
1841
1841
1841
1841
1841
59
4
2315
382
382
55
0
1308
1308
1307
693
2
206
0
81
4
18
18
39
4
693
724
0
0
7
1686
687
687
687
687
687
687
14
7
22
22
34
10
150
1173
117
111
111
110
110
110
45
45
152
48
753
83
555
0
164
2
1060
1059
1061
268
4
5
6
5
11
6
3
1
1
4
10
2020
1783
0
6
0
928
2670
997
24
1238
1238
13
12
12
11
1001
629
1001
1001
1001
1001
1917
34
34
839
0
1109
2
1
14
14
14
14
1
43
42
5
1
1
0
0
2234
2234
2234
5
327
430
424
424
423
445
0
1
806
1629
1298
3
2353
704
704
704
703
703
0
1
1
8
8
1
363
1196
857
0
0
0
0
1632
4
1117
1117
1117
808
227
39
39
39
39
227
248
2243
0
10
42
42
41
40
40
39
39
38
38
38
38
36
48
29
751
308
307
306
1939
2295
2295
2295
2295
2295
2295
937
56
56
3
2
38
38
1
35
2096
2096
980
4
37
98
5
5
7
3
1501
40
40
0
59
1
54
1423
1502
1181
1270
1181
1
24
5
1
323
1302
8
8
1046
1046
1046
1046
1046
1046
1046
1046
1046
1046
1046
1046
1046
1046
1046
1046
1046
1046
1046
1046
1046
13
12
12
0
0
275
1
1
80
80
80
80
1
18
2347
2
99
609
609
575
598
609
609
609
609
609
609
534
2
809
813
813
1592
1591
19
19
1064
1064
1064
1064
1064
2
380
1145
1145
1145
1144
1144
1143
1140
5
575
575
4
450
2
1588
2286
2286
2286
2286
2286
2286
2286
2286
332
332
118
118
118
118
118
118
885
4
200
76
4
1
257
213
257
213
257
213
213
257
213
83
4
26
1
1
1
3
2
107
93
1
1
1
2145
2145
735
4
6
0
1
0
391
1922
1922
52
72
72
72
3
3
108
108
200
1
1
102
90
51
32
561
2356
2313
2356
2356
2356
2356
2356
39
0
15
1902
1902
270
206
653
65
65
106
65
81
67
403
2
902
902
902
902
2203
1400
2203
1400
2203
1400
2203
1060
3
1
1
1
1
1
196
2366
1
1
35
2283
261
693
1397
1397
1840
0
10
1000
157
676
693
1
987
601
0
24
2114
2114
2114
2114
2114
922
1972
157
2358
2358
8
186
181
1325
1
5
1303
10
1
27
693
475
156
0
1
33
452
4
1312
673
274
691
60
30
30
83
34
693
282
124
4
76
1844
1844
1844
1902
3
3
244
1842
1842
1842
1842
1842
1842
1842
1842
1842
1842
1
2
693
0
1059
39
75
75
289
345
275
112
680
625
17
32
19
1
56
21
3
424
544
703
315
68
68
68
68
68
68
68
68
69
69
69
8
3
3
3
4
2
2
2
3
627
740
4
4
211
4
4
4
1164
776
64
57
1
2
1
87
87
129
4
765
4
730
0
1
4
842
4
520
66
520
66
66
305
9
33
17
17
13
13
38
1
4
893
893
236
236
548
430
2
375
375
375
375
375
375
375
375
375
375
375
375
371
371
19
417
1067
1607
482
392
46
482
392
1071
641
439
267
253
526
641
439
2
275
275
276
662
765
157
1000
2
2
4
0
24
208
2531
1052
4
282
28
309
492
491
37
4
6
1
527
693
210
45
153
153
153
0
0
6
6
4
4
1051
2
95
95
750
0
1335
8
3
3
3
4
2
2
2
3
0
1
881
881
337
427
2
1747
291
308
132
308
1
210
55
646
8
3
3
3
4
2
2
2
3
430
430
675
726
726
669
5
7
4
4
1
1
4
0
1774
8
0
708
1391
708
1391
1238
708
0
355
600
0
355
819
6
819
834
0
1021
1020
1021
1020
1020
485
485
485
7
2010
0
76
0
3
4
11
11
12
12
4
4
12
12
11
11
166
166
213
11
10
8
1653
0
336
265
2180
2164
2180
2180
2180
2180
21
904
1531
1336
8
1
5
5
0
0
0
0
1
2
1
1484
872
1
165
16
16
5
1
1
1
12
8
1463
0
316
1759
431
2630
1759
1759
1287
1287
459
1604
3
1657
1672
1672
1672
1672
1672
1672
1672
157
282
4
30
18
18
31
466
14
14
13
1098
1096
1097
229
228
228
228
228
227
227
226
225
228
7
6
3
693
1862
793
2708
2708
162
0
2
3
693
0
4
10
4
0
0
407
1586
2361
2932
2837
2837
1760
1827
1827
370
202
414
1827
24
532
532
525
518
5
2219
1
2450
1130
404
4
1
1126
224
1
3
8
4
1
105
1041
1193
18
31
12
4
4
4
4
14
0
39
693
354
4
1081
1076
24
1193
5
314
121
1
1922
96
31
31
1157
1157
4
1
3
4
1
1
157
57
50
43
36
7
7
2
2
4
3
6
24
673
673
143
143
0
675
674
436
911
1061
130
153
544
876
306
1232
202
1011
436
664
995
720
1284
4
306
153
664
876
606
811
751
926
920
568
950
455
1232
81
202
1232
1431
1658
5
5
4
4
3
3
2
2
14
1028
1028
1028
238
13
13
13
13
13
13
3
3
5
934
1200
2
24
0
8
1392
1264
18
347
18
373
17
1186
166
2
556
1879
1879
11
348
1185
280
2
98
2
2
2
3
14
0
127
127
3
1542
1507
479
1172
1172
1172
1948
1948
1948
1948
1948
1948
1948
1948
1948
1948
1948
1948
1948
1948
1948
1948
1948
1948
1948
1948
1948
1948
3
3
4
961
961
961
0
4
475
454
120
4
15
15
14
14
18
14
951
1
1
647
3
76
984
984
2396
496
2396
77
164
164
164
164
952
0
0
0
82
0
0
0
3
8
3
4
3
2
3
2
2
3
4
8
3
3
3
2
2
2
530
573
587
14
14
1193
1139
61
245
90
124
80
80
80
9
340
8
3
3
3
4
2
2
3
2
208
147
1
610
1
1
1
1
2218
61
61
358
1
2301
2301
2301
2301
2301
2301
65
297
223
1234
1
0
1
1
363
647
915
86
59
360
360
5
28
0
0
0
57
57
5
24
91
175
5
6
1
2358
2358
2358
2358
2358
2358
2358
693
0
1
1363
1363
2
24
2554
2554
2554
2554
2554
2554
2554
2554
2554
2554
2554
2554
118
117
118
119
782
458
1304
1
3
518
84
691
917
1024
420
420
208
7
18
74
18
10
1
1
1
4
1
1
3
59
95
12
12
12
26
879
1790
968
371
1
33
8
1
59
34
759
593
23
494
4
327
327
1617
1103
1278
1103
1103
131
830
1402
495
495
495
2001
5
8
587
654
609
1779
693
693
6
4
4
9
961
9
27
82
4
4
525
4
1657
0
487
668
7
6
6
6
6
5
5
4
4
3
3
3
4
14
1283
576
341
341
340
397
2
8
1446
0
1312
134
127
39
765
282
236
1095
1095
1088
1081
1081
1077
1077
1076
1041
4
4
4
4
4
10
359
414
229
214
480
39
56
29
29
1791
278
71
2894
214
128
1931
1037
217
1
1155
255
2099
2099
2885
2522
2339
2339
2339
2339
2339
2339
2339
2339
2339
20
2106
2064
2099
865
864
18
18
1018
0
455
543
335
230
878
1407
14
49
788
11
4
0
5
0
747
5
488
470
488
5
10
1154
1429
45
53
114
8
2
0
2
7
8
9
0
3
6
17
13
19
4
24
23
0
437
279
279
279
279
279
279
279
693
1948
18
7
31
18
4
1659
108
4
1
17
12
914
428
8
13
12
14
15
15
37
0
21
444
45
19
59
47
47
502
489
488
307
1106
1106
488
307
514
514
514
509
508
508
391
1409
13
13
153
383
216
216
320
320
320
256
256
256
256
256
431
277
431
423
384
306
263
263
384
384
384
306
488
215
215
263
2334
2334
2242
3
897
3
897
1596
15
751
40
1
1
0
15
1
71
65
254
6
28
4
1
1
4
4
1613
1613
1613
383
4
1095
12
13
2
57
4
11
4
8
8
7
7
6
6
8
7
6
6
4
11
6
8
8
8
7
6
6
11
7
6
6
4
11
379
692
1
2696
769
51
22
75
8
1076
687
687
1
76
15
115
105
83
83
83
14
29
1
1
1
1
41
41
588
1
14
11
4
1976
58
58
10
592
126
2
282
726
1
109
1
921
3289
45
1
2302
2302
4
868
143
1957
1930
1957
1957
2684
865
864
861
379
1088
1088
794
4
307
3
6
6
6
1
2
1948
1948
1948
1427
3
662
445
316
1722
1724
1724
1724
11
929
0
1
29
1083
1083
1083
1083
3
1083
4
1
1546
17
552
1159
862
505
538
538
3
3
8
3
3
4
2
2
2
3
12
6
89
11
391
13
14
14
602
12
13
5
12
13
14
13
14
6
12
89
391
11
13
14
14
602
5
12
13
12
13
14
13
14
24
3
997
1021
975
1111
975
2344
1072
723
975
760
879
2373
760
1965
142
1028
925
662
1520
909
350
812
2789
1045
769
1416
2614
2935
2373
1346
1
19
28
2
62
1684
229
18
7
18
282
765
765
262
4
765
1754
1
10
22
41
0
1
2
2
929
782
0
0
61
61
61
61
61
60
60
1
2
28
1621
2106
2106
737
5
5
0
5
82
1737
2716
629
2716
4
9
1799
353
407
225
353
225
225
353
9
407
4
160
354
0
2558
84
228
227
228
240
153
56
1
2708
683
1130
1123
1
1001
1001
1001
1001
1001
1001
1001
1001
1001
1
279
2468
2468
2667
132
4
6
1
1
1
654
1948
1948
341
1618
151
12
912
0
1166
71
1
35
1
0
1
7
601
2014
2283
4
0
4
12
6
0
1117
147
282
249
2741
290
1
4
1513
19
19
147
147
1059
1059
15
15
42
35
35
42
35
42
42
35
35
42
42
35
415
132
262
1
214
4
1
774
169
132
666
2
1
2010
46
193
0
312
0
0
535
951
16
15
1
4
59
543
61
15
7
37
36
312
532
15
56
0
154
154
64
345
345
3
750
157
18
4
7
31
39
282
157
157
81
18
0
1
2
3
2
1822
693
365
364
358
351
350
351
350
344
0
4
54
693
325
153
371
0
0
41
18
16
28
28
291
325
325
1
0
0
0
0
1
1232
181
181
693
4
1338
1218
2560
35
35
34
34
27
354
5
687
680
694
666
2352
2352
2348
99
2
693
28
1981
510
510
510
510
510
510
474
509
509
747
1093
748
819
747
1097
819
816
17
16
90
89
89
192
73
0
1518
1518
1518
1518
1518
1518
1518
1518
371
111
23
494
23
23
23
42
1637
3
2356
2356
2356
2356
693
157
0
0
612
1662
588
1609
1840
1840
4
919
1662
1661
675
0
329
329
2061
582
50
410
6
3
3
222
382
376
376
375
368
375
368
367
37
4
4
4
42
377
1822
82
1
102
81
578
1582
1582
1583
116
1269
1269
1269
1263
1129
1129
1129
1129
1129
1129
1129
1129
9
9
1
1945
380
124
3
8
36
67
25
0
102
1238
46
1056
147
752
95
94
2465
2100
2465
2905
2851
1225
610
4
4
11
64
64
1
64
0
0
111
1336
2210
1
22
1
1
1
1
1
17
5
0
106
69
2028
1095
170
489
0
825
2355
0
1029
1
1593
8
7
0
0
1138
1138
1138
1138
15
14
352
0
111
746
395
1172
1172
1172
1172
1172
1172
1172
1172
1172
1172
1154
1154
1144
1144
1137
1137
1144
1144
1137
1137
1130
1130
1123
1123
1116
1116
1109
1109
1102
1102
1095
1095
1088
1088
1081
1081
708
311
311
1070
4
4
1
0
139
2314
8
0
2004
6
3
3
3
8
4
2
2
2
3
1
588
585
1406
1679
1
66
552
35
8
1021
1021
2
743
931
931
954
2
41
3
907
1174
1174
0
186
354
24
5
2
1052
3
1
0
4
15
4
1707
1268
0
38
35
55
49
62
115
123
41
41
1
471
471
470
464
495
495
50
50
49
49
48
48
47
48
48
47
47
46
46
45
45
44
44
252
4
2
8
3
3
3
2
3
2
167
166
162
162
161
161
155
155
154
154
148
587
896
1
13
1822
498
110
498
1822
2
1221
1312
1312
1312
693
893
238
214
0
416
1995
1095
374
220
7
7
1
1
41
179
174
1
171
39
924
1
108
223
75
75
1007
1007
503
460
37
1
0
0
3
838
1238
838
371
64
488
4
4
4
380
977
367
362
333
361
353
39
2219
693
0
0
4
18
18
18
1
8
1
84
85
4
18
61
61
12
0
322
2361
10
371
46
46
1842
250
113
743
2314
696
26
1082
127
127
22
22
425
1
41
693
693
99
1
477
1902
574
150
490
476
1902
1902
24
642
73
2
857
95
95
2154
2154
38
27
99
12
5
27
1222
1222
58
214
214
214
1222
323
579
323
203
1946
204
524
1585
60
83
46
83
4
13
993
588
1652
1652
1652
1652
1652
1652
1483
31
18
55
0
0
0
0
0
0
0
0
153
1346
480
693
693
1
1
1409
601
5
94
0
5
11
5
6
6
1797
693
72
21
59
88
44
413
1
2
498
110
857
857
0
13
14
14
13
12
430
512
1
3
4
3
2
8
3
2
2
3
616
59
425
762
630
905
630
111
3
0
27
2280
950
950
950
15
15
14
1679
1679
18
1021
4
4
1
3
8
3
3
4
2
2
2
3
1
360
836
836
2138
461
391
391
387
0
1443
8
39
1
17
40
40
1
1
693
693
693
18
11
4
10
0
4
1384
3106
1384
1384
1384
1384
2331
2331
2331
2331
29
253
565
895
565
895
81
895
565
895
895
186
1529
1529
1529
479
478
186
202
495
582
582
3
3
4
2
8
3
2
3
2
21
192
0
95
2
0
0
0
0
0
0
0
693
63
436
2
2307
2307
322
4
4
4
248
1926
1926
20
20
1
249
4
1001
36
30
29
37
36
450
449
449
449
448
611
4
75
17
765
567
227
33
1320
1947
1593
1274
693
693
43
27
157
267
0
0
2339
2339
2339
2339
2339
2339
2339
2339
2049
1683
110
1221
1218
174
2049
237
1218
1147
82
931
931
1218
110
928
1147
931
4
1334
1334
157
2412
644
589
421
59
59
198
39
45
45
2
2
0
21
32
5
15
4
4
2315
2315
1438
1
1
5
13
13
13
13
13
13
0
1458
4
211
1148
170
2
2
1211
0
491
1080
1
1353
1342
2251
230
1
1355
24
14
1
1
152
63
1370
290
63
63
1383
1370
132
3
0
0
756
112
147
2014
2014
2014
2014
46
1
913
412
45
44
0
1948
1948
245
540
233
175
283
693
201
8
8
14
14
14
7
5
76
21
20
24
23
22
630
3
192
173
0
3
145
0
2027
2027
2027
212
45
45
501
493
493
493
1
337
248
4
45
45
1866
13
1587
1587
2024
2024
2024
649
278
19
80
380
319
319
931
931
931
874
874
874
38
38
38
3
7
1
2359
38
6
10
9
9
17
3
3
3
17
0
112
112
112
112
112
0
7
29
689
1236
0
1201
693
712
153
57
693
937
489
489
489
494
0
21
603
153
1
0
0
0
113
2
81
186
171
882
63
81
106
504
3012
1168
122
1483
1
1
1
1
1
4
4
202
491
19
3
1842
0
84
81
229
228
1
42
531
892
531
22
22
2
1372
2
4
4
1068
1068
1068
0
1179
208
66
2187
2187
142
880
1498
454
1
2
0
0
0
1369
1454
1369
0
1
6
6
3
124
59
59
58
58
57
57
96
362
693
669
216
95
146
57
57
1
33
2
1
0
726
1
1
1
1
369
4
0
0
1
1840
1840
1840
5
279
279
279
2286
342
342
205
1218
1218
1218
1218
1218
1218
1218
902
892
26
153
6
444
7
9
12
8
13
7
7
8
7
8
8
8
8
7
8
9
7
4
3
3
2
380
1
713
6
765
1
258
67
67
50
34
48
48
47
26
26
22
105
111
1
15
1
1137
1137
161
3
691
461
432
1321
8
296
18
48
60
1083
491
5
5
400
400
400
400
617
54
54
383
399
42
1
4
1546
1546
1546
17
16
17
1582
4
391
945
1029
1029
1029
1029
1029
1029
1029
1029
1029
1029
1029
443
443
19
19
19
19
20
56
0
937
1156
972
94
41
17
492
486
3
1352
1352
1352
9
0
202
202
202
202
202
0
59
2
67
1
25
343
30
30
83
400
450
0
29
2
7
776
0
0
0
0
78
2811
693
1198
2355
0
0
1476
23
224
264
571
264
571
264
571
264
264
264
910
910
910
4
1076
950
486
33
354
320
12
1356
1356
1356
1356
1356
1356
1356
1356
468
216
56
3023
8
371
371
371
371
371
371
2023
2023
2023
143
121
207
248
86
104
116
174
165
157
241
255
79
165
72
62
62
538
12
1396
31
18
128
128
128
128
128
128
5
280
81
80
80
79
79
78
1
1
6
4
1
1
1
43
43
693
1154
1154
50
1391
157
0
153
1562
76
1077
1070
1663
37
861
1840
1840
1
295
1125
1104
3
350
357
860
5
836
718
105
104
2936
2936
2936
1684
1259
1
24
279
86
1707
2481
2344
153
39
1840
1840
1840
14
750
1373
0
669
97
11
19
10
5
70
70
2107
2107
2107
2107
2107
2107
2107
2107
2107
2107
2107
2107
2107
2107
2107
2107
2107
2107
2107
2107
2107
2107
2107
2107
2107
2107
2107
2107
2107
1
22
764
22
6
1140
1133
1
9
9
1
0
4
5
0
1650
781
781
780
773
1077
460
458
1804
626
764
866
910
1158
0
3
409
0
127
1189
1189
1189
1189
8
7
7
6
6
5
13
94
93
93
93
93
93
91
91
578
838
0
157
59
1212
469
460
1
2
3
2
2290
1
1
140
235
3
195
6
6
3
2
77
153
510
7
12
1
13
7
12
1
13
1
1
2
7
12
10
7
7
12
37
14
4
459
2
2
1335
33
33
32
165
931
118
234
234
234
234
234
234
234
392
234
0
1070
934
934
934
934
385
1959
1829
699
1121
2663
385
2663
1959
628
770
49
425
515
2663
0
0
1032
621
6
6
5
11
5
1032
621
11
5
6
6
5
987
827
1446
105
837
194
919
1467
500
1279
1216
455
1232
556
56
1303
987
1032
1032
621
5
91
1
0
31
248
31
887
1137
1137
484
4
0
526
0
35
937
488
693
693
6
752
693
898
898
898
898
898
898
91
0
5
892
3
2
37
4
139
1443
370
381
24
1972
9
1014
367
368
1886
24
2315
4
238
69
0
0
39
39
1763
3
449
4
1190
26
4
4
3
38
6
9
36
458
53
82
4
1621
1621
1621
1619
1621
1621
1621
1621
1621
1621
1001
41
26
43
44
47
48
50
51
51
62
50
42
44
47
51
62
0
62
62
61
61
60
59
59
61
60
58
58
59
57
59
51
58
61
57
57
56
55
53
54
52
52
40
51
52
50
48
51
44
44
42
43
38
51
44
44
42
43
38
4
506
506
503
502
1947
800
2
67
457
454
452
2
18
24
1226
945
395
205
52
1
4
2
173
9
35
860
457
130
2297
0
968
588
588
587
587
587
585
101
532
1
1
1
1
693
95
95
1311
822
827
670
1323
700
95
7
7
6
5
4
3
2
1
0
90
2291
33
33
33
33
33
32
32
1602
0
1049
380
380
4
1
3
1060
1060
2353
2353
2353
1229
1229
1230
488
486
1
15
1168
1168
1
1
1163
1156
1150
5
68
343
1142
254
1048
1136
2188
1
0
119
118
1841
1841
1841
7
1777
1730
1126
1126
3
5
392
475
392
261
22
0
0
344
28
102
312
333
1
1
0
4
1
1
38
4
4
1157
1
1
15
8
22
2352
13
306
757
1
441
6
4
4
4
380
23
458
5
975
975
699
145
0
2
4
4
1840
1840
1840
1840
1840
22
17
28
28
12
37
18
12
70
13
1716
7
25
515
502
489
473
461
446
433
419
404
378
5
246
553
37
37
53
5
0
4
2347
1356
1356
1356
1356
1356
1356
1356
1356
1356
3
693
0
68
824
24
2283
2283
2283
2283
24
1
5
105
11
64
64
0
2
548
2
217
161
8
906
8
8
906
842
8
906
2
5
3
46
8
2
436
2
2
131
3
85
35
3
1
1
321
107
321
124
2
515
4
7
472
472
41
10
59
9
115
112
115
0
750
1445
1919
445
278
4
1154
1154
1144
1144
1137
1137
1130
1130
1123
1123
1116
1116
1109
1109
1102
1102
1102
1102
1095
654
1
13
17
50
3
48
59
495
495
495
495
495
189
0
198
98
94
854
5
854
344
79
704
602
0
1075
1815
1815
1815
1815
1158
1158
211
518
1
478
468
18
1
0
113
26
31
30
30
83
1005
3
3
153
174
4
580
721
28
6
4
18
3022
452
3022
652
703
459
11
5
6
6
5
1227
765
749
578
523
725
312
414
1123
1581
1580
1579
1578
1577
1574
898
568
612
566
566
912
623
2006
738
556
991
91
24
286
25
566
5
8
37
1
84
228
81
229
1595
1
1058
1058
1058
1058
1058
1058
2013
2432
362
765
410
322
113
23
23
4
93
1190
0
5
0
838
98
129
217
50
609
111
54
111
54
54
111
113
955
217
38
37
38
38
38
38
341
109
46
1
15
34
105
812
439
677
11
649
694
643
749
618
489
489
8
8
1
0
946
1691
946
1169
1170
95
1600
1600
192
1120
1120
1120
1120
1120
1120
628
629
16
15
15
15
15
15
22
21
21
20
20
19
20
20
19
19
80
617
617
784
808
895
1373
157
1257
198
28
327
724
27
27
1
0
0
0
2203
517
81
84
228
229
35
14
95
1084
1084
95
2560
2560
155
185
112
114
115
117
112
166
16
16
15
601
579
579
579
59
37
1
560
3
140
1
1
4
59
1
33
531
572
813
1041
186
813
1041
186
171
618
1203
112
1739
1483
1391
160
1041
1043
81
2848
411
754
610
2983
2204
1206
2204
475
434
434
964
518
133
347
856
1751
411
1114
1841
1841
1525
1525
1524
1523
1525
1525
1509
15
15
14
2
2
386
595
588
1122
1
0
0
0
76
76
211
1318
73
81
81
352
97
530
0
1946
269
269
305
305
269
269
269
269
269
269
269
269
342
714
2
33
318
545
5
50
1
6
6
1
82
37
31
30
312
1098
811
1067
192
476
476
476
719
5
40
39
701
1306
1306
1306
1
2
719
719
1
996
987
1
0
30
33
37
93
153
109
275
275
1521
4
12
3
2
839
1606
13
5
1844
0
1
852
1
39
797
248
1
1
14
124
129
145
96
145
96
59
423
13
13
137
180
256
108
1
15
2
192
4
6
3
11
2040
0
0
112
111
111
165
322
319
546
546
932
130
130
130
130
34
2
385
65
371
0
1373
1021
855
1972
231
231
28
28
1
745
745
745
745
279
717
90
786
90
80
404
4
48
1
3
3
1
3
1
136
4
4
5
3
3
2302
2302
2
1
47
52
54
59
87
89
94
96
101
96
103
11
4
3
1
1
1
4
142
0
713
1976
0
22
24
1840
3
5
1
0
248
601
136
789
2
7
1
832
566
566
566
1426
1476
1867
1205
629
131
59
0
0
1
4
4
7
4
7
18
39
282
23
23
1
4
228
84
229
81
112
88
23
148
16
586
4
11
4
3
6
38
4
0
574
837
1574
13
12
1
1
153
72
41
517
517
532
1
129
123
1622
1620
7
568
531
338
1372
1435
1365
1365
1365
1372
1358
1349
1342
0
2
31
31
1073
1073
1073
1801
1801
1754
39
32
25
18
11
1920
1920
1920
1920
1920
1920
1920
1920
509
1743
4
15
4
9
6
5
4
4
1453
1016
0
1
2014
1005
160
379
119
0
8
13
2002
495
1116
1116
3
6
6
101
1841
29
27
1
612
301
303
13
13
275
4
5
7
1123
4
1080
81
55
560
1080
81
518
617
158
693
81
806
0
192
1
1
76
1
25
818
818
818
818
818
2123
1157
1157
5
2
15
0
7
78
77
693
2
0
141
702
386
1190
757
62
61
25
24
2014
26
935
935
83
2289
0
5
643
0
2
1844
1844
1844
1844
1844
1844
1844
1844
1844
1844
1844
1844
1844
1844
1844
1844
1844
1844
1844
1844
1844
1844
1844
1844
1832
79
79
562
1013
1013
30
30
29
28
26
3
3
3
6
1231
1230
1230
1230
1230
