147
190
337
8
8
0
1
363
496
2
697
1601
822
2
907
697
1
1424
5
12
3
332
3
4
541
13
562
2016
791
791
1
32
40
5
1576
1576
664
2
651
1325
499
984
254
2260
48
0
22
11
2
286
22
85
304
1
1381
5
46
8
8
8
8
8
8
8
8
8
8
8
8
8
8
8
8
8
8
8
8
8
8
8
8
8
8
8
8
8
8
8
8
8
8
8
8
8
8
40
1009
0
2357
95
254
831
1363
254
831
831
254
831
831
254
1
7
225
225
304
748
84
2
23
23
1300
417
1
50
2
1
755
30
38
3
61
1
37
7
7
7
7
2
2
79
2
2
2
1
8
7
8
2
2
1
1
6
272
452
535
452
12
1
1
2318
106
15
15
1820
1426
12
2
1122
1122
837
5
787
538
538
269
688
36
0
0
384
27
41
46
8
0
769
965
1261
387
0
3
1
43
157
1
17
23
1227
1418
1393
697
46
726
726
726
1313
17
126
91
18
1
8
5
50
130
5
19
19
1857
174
5
17
1
1
1
1
1
88
8
0
25
3
155
1686
0
84
1
18
454
20
18
16
3
157
971
35
22
1317
370
262
2715
2670
2670
2670
1508
1190
745
90
737
2
2
982
4
39
505
16
33
13
1222
353
352
351
23
23
22
18
402
35
1232
1
1
8
8
8
8
8
8
45
86
0
236
1151
321
8
2024
2024
2024
2024
703
2319
1
86
1848
1848
1848
1848
1848
22
831
899
645
1
0
562
350
605
98
1
226
3
3
1
1
2
2
11
8
86
8
283
396
145
3
26
1
63
290
40
3
1
3
35
2166
690
1761
33
799
130
1
19
1
754
97
18
2
2631
31
581
973
2783
582
110
48
141
14
1584
1844
67
266
938
1
189
1339
0
144
12
88
1989
305
292
1
1
1
8
386
3
0
0
323
1566
363
66
1398
694
864
1844
156
3
100
1
24
0
2295
72
78
78
1
0
48
2287
2287
2287
2287
2287
2287
2287
2287
50
37
2633
19
1223
0
11
27
1499
1499
3
1675
196
160
1601
1601
0
68
1
998
8
1221
2
371
24
1
567
46
39
32
24
316
25
196
41
5
1265
1265
1265
1
2
2
6
2
1050
1050
1
1
777
246
359
1384
1384
1053
649
1844
1
59
697
2
2146
2146
23
549
46
46
46
36
262
262
21
208
3
1160
1075
0
12
11
11
0
12
194
783
697
112
5
1932
11
797
769
17
16
16
15
15
14
14
13
13
12
12
11
11
10
10
9
2
4
2014
416
150
6
965
33
33
975
0
178
178
2
2
7
3
715
7
5
1
8
1344
1017
1344
4
660
362
0
912
99
0
915
722
132
2721
305
1
1064
2491
71
1
161
59
1512
0
71
1070
16
1
0
1498
0
1
0
0
3
123
8
1404
1404
1404
35
1404
362
196
1975
968
8
23
631
1086
4
498
70
14
815
8
1000
2
3
2
2
409
1
1
1
1
4
4
0
820
1457
4
1418
16
697
1064
1063
1065
596
2
0
2288
1346
2287
18
2
2
268
5
809
325
0
157
156
2
8
22
19
3
2
2
2293
1225
1566
0
2029
752
386
3
1
140
1991
99
99
99
2318
5
5
316
1073
1235
5
10
10
9
9
8
8
12
0
4
1
167
538
340
6
368
540
2
310
5
4
4
830
1796
2164
1796
1796
2
2
703
1
3003
1665
0
35
539
0
1517
953
11
2401
107
455
454
33
2
1
2319
851
844
837
832
823
2319
2319
2319
2319
2319
816
802
794
2288
2288
2288
2288
2288
2288
2319
2319
2319
2319
2319
2
2
1814
1785
1735
60
1249
269
25
215
102
232
1512
1512
37
29
1
27
1
113
286
405
53
367
52
27
281
585
1113
1
374
100
1005
84
0
8
1
19
205
2
2
91
8
935
13
368
368
644
643
65
14
63
93
93
102
246
1659
958
3
54
386
267
154
86
207
351
351
351
350
350
350
349
349
349
112
112
348
348
348
347
347
948
595
544
9
1190
577
1230
676
594
696
594
1
0
0
139
122
352
347
347
347
346
346
346
345
345
345
345
344
344
0
74
5
2206
1197
0
0
0
0
47
41
23
3
896
3
992
1029
810
788
781
64
48
100
1360
57
833
827
273
492
190
1068
2
2287
1070
1070
1070
779
1412
496
1
0
480
17
3
0
697
1087
1063
1065
1064
16
1
370
690
23
19
643
454
1290
1
79
79
29
1395
18
7
273
112
330
925
2293
1261
2
2
0
79
658
760
161
1
95
197
197
213
197
1209
764
1207
578
0
1
631
1068
1068
1068
208
3
49
15
15
523
26
1370
146
146
578
3
136
98
106
353
14
198
658
658
457
139
45
1952
722
117
148
12
59
1
69
17
16
8
161
732
724
13
1
28
1
17
1
697
5
1
1
0
1
2760
3084
1812
1317
0
1360
1360
1360
6
96
26
883
15
1
812
926
926
339
1
17
48
48
1665
432
2402
1590
14
161
78
21
78
2
1014
245
348
99
898
584
789
1113
290
5
80
124
2252
697
25
19
2
760
180
176
1217
1217
1217
121
88
697
2
12
3
2
202
63
764
262
0
1
3
5
5
3
1
63
1
1
86
2
30
227
831
3
0
384
175
6
6
140
11
10
39
52
1317
8
93
1
1
715
330
158
2
2053
130
847
170
1026
6
1173
1159
2190
2190
2190
2190
170
170
316
1698
144
170
557
553
262
697
5
0
2
696
1787
337
330
309
252
3
1
4
4
694
694
690
88
52
22
2
2
686
6
90
1
411
932
883
786
411
932
1299
932
817
558
797
558
85
558
1
1848
480
60
60
2
4
1
2308
386
440
2053
54
247
6
13
45
1
1
7
0
3
19
19
1437
230
5
45
45
44
41
41
41
41
40
40
64
67
403
54
261
3
103
323
1
10
1205
942
1105
596
14
3315
58
0
730
184
11
19
18
18
50
10
1480
440
2053
2324
2149
22
22
1
18
22
31
31
31
8
22
31
18
22
22
11
1
18
1
4
22
31
22
1
1462
176
2319
191
21
4
1
1
1
257
43
0
60
348
6
99
5
161
37
0
0
0
2601
2
22
8
11
35
85
2
73
386
9
57
5
150
3
19
3
2455
1339
87
66
356
1
6
2
4
544
0
2
144
100
3
8
2
2
1666
1665
1665
1665
1665
1
478
1
1
71
12
76
157
61
703
703
3
690
19
2008
2
570
3
7
7
60
2325
1750
1005
1
1009
1009
1009
753
86
107
98
98
144
173
8
349
354
1722
12
2347
4
390
5
1192
105
105
66
1
63
8
933
886
80
1996
66
1065
1064
1063
8
241
274
306
331
157
2
1359
1359
1359
1359
1359
1106
4
0
1386
2
2
1
998
35
927
2311
37
36
22
2
0
1893
0
420
293
89
18
36
4
3359
2590
0
691
137
1506
1506
246
1
246
85
0
56
4
1240
1888
1680
1447
1316
0
419
419
0
807
2306
541
742
1075
63
1608
1201
5
15
22
45
36
6
2311
533
2
1
2
0
898
7
2
16
0
1473
1720
902
902
1720
1
230
210
1
16
89
27
10
848
161
151
697
1
86
1623
1623
1623
5
1
93
7
5
49
49
386
2
2
21
161
12
5
2062
518
31
375
900
473
1
600
4
430
498
0
21
727
93
0
126
16
1828
2
8
2
273
1952
2
16
6
99
192
3
4
5
5
1
12
366
19
1687
112
1603
1
6
1742
84
104
22
18
694
690
6
1
558
1786
613
15
2971
266
2
3
21
22
75
128
351
400
1555
1555
1555
1512
1512
272
328
260
254
1
8
520
1598
286
5
117
2319
1057
2568
151
1625
382
1151
161
40
1855
3
101
5
4
253
7
7
6
6
5
4
5
3
4
3
1653
61
2357
0
53
1
5
5
1067
69
36
35
491
491
125
1
1
4
1168
1597
1597
1
161
1991
0
282
282
282
0
15
2319
120
293
4
1
85
12
19
1223
1223
1464
45
432
0
81
81
80
273
322
322
137
524
8
1072
10
1556
1101
1479
474
66
335
697
85
5
485
473
119
117
0
5
3
60
60
60
60
60
1
17
715
231
2293
260
259
149
2599
2795
304
93
697
2306
570
2343
2343
100
752
597
1403
510
1
60
55
0
0
691
432
6
6
1300
1300
370
6
6
5
5
5
4
4
3
3
1
657
742
8
1
13
1
195
5
5
5
488
5
5
5
5
5
1
1004
3
6
1
6
0
1
5
17
17
17
17
1072
375
380
697
1
0
860
333
333
4
368
16
17
246
1
286
185
5
4
11
11
2
9
8
8
8
7
7
6
6
5
5
102
11
120
118
120
384
6
619
17
5
899
5
4
5
158
153
572
1113
1976
769
1
1
13
34
34
87
18
17
17
17
17
17
64
64
40
10
9
9
74
1201
389
359
516
516
516
612
2
2
0
0
196
277
757
605
604
604
604
603
603
603
998
1005
974
974
1
2
1601
33
1844
1844
2
209
1
2
1
2
1
2
1
1
1
1
3
12
1
1
2
2
150
697
7
11
879
2
2214
2214
2214
2214
2214
3
1540
84
518
518
513
512
512
511
506
386
15
1777
1
289
289
753
753
63
28
11
22
668
697
2
843
843
921
843
5
541
541
766
1477
3
4
3
4
27
51
89
89
134
534
1
174
174
171
1
94
435
435
447
447
447
447
447
6
437
85
556
1601
1
21
91
91
0
1447
1447
995
995
657
657
657
1
9
1079
2481
1079
384
1
7
80
182
994
1
120
16
1
1
1
1
4
715
388
1066
388
388
388
1
697
16
16
15
15
384
384
9
218
218
218
372
523
1398
1398
429
1
3
19
3
1
358
1
8
8
237
304
1034
0
122
17
4
303
1540
640
1
23
697
2
1
1
8
28
1
1
514
20
935
575
7
2007
463
2007
513
8
7
161
2
2
2692
1244
189
2662
2662
1244
189
304
1
2191
1
432
97
399
99
2
367
191
28
1074
616
616
697
262
143
26
23
2
26
18
922
346
346
346
346
50
50
742
1170
1170
3
2
2
125
2
268
268
268
2433
566
548
1680
668
643
2371
503
2708
2036
768
768
2708
2708
2708
2708
3066
43
43
393
1866
1816
2708
1816
1966
2402
1453
2474
1923
683
2510
554
768
1180
435
1278
1474
66
66
6
856
128
1157
1169
262
19
18
0
19
28
1305
32
25
32
25
305
0
262
529
529
697
582
3
2
200
8
1
0
1191
1616
1616
691
697
2
8
22
624
0
14
14
728
2306
0
232
235
235
918
918
1713
156
935
692
935
1423
1422
78
1423
1422
176
1227
572
241
1462
198
1661
1661
56
2
0
0
549
548
547
547
1
32
6
173
2319
2319
337
290
916
73
87
121
15
1
8
77
2
786
778
2318
4
66
1
2191
117
145
8
927
967
960
967
39
461
525
575
1302
1302
1302
1585
1585
1585
1585
384
1585
523
28
2
37
18
129
1302
25
25
24
24
23
23
22
22
21
21
20
20
19
19
18
18
17
18
17
2096
2
1092
1724
59
16
16
191
17
273
68
68
67
67
67
66
66
65
65
64
64
363
370
363
92
15
148
155
377
405
377
5
90
57
0
564
3
172
172
172
184
663
294
387
407
708
407
407
2
1
16
6
15
15
15
15
14
14
14
13
13
13
22
1610
1262
4
3
1844
1339
1
96
842
205
1926
1926
1926
1926
1926
1926
1926
1926
1926
1
208
3
80
1
691
691
691
691
690
2319
222
222
221
221
220
220
219
218
217
217
216
216
1297
942
1004
1191
1
8
4
4
3
3
2
3
4
697
4
829
0
408
342
342
341
340
0
0
0
1077
282
305
2816
289
859
1479
263
305
225
156
117
685
2748
1400
2476
681
857
599
2
3
4
54
80
79
79
1
2
1
1
0
0
236
8
724
191
19
19
5
1
3
1598
1
1
1
1
12
1
26
43
57
144
3
115
186
853
853
490
490
0
90
63
2
302
302
559
500
500
86
67
86
129
12
3
126
8
8
38
39
1
2
262
115
14
1
1
2
36
36
1646
2
132
16
15
15
14
13
12
12
11
11
10
9
9
9
8
8
7
5
5
3
2
5
2
1
4
4
1
3
233
1572
64
63
0
1
2
25
38
4
628
741
140
140
140
140
140
2
3
791
206
368
187
180
3
2
478
125
616
1874
76
76
76
3
133
274
3
332
332
5
2065
2065
21
0
17
16
11
11
500
3
16
14
16
14
16
16
1
396
2
2
52
52
2293
2
143
88
88
98
154
2
1
1
2
1
1
5
57
28
735
3
769
1
1
702
2
26
26
25
26
697
690
690
690
690
0
4
4
1
0
144
147
144
147
2
697
4
63
2184
2168
2184
2168
3263
42
3263
3119
3263
42
697
4
1
246
8
15
154
154
1845
1845
1845
1845
689
689
14
8
567
331
5
3
1
9
8
4
1069
1240
1069
3
258
1320
37
0
0
932
136
4
1
554
649
42
4
755
755
838
664
10
0
2
697
151
1541
14
15
14
1
4
4
328
8
286
18
18
75
81
81
2318
2318
2318
2318
2318
2318
2318
2318
2318
2318
2318
367
367
367
367
473
473
27
1
1
1
1
17
1
531
0
2
384
11
22
286
5
5
549
549
6
33
392
19
161
286
769
2
2
4
578
1783
85
3
1
1
1
1215
1094
2544
0
99
16
23
5
1064
3
3
60
16
797
798
1
7
7
2
658
658
1
690
690
83
501
501
1406
501
1406
1168
501
425
581
1283
1301
1294
1167
1283
713
2
488
1114
28
1661
17
106
8
22
78
78
78
2
336
8
862
1709
32
32
1
0
7
0
4
697
507
0
2
274
65
1072
1072
38
151
37
37
37
37
0
0
2
0
46
697
0
19
259
259
1153
259
1151
259
258
258
1145
259
259
259
259
259
501
1145
501
259
501
1159
1158
1159
1150
2
273
34
87
34
21
8
8
8
8
8
8
8
8
8
8
8
8
8
8
8
8
8
8
8
8
8
8
8
8
8
8
8
8
8
8
8
8
8
8
8
8
8
8
8
8
8
8
8
8
8
8
8
8
8
8
8
8
8
8
8
8
8
8
8
8
8
8
8
8
8
8
8
8
8
8
8
8
8
8
8
8
8
8
8
8
8
8
8
8
8
8
8
8
8
8
8
8
8
8
8
8
8
8
8
8
8
8
8
8
8
8
8
8
8
8
8
8
8
8
8
8
8
8
8
8
8
8
8
8
8
8
8
8
8
8
8
8
8
8
8
8
8
8
8
8
8
8
8
8
8
8
8
8
8
8
8
8
8
8
8
8
8
8
8
8
8
8
8
8
8
8
8
8
8
8
8
8
8
8
8
8
8
8
8
8
8
1630
40
291
593
192
291
593
291
40
4
0
1283
1283
1280
162
59
288
287
286
416
409
409
458
521
794
2
7
1
63
2
176
1
1
1
0
1845
1845
1845
1845
35
8
2
2
1327
0
0
2
1
91
91
91
91
91
91
815
1
11
12
3
2
2
2
123
120
105
1295
1138
1
154
154
48
48
48
586
586
586
581
755
755
5
5
2
1
691
689
479
1240
1505
920
451
463
1242
472
22
296
295
23
63
341
355
350
334
23
118
151
151
151
151
151
151
151
154
45
49
489
438
49
39
41
49
49
333
35
2553
8
1160
2
7
4
4
332
342
175
524
444
100
100
47
842
696
919
916
637
81
535
775
742
782
1234
1259
911
535
833
193
193
191
192
191
193
193
192
833
403
2362
2362
2362
2362
2362
2362
1636
2362
2362
2551
6
506
493
477
450
437
423
408
394
1075
2
359
126
536
1
1
21
394
394
3
2
2
15
47
47
522
64
135
135
246
430
0
491
491
918
747
664
14
2
933
697
344
742
742
4
7
7
2
2
2
3
0
181
1629
1926
40
43
161
161
161
161
161
161
161
1
1
5
32
423
697
2
4
2
4
4
0
0
5
155
918
2461
3016
155
541
1028
541
1028
3
18
18
18
2
52
39
2
2
1429
1709
2187
2187
1
157
691
63
4
830
2
690
691
690
145
138
131
4
26
25
25
24
24
2010
33
129
129
129
129
187
184
710
710
710
614
710
870
710
710
1284
1275
1509
955
642
585
1458
836
431
573
4
4
86
382
394
8
11
1917
1917
1917
300
88
114
40
61
192
3
1
697
697
757
202
144
5
149
49
1781
1782
869
869
868
868
868
868
868
1
2242
2242
2242
5
19
19
18
930
17
238
139
383
898
274
274
274
274
274
274
274
274
840
840
840
840
840
840
840
2290
2250
2250
2290
42
17
17
148
286
24
24
2
2
2
2
0
47
44
47
66
1
697
380
3
24
24
1380
400
400
45
0
0
262
161
161
286
481
562
0
24
0
177
522
697
697
946
0
944
463
41
157
697
161
697
85
1064
225
533
268
296
831
13
13
11
12
311
395
26
234
234
234
5
5
5
290
766
45
65
64
64
16
0
6
0
0
1
0
3
44
12
403
1
18
247
3
494
494
23
1987
58
107
91
59
44
459
121
216
425
117
116
314
287
134
153
256
205
227
136
415
437
154
0
8
18
574
42
42
40
39
40
49
65
79
989
989
989
8
8
8
8
8
8
8
8
1
0
0
0
0
0
8
22
5
5
27
27
27
20
400
468
465
7
157
58
56
46
3
1
9
0
9
86
1053
1053
18
134
1010
515
1
227
136
136
1926
11
233
11
233
233
11
233
30
32
1317
351
351
47
3
3
113
28
506
13
13
12
12
12
11
62
986
5
67
35
11
85
56
1682
2978
1047
2485
1464
1464
1464
1150
1150
66
19
3
2
5
16
17
16
2
2
1034
155
2326
672
253
172
114
95
32
23
157
84
319
98
697
697
1601
1601
2008
2008
2008
1
23
3
231
439
1091
2
273
2238
1437
1661
1661
1661
41
2
1045
697
43
338
157
2
488
1
15
456
0
1470
1820
1426
1820
1426
1470
747
1099
2
5
5
12
451
1
2288
0
218
2319
161
3
1654
1655
465
2
2
10
39
170
194
861
5
12
0
0
42
157
404
2
2
344
956
697
1
918
71
41
491
176
4
4
3
831
1
0
3
13
367
847
2258
1194
99
98
1844
1844
1844
1844
1924
1924
1924
9
1118
1719
0
697
1625
17
42
191
17
17
17
17
21
128
1656
9
18
1389
849
2
849
16
967
967
349
22
3
18
1601
772
2444
1601
1601
862
176
697
176
2338
101
21
2
40
112
160
17
654
4
161
161
0
0
13
106
8
12
99
697
8
0
1142
1130
8
7
7
6
243
2
60
2
697
769
2483
663
4
75
4
1
1
1
691
697
1469
637
1274
270
270
3
41
1038
1077
1038
3
1
57
202
273
1
3
6
2325
2325
2325
2325
2325
2325
2325
2325
441
7
4
1
1
188
181
174
200
98
697
5
1
9
25
0
25
1053
9
161
161
0
0
222
222
222
359
644
0
8
0
48
478
478
478
139
139
0
152
8
2
73
66
1005
633
7
2
3
41
2
3
366
5
918
918
918
519
266
7
266
519
506
493
477
450
437
465
423
408
394
380
349
266
266
316
627
536
1518
196
86
97
144
773
388
86
0
2
48
741
46
46
48
46
48
46
48
349
2
2
935
935
935
541
1
1601
303
0
0
2
333
664
9
94
29
697
160
1
1
2
59
59
3
0
70
4
243
1851
375
10
63
454
454
454
1111
2927
0
86
3
10
14
3
9
437
0
2
0
2
138
2
1374
685
395
930
476
1785
1785
1
4
1
38
1
2
2
2
2
742
563
561
571
569
5
7
44
100
100
1601
3
3
8
3
2
2
1
1628
516
2034
2034
2034
517
697
412
1114
1114
549
3148
3396
2736
2468
98
98
176
1601
176
2
0
0
0
134
451
450
449
448
19
27
27
1901
1901
1400
20
20
697
1024
2
1951
1951
2
1120
1120
1
386
2
1
6
754
14
14
933
376
444
44
1
22
1
23
16
5
5
559
559
559
559
559
559
45
212
88
1612
88
522
85
522
0
953
277
19
19
19
18
4
282
0
157
0
60
1355
242
242
3
612
413
1175
630
658
1
8
21
5
751
823
823
752
820
1097
751
1101
8
11
11
35
286
22
508
22
85
0
1309
99
5
8
249
1
1
285
269
1
1
269
269
1
267
1
1
0
0
10
2289
2
29
86
23
1520
1520
1136
780
554
554
554
554
554
554
554
554
554
554
554
554
554
554
554
554
554
554
554
554
695
695
695
695
695
695
695
695
695
695
554
554
697
18
1203
1203
1203
1203
1203
1
1
1
2
4
333
1
2
2
1
2
1
2
25
742
2568
2
1
697
3
137
73
248
4
769
4
261
265
266
307
321
331
1378
2010
2132
95
88
96
542
31
2722
2722
2722
1
657
1613
3
2
2
1654
0
39
1
1474
1
363
1
821
821
28
632
16
81
81
389
224
224
223
223
110
86
209
0
51
16
37
384
50
65
1598
3
273
42
1
5
1601
64
2356
4
124
123
123
122
1427
4
11
22
43
11
134
632
1
31
31
30
262
20
1
2
1609
0
0
22
22
22
21
0
63
467
0
1447
1447
1151
98
1
151
151
151
1624
93
1624
151
151
151
151
45
51
0
35
44
43
44
43
43
43
1
1208
1208
1208
1208
1208
1208
1208
1208
1208
1208
1208
1208
281
281
281
281
280
280
280
280
279
168
861
861
861
2
348
32
1
5
5
816
2214
2214
3
16
697
91
100
21
290
819
819
819
819
389
63
85
81
230
426
213
267
267
1
386
435
863
422
1068
1068
1068
1068
1068
1068
1068
1068
1068
1068
225
28
541
3
269
2
2
23
15
697
456
449
436
0
116
94
1
2
2
81
330
5
4
387
379
1885
658
58
301
882
386
346
1
3
0
341
1799
286
228
2214
45
2543
1873
1873
0
0
102
103
22
209
209
1599
1599
1599
1
2
697
2
7
360
7
1
1010
8
8
513
513
513
513
170
2083
2076
447
2
402
7
26
2
25
36
23
98
58
58
2
1472
1915
1915
1915
1915
1915
1915
1915
1335
2
1601
5
1100
1098
1098
1098
1098
1096
1096
1095
1095
1094
17
102
84
17
786
1
23
2214
14
132
697
365
2
485
154
140
184
1
879
3
45
0
0
38
52
83
42
42
42
48
44
407
4
865
847
473
1
0
697
2
1
1
1
697
5
0
471
885
885
577
882
1
10
161
49
49
549
1879
1118
1719
36
59
66
67
89
49
1
28
11
312
51
120
162
123
144
151
149
224
225
203
164
156
178
160
21
167
569
626
848
1476
1638
1470
1572
80
239
275
330
329
329
260
267
268
279
157
156
156
156
156
155
155
155
155
155
1116
2
933
3
495
1783
3
495
161
1198
1845
21
5
5
5
5
5
5
5
43
45
43
9
120
9
411
5
59
145
2127
948
1361
609
609
609
428
609
609
1
3
3
3
3
28
0
237
0
0
769
18
1522
1
99
99
91
91
559
2010
4
36
64
94
64
240
1
1
37
732
731
731
731
730
730
64
1835
262
697
41
1
0
1
813
806
2283
16
16
1247
1359
1
541
541
55
55
490
493
493
493
495
495
495
495
495
495
495
907
907
756
1
1
17
17
14
847
847
0
0
0
0
0
0
3
3
3
99
9
9
8
2
980
4
4
3
1065
1064
1063
1
0
352
2
40
245
245
718
407
1399
2
143
1
664
83
83
83
83
83
83
83
12
95
2
7
893
85
22
8
99
3
2
2
11
462
1065
1064
1063
66
4
154
1
273
88
85
232
233
69
366
66
1230
1218
1231
360
697
14
0
9
2
0
492
28
14
1640
659
1601
2
2
2
1005
633
1005
969
969
1005
697
346
1
6
420
106
152
106
420
504
2293
932
1601
2
5
5
47
42
11
99
476
3
642
0
1
0
0
0
0
0
0
1
1
1785
1197
125
1113
68
90
15
60
59
26
1
10
9
21
5
2373
1
329
8
1
178
164
2
1472
6
2
286
19
24
17
1368
1017
1139
492
43
787
2
2293
35
5
5
5
174
975
3
27
1058
871
2
395
548
395
1111
0
769
1
19
243
128
218
1666
26
1427
1405
1427
1428
1427
364
364
2
847
128
1999
0
446
205
2159
1
5
45
70
438
8
8
7
7
6
6
6
5
5
4
5
4
4
3
3
40
8
66
8
880
0
0
43
2368
2368
2368
2293
7
7
1
876
3
19
1311
253
1265
1330
3
637
1475
1475
1475
1468
1468
1468
0
704
49
2357
1
1
14
43
16
371
371
1130
3
1163
110
1
1
15
48
619
48
48
0
0
0
6
5
11
0
1651
0
2
643
9
643
110
487
14
480
21
77
1472
1472
1472
2
2
1161
1848
1
1584
1583
1848
145
3
37
1850
888
156
98
21
21
20
20
98
126
126
182
205
185
205
205
233
497
170
87
87
1092
1092
9
2
26
545
535
1
1143
60
440
2214
2214
38
0
72
1273
1375
138
1
1009
1009
1009
1009
1009
1004
611
6
375
18
928
2081
2
128
3050
0
0
1
98
2
2
2
81
225
1
1
3
17
2335
1176
1176
1661
2
56
1
12
7
7
6
7
8
6
7
6
633
1598
1388
2
2
24
16
3
1009
7
354
400
400
1378
63
28
98
97
96
96
96
1159
1159
1159
90
80
52
60
60
67
679
14
397
135
708
708
697
403
63
1004
1
464
114
1661
1
0
0
0
82
106
281
329
281
1417
401
512
742
869
1881
1242
331
344
1474
401
1352
5
29
80
112
113
198
27
5
742
0
697
0
0
38
38
11
634
580
580
580
580
2292
1
9
2229
2229
4
2
70
69
0
0
128
128
1
1561
1561
1561
1561
1459
1459
1459
1459
532
687
1459
720
511
410
183
553
79
79
0
1
968
968
31
812
43
231
43
43
43
231
697
2
132
8
7
13
123
46
40
3
39
39
33
33
31
1
22
42
769
1009
1009
1009
1009
1009
1009
1009
1009
21
1
0
2
390
2318
298
1014
514
515
179
73
297
79
3
2415
199
168
168
131
3
2
50
50
50
50
2
0
1601
3
1
18
1
769
1585
1585
1
565
565
565
21
21
152
380
1
273
2
273
305
791
641
768
396
4
386
697
2
1952
1951
1951
51
51
8
1
1
54
2335
2335
2335
2335
151
123
123
26
6
3
7
1846
267
2
36
2
37
35
37
35
35
37
35
196
37
35
36
1
1
0
542
541
14
0
1
3
1296
1202
332
442
87
99
0
712
345
2178
712
1343
7
2
409
23
1107
1381
1107
38
415
1520
1520
1520
1520
1056
1056
1056
0
8
5
5
4
4
4
4
3
3
66
8
1
8
417
389
388
387
387
386
208
2
2400
2
1
2
13
12
12
11
11
10
10
10
0
165
159
159
159
158
158
158
158
158
11
1846
1848
1848
1848
3
1
1
63
262
1225
5
697
1379
8
2
2
2
8
2
1
330
330
328
2
1
22
11
8
35
1744
63
329
10
1536
1536
1536
3
0
0
100
100
102
0
5
103
193
1136
0
817
68
1843
1936
2
1
2
1
2
30
446
6
182
1
316
214
213
212
212
211
200
1437
3
67
103
2833
1497
1497
1494
984
93
93
548
1064
2673
1958
1958
1958
1958
1958
1957
1957
1957
1956
1956
1955
1955
1955
1713
1713
1961
1961
1960
1960
1959
1959
1958
1957
1956
1957
1956
1956
1956
1956
1955
1956
1956
1955
1955
1713
1961
1960
1959
1959
1959
1958
1958
1958
1958
1957
1956
1956
1956
1713
1713
1956
1956
1955
1960
1959
1959
1959
1958
2
393
726
1426
1470
1820
196
32
1
1
0
1
6
1820
1470
1426
17
33
68
61
3
1
2
1015
2
680
1151
1151
1151
866
1607
1586
1586
2729
2729
2416
2416
2202
2202
2202
2729
325
6
1067
1
1601
5
3
147
147
140
18
2
2715
1423
27
281
8
399
497
762
30
30
2311
2311
2311
2311
673
827
852
1340
18
3
5
493
506
286
493
85
437
1058
368
0
30
595
849
32
88
232
85
233
95
697
24
21
21
20
20
19
19
19
18
0
1127
140
30
2
1
1
0
113
5
0
0
203
1005
1005
1005
1005
3
1848
2
395
0
273
0
180
0
1214
17
1
935
1045
1661
1
1
13
2
2
1
567
3
32
2
570
375
2319
2319
2
85
18
1
262
697
697
1
1
697
697
697
15
41
2
16
90
22
90
89
1
956
480
21
1
8
0
1796
1796
1796
735
732
8
11
3
1422
1
3
1
62
499
507
518
336
42
42
1261
6
105
536
934
495
3
432
2
432
432
432
432
432
495
432
998
837
1285
459
13
99
66
1452
141
1452
29
3
161
1
3
3
3
421
36
36
3034
87
152
791
152
641
0
791
152
641
152
791
152
152
791
791
152
152
1704
0
10
2024
2024
2024
2024
2024
17
9
3
2
2
396
887
604
12
12
1
0
0
0
0
715
2
372
1951
1952
1
63
753
742
17
27
43
4
3
3
1
2247
0
144
160
308
12
627
2
88
13
13
37
594
1234
1224
1444
1444
1
80
100
196
277
100
8
0
167
18
98
1
1
1952
12
2
99
63
0
443
457
187
9
1951
651
187
42
1952
1951
63
525
769
2
2
2
0
0
0
393
707
393
769
393
166
769
346
6
129
6
375
16
1216
436
4
11
7
1559
1870
1870
1870
1870
0
42
862
862
0
0
0
0
0
0
0
1837
122
22
15
4
4
13
4
1820
1470
1426
47
938
80
1076
381
93
20
114
4
7
7
1054
525
2
2
154
154
154
859
859
859
859
154
3
859
859
859
154
154
154
1844
1222
35
35
24
35
1820
1426
1470
60
2
4
100
18
18
18
13
5
2
4
262
21
0
1786
1786
1786
1786
1786
80
80
80
1
20
310
310
59
53
137
33
394
2
647
640
11
1005
329
329
329
329
329
0
367
1454
1454
375
2
40
185
232
1
2621
5
1
15
277
12
0
85
88
232
233
129
2
64
389
118
836
497
591
459
118
753
774
753
5
3
2065
2065
2065
2065
441
434
378
63
587
1653
1653
1653
1653
29
5
12
1133
1
37
823
17
917
50
45
45
44
290
1
32
886
2
2
0
32
657
1
30
243
414
414
262
19
42
2
35
35
4
958
18
2
8
71
513
4
39
40
7
20
13
657
85
657
312
308
308
234
234
88
203
1921
512
19
1
2024
657
8
26
1049
1720
1720
1720
1720
1720
1720
1720
1720
1720
84
128
1757
1751
965
965
3
1005
1005
1005
476
1
3
51
51
1635
1
0
771
1088
448
190
524
668
86
544
847
280
304
280
1544
1544
1064
225
28
183
1
10
10
31
0
2319
1753
1753
1753
2319
2319
1437
1437
3
0
0
1820
1426
1470
480
107
273
149
742
23
23
742
1785
5
4
3
3
45
27
0
3
17
34
45
0
16
37
56
61
35
45
965
613
1848
1848
742
115
115
6
1
914
914
1
2
2407
2407
27
547
6
97
2
1121
737
944
152
6
1111
1465
842
842
1477
21
112
59
938
1044
110
93
93
0
1
1
1
1
1
37
150
387
1
767
302
1526
510
54
1526
1273
510
3
31
1
2
2146
468
3
7
6
2
161
752
746
5
207
224
540
7
122
555
30
0
21
21
21
21
3
23
301
407
95
48
607
48
48
54
98
1050
1050
1050
2118
539
8
17
8
1
28
1
0
697
697
3
23
85
78
8
1
1028
2158
295
7
788
119
1078
1956
1956
1956
1956
3
2
7
0
0
8
157
242
63
3
0
32
32
1040
1040
1548
1548
2066
576
1782
2591
690
690
690
690
690
690
1001
1001
1001
1029
1
6
2332
17
300
300
7
697
15
53
53
697
235
54
1190
916
708
1665
1092
757
745
41
913
231
77
80
230
417
2
7
1
279
279
394
8
286
22
22
0
1
129
1345
45
9
567
45
15
12
15
178
1437
213
2
2
1033
93
93
93
218
0
2
2
147
147
147
147
2467
104
103
102
1261
1
1458
607
1004
1951
69
939
5
614
614
1
1943
48
48
2631
2852
48
2852
2631
44
2
44
44
1404
840
840
840
154
154
5
1361
83
270
79
2754
2754
81
1
5
43
1820
1426
1470
14
437
4
1957
1610
262
262
697
697
1601
2
85
84
85
17
17
17
17
16
1
17
17
17
17
1820
1426
1470
2
157
17
93
13
342
1050
1
8
22
8
11
22
769
12
38
46
980
980
983
2
8
101
2299
692
396
1713
2319
2319
2319
191
117
5
3
1
1
1
1
0
697
399
776
1250
2
2
1396
1396
2589
212
389
884
697
1727
1727
523
8
123
232
232
232
232
232
0
2
19
6
7
43
43
968
968
0
15
402
13
94
736
736
736
736
736
736
736
736
736
736
736
2319
641
117
26
1156
18
18
358
408
277
196
54
54
58
451
451
1054
2
2
88
13
1123
7
0
1517
35
2082
84
2298
2
2
2293
0
360
436
4
1
516
182
5
2
1
4
2
3
2
3
3
111
3
1233
127
1846
1846
1846
5
5
3
55
55
55
55
53
53
54
81
0
243
99
14
72
14
1
1299
282
17
17
282
17
1309
17
630
630
630
1696
630
1696
17
23
0
15
107
1764
1764
56
1820
1426
1470
5
66
1
1
1456
93
93
33
2
2
28
22
14
2
2
131
190
566
1414
1408
0
118
118
118
1353
118
118
118
118
108
274
1855
2
0
5
1661
4
1
1
1
1686
1
35
269
293
1844
277
102
18
18
112
683
683
683
683
767
1426
1820
1470
851
3
17
1540
1540
1540
1540
1781
1781
1781
8
1951
735
197
1661
1
422
290
1407
1473
1439
1439
1439
1439
87
2461
761
1
2
2
1592
15
68
15
1
797
12
2
2
871
851
851
12
26
19
1973
1959
851
277
16
171
170
170
8
345
648
240
657
657
8
916
1692
17
1692
310
45
17
17
17
17
17
17
1
1
37
335
589
19
482
335
8
746
5
228
354
1141
702
1081
846
1060
5
0
1
39
39
39
39
1252
1252
1188
1188
1188
1187
1253
161
722
722
22
1844
1844
835
823
1027
1027
17
47
42
42
47
42
743
2055
526
2
2
436
35
35
439
29
1464
1096
9
9
10
3
10
4
1
1
41
40
41
40
196
7
7
7
7
7
7
7
7
7
7
7
7
7
7
7
7
7
7
7
7
1005
1005
1004
1005
1005
1005
633
986
1005
986
986
986
1004
1004
1004
1004
1004
1004
1004
1004
1004
1004
1004
1004
16
1571
6
14
9
9
8
1
344
14
1231
3
1
1119
2
536
497
1367
1371
387
1437
1158
952
157
240
8
211
211
1844
1844
2624
1844
1844
1844
1844
164
172
15
2
2288
0
1
1013
2045
1607
634
1486
1470
1426
1820
6
2
12
5
70
70
1
1
1
1
2
25
2
751
611
611
3
532
518
504
490
476
462
148
579
3
2
658
27
124
124
5
13
6
20
27
19
12
26
5
19
13
47
33
26
40
7
8
8
2
0
363
362
2281
347
0
0
16
22
26
0
161
336
2
895
62
29
62
62
54
2
2496
2496
460
95
88
283
142
82
142
899
129
129
129
129
129
129
129
129
129
898
22
85
8
35
349
11
22
8
42
331
331
148
99
11
128
293
127
131
1
1
1270
1
13
13
12
99
36
249
208
41
86
707
11
42
66
546
2530
286
2373
2373
1
783
182
157
1060
458
157
948
33
26
605
156
157
8
1
0
810
971
915
3
590
586
78
41
3
9
95
2
1
1
1
0
0
49
48
1
1
5
1704
2353
1110
2227
2227
2227
2227
1360
35
371
366
370
237
237
1064
95
1156
8
9
63
0
0
755
167
2
692
691
559
95
144
144
144
144
144
144
14
793
1528
1
150
35
1432
1295
2
6
59
9
59
9
78
2
45
2804
16
2
4
697
18
1685
74
74
73
73
50
50
50
50
17
286
78
22
8
85
0
0
1045
1045
1574
769
225
28
835
284
293
257
284
284
488
284
835
46
46
89
89
89
88
88
114
114
114
114
114
30
363
350
1
4
17
98
28
8
99
1
8
2
109
102
101
109
109
101
109
109
101
109
101
108
104
100
104
104
101
109
3
3
98
420
375
17
11
1412
1160
1145
1
95
1
1
386
2
559
36
36
313
107
17
1
176
1037
0
2
13
150
30
30
1
29
29
28
27
79
284
79
691
662
79
79
851
1182
693
469
1908
391
1064
384
213
213
331
331
331
331
556
535
2070
8
233
85
232
88
64
608
608
767
608
791
608
791
608
1308
1308
327
320
2483
161
256
256
182
0
674
2488
2351
2351
179
90
89
89
88
88
88
3
24
24
37
36
36
35
34
33
32
37
32
32
32
31
871
391
8
22
286
85
0
2
1
9
28
28
28
28
28
18
7
7
7
7
1926
1926
1926
1926
1
12
1973
17
1973
17
17
1973
12
1176
1
37
9
3
19
17
7
305
2293
176
1951
1500
1500
1500
1500
2354
1
8
7
1
4
2
1
59
326
326
326
326
326
326
326
326
14
5
2
769
1143
755
26
54
2
2
2
375
182
1033
697
1
1
0
0
1080
288
1080
519
697
109
101
93
87
81
1512
1512
1512
1512
1512
1512
1512
1512
1512
1512
1512
1512
1512
1512
1512
1512
747
382
29
82
81
4
1
1
102
95
27
1607
1736
1736
1736
1736
1736
1736
1736
1736
1736
1736
1736
90
673
778
527
273
2
2
0
821
821
821
945
697
2401
1242
1205
1171
1664
1205
1338
2
53
697
1
1
444
1
1098
1098
122
122
121
121
1127
1123
1
22
18
18
2496
578
1
1
2
1541
31
27
1
2
2
3
2
16
0
697
100
742
3
108
108
107
108
107
724
490
17
46
218
208
1642
3
1
10
1
22
1
22
1
1
9
9
1
9
1
9
0
9
0
0
9
0
22
1
142
135
72
3
90
87
90
87
4
1
17
17
16
16
15
33
1820
1426
1470
1123
1
323
23
2
2
2
2
2
1736
1736
2
410
63
4
4
7
403
392
392
12
180
2
2
0
345
345
345
345
345
1432
1432
537
760
1
1
6
6
208
1
358
1589
3
2
1943
1943
28
485
2953
1256
565
149
485
840
847
440
2053
847
821
22
178
34
87
18
33
0
0
598
1820
1426
1470
1820
1426
1470
513
510
697
351
345
344
337
337
75
68
61
54
47
1887
933
993
309
3
3
1
3
1
1338
431
11
2158
149
87
37
933
786
368
360
360
360
347
379
346
355
347
346
377
379
360
360
1
1
1
2118
2118
37
1
3
198
5
576
1469
12
1406
13
161
232
85
233
88
57
50
43
36
29
22
15
192
17
0
2010
2010
547
547
5
5
5
5
5
5
5
5
5
0
16
235
234
0
3
1291
690
1
1
16
15
21
93
136
58
71
58
51
2104
286
3
1200
98
945
55
1895
47
143
93
24
24
143
24
143
8
24
8
24
1
0
112
45
38
1233
101
85
22
56
56
55
56
1
35
1
37
8
353
629
151
1113
231
1176
448
527
1813
1687
581
647
434
463
99
0
428
384
1
0
171
556
31
14
2
1
382
18
2
38
209
11
3
1
613
612
612
612
611
434
330
2
2
697
168
168
1
814
464
475
43
597
25
3
1457
345
85
232
88
233
720
720
671
671
720
720
720
1
0
168
273
28
0
1393
697
3
3
31
57
106
106
1976
3
3
2
8
8
8
8
8
8
0
0
0
7
7
7
12
492
542
542
1726
43
99
17
11
286
3
0
6
6
0
986
1
974
71
1
1068
1
0
0
0
0
654
733
0
1
1388
10
1598
1598
2344
1598
2344
2306
2306
2306
2306
2306
600
45
305
305
294
306
296
3
915
12
3
610
18
724
86
86
86
47
47
47
41
2
167
1234
1233
1233
1232
1232
1
22
22
5
742
19
128
12
788
788
2
2
1
30
30
29
29
28
63
132
1142
1142
7
262
1
653
974
891
957
957
13
174
2
406
124
1
184
697
664
331
331
331
331
331
690
0
3
3
4
3
3
2
2
1
1
550
104
556
116
0
7
4
2
2
528
532
528
527
527
527
526
145
371
376
376
5
1261
1261
55
697
1110
317
19
98
382
1
88
85
232
233
310
310
336
336
17
258
17
1673
1673
1520
7
275
275
275
1360
275
275
55
53
52
754
763
754
519
519
1
1991
697
1004
15
1293
648
366
1017
387
387
387
387
387
387
144
29
386
697
88
564
91
216
3
19
46
72
72
7
17
432
30
17
2324
2324
281
830
2366
1
1
1
267
14
29
1191
11
26
99
3
517
514
514
513
895
1849
8
8
1050
28
296
6
6
161
161
478
478
6
769
543
2258
2258
2258
2258
2258
2258
697
302
0
0
0
5
1
17
2
2
2
2
1
1
1
717
23
5
697
532
532
529
1
88
35
286
306
1520
1217
1217
1217
1183
1183
1183
1213
1183
1213
1183
1213
34
1151
1151
1151
1081
5
5
4
45
45
2
0
1
2287
2
103
1420
100
188
1
2
2
2
1
0
8
1487
17
958
958
958
958
958
958
958
958
958
958
958
958
958
767
60
274
54
54
1
57
1489
263
279
524
61
983
949
949
949
1447
3
1661
140
1484
1484
1484
1024
8
2307
1064
3
678
336
72
86
21
1066
273
447
2
1
2
1
1
2
1
1
1
2
1
171
386
98
14
3
13
80
5
6
577
134
18
18
18
18
18
18
1054
11
1670
1991
5
3
28
15
83
97
88
83
121
121
2
1
1360
2323
1360
1360
1360
1360
1360
1360
1360
1360
1360
1360
1360
1360
1360
1360
1360
1360
1360
1360
1360
1360
1360
1360
1360
1360
1360
1360
1360
1360
1360
1360
1360
1360
1360
1070
1070
1054
1360
1270
1270
1
1
3
243
7
266
329
1
13
447
446
93
93
18
18
17
16
35
17
43
36
8
36
98
29
22
22
22
1033
1614
1033
1438
1025
707
1037
19
7
504
372
2
18
8
221
0
568
174
44
286
11
424
45
263
1488
1488
513
513
513
511
511
511
513
513
513
514
514
1531
428
261
1
29
37
29
697
1
145
543
830
2332
2332
1163
945
1282
1848
1848
1848
1848
1444
1444
1444
1444
1444
61
2311
304
4
150
1848
1848
1848
1848
1848
1848
1848
1848
1848
479
691
2
0
4
697
45
34
1025
1070
2181
0
327
693
989
693
4
11
3
3
3
3
3
3
262
78
85
11
6
6
6
0
4
0
4
1870
98
0
0
0
0
98
98
93
117
84
8
35
366
44
1
12
567
8
764
1054
1054
1848
1848
1848
1848
1848
128
123
121
1337
1144
364
486
1012
1012
2
1
121
3
3
618
618
0
582
582
50
50
50
337
1060
1060
1060
1060
1060
1060
4
4
1317
4
4
88
2
2
371
5
662
1162
1
105
1004
965
965
286
8
942
942
5
112
1
614
788
8
174
647
8
384
3
27
686
127
171
2
139
2
1497
1494
1493
1492
1497
1494
1845
1845
1845
1845
1845
1845
1845
1845
1845
1845
1845
1845
1845
1845
1845
1845
1845
1845
1845
1845
1845
1845
1845
1845
1845
1865
1529
1528
22
74
1
25
77
76
76
77
40
40
1059
1059
294
2
2
330
14
0
0
0
409
409
279
38
975
2370
1009
2018
205
0
0
0
0
0
0
17
2
65
27
11
1909
311
948
98
1820
1470
1426
5
0
0
0
264
264
264
264
264
264
264
2
697
1009
1009
1009
1009
1009
1009
1009
0
34
697
947
134
542
270
542
542
270
542
542
542
270
270
1
154
161
1
917
1584
1584
1344
518
9
2
5
5
0
0
7
1
7
7
344
13
7
6
447
66
1
11
2
1
51
19
18
2
557
112
591
112
316
331
81
86
39
1617
43
35
161
697
46
1
7
19
12
5
2
4
9
1
4
14
1
529
319
1144
1144
1144
865
167
167
11
128
128
60
60
93
17
60
60
246
1757
716
698
1197
66
28
1197
337
353
386
383
8
8
8
8
8
8
8
8
624
5
1649
1642
335
1848
1848
1848
1848
1791
387
2
93
93
7
0
1943
11
11
11
59
393
1033
1
15
243
15
1474
1720
1720
1720
1720
3
2
1866
1866
1866
865
1
66
0
6
6
5
5
5
5
28
68
68
67
246
779
246
208
102
5
720
358
357
356
353
1380
506
1204
613
613
613
564
613
613
1380
722
613
602
2928
504
1785
2
769
1064
19
349
349
435
599
592
430
26
42
1
9
531
366
1694
228
228
199
145
2306
2306
2306
1005
1005
1005
1005
1
1
323
323
322
2290
529
529
529
529
1
1
5
5
1836
1836
1
1
3
490
484
79
79
79
79
181
1
1
15
17
28
28
87
590
87
262
22
1
239
0
292
0
0
813
8
78
64
57
57
50
0
217
49
48
48
47
7
672
0
348
348
19
35
4
262
1609
924
8
8
1625
1
697
5
4
5
697
582
522
1457
3
16
48
84
84
524
240
697
98
170
0
534
1149
1149
1149
5
148
142
135
135
128
121
60
1347
1609
5
2
2
346
346
346
346
1588
50
51
7
1
1
0
42
83
79
79
79
79
137
0
0
0
0
0
1
63
8
1
2
71
327
433
44
24
433
337
249
337
122
1241
359
1241
337
23
21
17
11
18
0
29
1138
1
408
1842
166
171
385
385
385
285
385
457
70
99
31
1005
697
421
1660
126
1811
321
2087
3
274
6
1
23
1785
44
2
174
3
3
869
869
868
865
864
863
862
861
905
2
2
214
186
12
2
1820
1426
1470
1457
886
1
233
536
529
522
2149
522
515
508
500
1
2
9
592
697
2
0
43
1881
1881
22
286
9
1351
15
15
15
1850
15
1
15
15
15
15
15
15
1850
15
1850
1850
1850
15
15
6
0
1230
1230
1230
1230
1230
1230
1230
1230
1230
1230
1230
2
0
8
63
1
7
105
1041
109
109
0
0
26
612
691
691
691
691
690
691
844
848
572
126
536
536
542
1616
227
227
366
1063
157
126
536
536
1625
658
700
387
360
126
536
536
536
536
1625
1176
918
918
918
1540
1540
15
126
536
536
536
536
536
126
536
536
1625
1623
918
918
227
227
227
227
227
227
227
227
366
1116
1063
366
227
227
1617
126
536
1617
536
536
536
536
536
227
1617
3
5
742
742
1
1
262
27
27
2096
2015
447
327
0
0
106
1015
343
8
66
1064
1064
1064
375
90
1
329
349
371
385
2
2
22
1626
154
1625
154
16
15
386
669
0
2524
3
0
1609
311
311
311
311
314
311
314
311
8
102
102
37
192
2238
386
615
1425
1
1
1
3
883
881
879
114
120
2339
1
1112
564
1
41
8
769
1121
1121
1286
1121
2398
2398
1286
6
1121
487
1
3
3
11
21
1611
1988
200
309
0
2
273
5
352
13
12
7
6
7
6
6
8
7
7
1
19
18
18
148
331
331
13
11
22
286
132
375
1191
1191
1191
1191
1191
1191
1191
1191
1968
330
330
2
1564
19
19
1208
815
795
496
496
1
2
317
7
454
23
697
11
0
747
14
8
8
8
7
2
0
70
0
0
0
226
78
1
8
78
0
3
483
330
328
2603
2603
1508
1190
387
130
256
381
256
3
0
5
5
4
4
3
3
2184
1914
308
308
308
308
308
308
308
308
308
1
1
2
2
4
2
2
5
5
5
0
4
5
0
0
7
1
587
587
587
587
16
16
15
1
16
925
875
23
64
2
968
931
895
874
84
930
69
8
25
2
0
4
3
4
3
5
3
4
697
0
0
0
0
1
63
448
387
883
718
883
387
716
448
18
2631
544
5
5
2631
544
18
113
1
1
94
1404
2
35
800
43
697
634
37
17
17
17
17
52
52
2243
94
136
1
214
0
37
35
258
135
4
4
2386
57
81
81
407
1719
1118
2251
2251
2251
2251
480
1
23
1520
3
2
2
1
0
1070
65
65
50
22
8
78
11
211
71
71
3
2
2
2
2
2
1
8
697
3
351
11
11
11
2338
2338
70
128
4
398
51
398
417
54
1
0
1952
1952
1952
1952
1952
1952
1952
1952
1952
1952
7
7
325
2115
1512
2
2
30
191
1
944
690
2
1960
1870
1
359
11
22
769
28
1
4
3
3
356
356
243
375
62
3
697
29
697
412
156
156
156
156
157
156
156
490
63
21
0
3
0
1850
1850
1850
1850
1850
503
4
3
3
2
627
619
9
337
442
335
775
775
344
270
2631
270
237
758
60
60
1
23
93
60
93
7
1138
1
5
0
1
1
491
447
447
447
46
5
364
1951
1951
1951
697
982
982
0
157
157
157
157
1447
630
1
8
816
7
215
597
0
2362
2362
2362
2362
1292
1292
1292
1292
1292
1292
1292
1292
1292
15
15
15
15
15
27
1940
112
128
1782
63
697
402
2
2
63
262
478
99
1713
0
1713
675
35
35
1
3
19
1025
6
769
3
1930
1
258
39
2
2
99
22
1
22
1848
1848
2
3
116
1
26
564
562
21
697
1
2
224
1107
1107
1107
7
1302
31
2253
2253
654
4
812
231
43
43
231
43
43
81
0
129
182
1615
232
2
2
2
2
14
13
12
8
3
19
742
7
1
1
1
2
456
3
1950
3
658
658
658
658
1200
689
725
1200
3
692
6
3
3
3
6
1
1
1845
14
1
19
769
807
864
864
807
790
1289
933
1
99
148
330
274
1386
1316
4
85
679
270
755
11
10
1593
4
4
2
2
2
1074
854
20
114
107
107
100
100
93
86
86
80
72
1
18
400
0
0
0
5
882
4
458
457
457
615
26
2
4
5
4
4
232
85
233
88
28
1976
47
13
2
0
440
448
614
1102
1102
1749
2
98
1625
0
146
5
174
373
17
305
447
447
447
447
560
86
157
71
45
149
149
430
246
3
4
1
566
119
119
55
76
84
84
51
52
68
98
98
119
93
22
8
85
63
1155
1162
2
359
2
1
5
646
646
1076
1075
1075
2
2
2
4
2
2
2
1
1
1
0
3
0
0
634
70
375
0
2037
282
2
5
70
359
1
2
28
14
21
79
12
12
95
1635
78
1
2
2
7
7
7
19
18
18
17
16
95
858
711
1299
668
2016
1
1
2335
432
381
128
448
745
1
1270
1270
1270
1270
1270
1270
2
2
67
2308
1803
305
172
111
594
594
604
9
53
1964
0
1
3
0
159
145
145
137
131
123
117
110
255
248
262
824
1042
769
754
9
1601
0
526
1661
218
218
519
218
1653
1653
1653
872
349
573
32
183
1923
84
48
48
48
46
316
1952
1952
1952
7
44
44
44
416
186
186
160
1029
1029
79
2
704
581
1
1846
1846
1846
1846
1846
1846
1846
1846
1846
1846
1846
1846
1846
1846
1846
1846
1846
3
1844
1844
80
268
268
0
18
2
7
5
3
1
3
3
493
321
99
11
205
148
170
513
10
392
1
63
1
23
1
23
1
1
2
2
3
3
4
2
1
1
23
2
8
2242
2242
2242
144
1
310
310
310
310
310
8
5
8
8
8
8
8
4
1339
26
25
1
11
65
954
273
2095
2
2
0
27
8
2
1449
1820
1426
1470
12
5
9
3
7
1796
2
22
22
2946
2946
281
1504
1504
2483
1033
1033
1033
1033
697
2
246
1153
1
1
11
6
6
4
337
2318
378
3
1
1531
256
441
441
441
441
441
441
0
627
945
132
4
178
0
511
840
840
99
22
43
78
286
35
286
697
0
69
1
69
36
965
965
2
742
742
470
14
13
15
1
4
769
3
1
1033
2215
280
853
853
853
853
1
832
853
853
5
3
1127
1127
697
370
8
447
197
447
197
447
35
35
294
45
196
329
704
161
85
78
11
8
11
35
47
47
46
19
16
12
19
19
304
267
2
2
49
697
697
0
28
34
12
113
114
1
1
1
3
3
697
2
14
12
428
4
286
1848
1848
1848
1848
0
208
1130
0
12
0
0
1
2
2
3
413
413
413
226
435
1457
164
435
226
413
257
719
413
257
413
448
248
413
448
423
704
1244
3154
3080
2596
526
1344
566
526
512
30
5
46
46
1
18
1
1
1
1
1
1
3
865
3
1477
66
3
1405
3
126
479
143
4
2356
0
141
2319
88
85
233
232
182
176
185
176
182
1601
586
586
586
586
586
586
585
585
585
278
262
66
685
195
3
333
1
5
43
273
1
609
697
697
1
1
290
1
23
7
7
7
559
1
4
244
244
1665
959
965
965
965
965
965
0
0
1
237
2
242
496
232
2
0
2
2
1363
1
8
15
349
157
1845
65
1209
7
15
289
697
283
283
283
283
283
1
192
2239
60
60
69
60
769
563
563
563
771
11
49
1064
1820
1470
1426
1820
1426
1470
1077
0
36
3
356
5
637
6
7
1486
574
780
1486
1108
827
827
68
68
68
8
0
4
911
1193
1191
1193
1191
1191
1136
1191
1191
1735
23
629
232
232
629
599
9
2318
19
22
108
694
1050
1050
501
501
501
1050
1050
1050
1050
1050
1050
1050
1050
1050
1050
1050
1050
1050
1
4
50
462
274
1845
1845
906
259
259
2
2
2
115
2
1
1736
697
96
5
11
2
634
106
7
12
7
7
8
6
1857
2
2
1
1
657
59
1
1064
103
87
34
34
0
2214
2307
2307
2307
546
546
1390
2
4
0
1
0
0
1952
1952
1952
1952
1952
1952
1952
1952
8
8
8
697
697
1472
1512
1317
0
53
0
52
28
517
20
22
31
573
73
55
0
0
0
107
262
967
967
273
26
2412
387
376
387
387
387
387
751
30
1005
1005
1005
146
1
2221
1
2877
904
17
5
475
950
950
29
503
125
172
136
85
22
199
199
2302
967
967
2373
384
386
384
384
3
241
2281
53
1
461
0
41
985
1657
923
286
21
12
98
2
2
1857
43
8
35
22
11
22
6
20
119
149
120
22
0
1356
132
47
1326
856
816
750
816
856
641
837
641
856
235
235
246
47
42
42
42
42
42
42
42
42
42
42
42
42
42
42
42
42
42
907
0
0
1784
658
1
17
0
2
98
40
1851
35
900
273
2
2
1832
1831
262
2716
697
697
0
128
5
59
870
2149
415
1242
547
63
72
504
2
414
5
933
191
1
1383
356
433
402
6
3
3
1
15
15
446
262
98
161
5
1
1
15
1146
524
801
49
158
1799
1799
1465
66
66
66
2
2
2
2
2373
190
190
190
190
190
20
20
20
20
20
1820
2111
2111
2111
2111
2111
2111
102
102
102
381
625
286
196
39
3
3
3
74
74
673
154
1293
4
0
458
532
34
87
34
8
8
0
290
1
2402
1
1587
1296
3141
166
13
2
8
8
8
8
8
8
1
3
21
19
18
10
117
376
183
370
235
111
1443
184
1
0
40
89
697
1
0
0
14
2364
0
1259
273
691
1113
414
43
43
520
829
541
541
93
92
14
297
289
282
732
735
384
384
11
4
442
441
441
440
1
1317
15
6
212
93
1205
1205
1205
1205
1198
1198
1191
1198
1191
1172
964
968
968
968
968
968
2
2
2
12
2
1009
1009
1009
1848
1926
1926
1550
2
407
407
41
15
80
18
17
17
17
16
16
15
15
1
1
1
294
1
180
417
599
599
599
1
2095
697
0
0
609
71
259
501
522
522
345
1665
1
103
1
37
2222
114
142
107
107
100
72
241
2
2
2
2
47
386
454
20
697
2382
1
1513
707
336
77
76
1
1
1
1031
1791
11
1034
457
415
408
400
394
400
394
386
380
380
373
366
359
352
178
86
352
345
337
330
324
317
309
260
253
253
233
246
240
233
226
219
212
205
198
191
428
102
2319
2319
2319
1030
717
66
153
840
30
739
739
286
69
3
11
12
12
56
1064
333
2
1005
1222
802
17
1909
1805
885
9
9
23
23
1
1
1926
1926
1926
1926
504
496
490
482
24
27
1667
1
22
239
270
157
270
1
13
1
13
4
1205
18
7
18
55
28
14
30
23
106
0
8
956
63
305
325
2155
2155
2155
16
63
329
325
434
428
427
421
415
414
408
406
408
407
2287
2287
2287
2287
2287
2287
2287
2287
2287
1
18
37
37
307
95
37
666
645
666
666
502
666
5
791
1085
1085
1081
1081
1080
358
1
569
85
40
653
2
314
924
176
176
857
1009
2018
333
119
1820
1426
1470
3
487
62
457
456
5
697
262
1004
0
946
615
431
2
1164
2
2
156
156
156
292
2
2
2
2
2
2
2
1
3
1394
1200
1920
1393
718
528
1464
1464
2635
762
2635
2353
1341
203
203
282
203
203
0
203
203
337
203
4
4
4
1326
2
1
2
2
112
310
1074
1059
934
0
147
2191
2191
2191
2191
798
798
41
69
809
703
809
69
289
282
275
267
261
254
247
240
233
107
100
93
86
80
72
68
263
4
4
0
52
106
3
2288
1503
2
112
115
240
0
955
0
40
1845
1845
366
1
28
1890
1787
26
25
25
25
25
24
24
24
24
23
23
188
195
17
658
2
12
769
2142
2398
2128
2128
2
0
1
0
338
2
1952
1952
1952
66
81
2
113
377
378
2111
2111
2214
2214
2214
2214
2214
2214
2214
2214
2214
1068
1068
846
353
353
772
43
43
1222
1195
84
1068
1068
12
770
770
681
683
683
1
683
683
1
1
17
683
681
683
67
7
1
23
1523
16
1523
1523
1523
926
3041
457
6
6
6
59
5
0
934
161
1212
1211
7
1205
1204
1204
1204
1198
769
8
35
11
73
110
509
1835
1531
2368
3
3
17
43
78
70
70
8
1
4
8
1
1
85
1625
352
128
910
910
1361
1361
697
841
38
39
39
14
15
14
38
197
235
133
473
2
82
81
15
1
3
0
18
575
1952
5
5
4
345
380
1122
1122
749
212
212
1152
16
16
32
2631
32
9
46
46
6
4
6
142
142
3
7
506
273
1690
760
2
384
22
8
1767
1034
1767
1437
146
17
100
1610
1610
1610
1611
1603
1604
60
86
266
34
285
418
262
769
697
200
193
186
480
816
1202
651
1
738
1158
14
574
574
574
574
128
19
12
1005
408
900
900
900
900
5
0
7
17
7
1796
194
90
1212
61
4
262
212
7
653
2
2
320
241
7
2
2
2
100
42
518
645
1640
1376
1473
1
65
65
262
697
1739
54
2207
302
1659
1064
269
262
24
23
24
23
2
3
571
11
1400
1398
1398
1398
1400
1400
1398
1398
697
0
68
1661
33
18
87
1857
2
19
483
192
70
121
23
5
23
3
30
29
23
0
1493
2
2
1184
273
30
769
32
294
63
4
0
199
14
1331
1331
1042
838
1331
1331
705
1331
1756
1756
1756
1756
1756
3
1616
1616
1616
1616
1616
1616
769
8
22
8
697
988
987
987
987
987
987
238
1
538
330
98
98
45
212
57
1225
147
5
5
976
1
262
401
755
97
1805
86
1
0
0
583
321
1
1
1
243
1
769
769
769
4
4
17
1607
1219
1607
3
26
19
5
5
0
0
76
75
75
74
36
356
2299
2299
2242
2299
2242
2299
2299
2299
402
709
678
174
0
286
2
2
2527
220
212
191
185
177
206
199
199
171
1
490
0
42
15
368
368
1860
1859
1853
1852
1852
1845
1845
1845
1839
1803
1797
1796
2091
1470
1820
1426
19
37
41
37
41
41
1
869
9
9
9
9
9
9
0
0
129
3
805
147
613
24
242
769
41
41
40
39
38
39
38
37
36
37
486
6
2308
940
326
940
823
816
809
823
816
816
809
802
329
29
29
1
336
336
357
97
350
336
16
16
18
2319
1
398
111
1296
753
753
2
953
953
3
3
2
648
49
1470
1
1608
1608
168
168
168
168
5
245
245
2
23
62
2025
1
697
1477
99
697
10
10
156
156
156
156
156
155
155
155
3
18
11
71
5
2
4
35
31
1
20
27
93
103
29
15
29
15
661
2
1
31
2
3
2
0
933
2
2
3
166
2301
2301
2301
2301
2301
2301
2301
2301
2301
2301
2301
2301
3
1
870
275
0
0
0
211
1
697
1
11
2347
384
1168
1168
1168
1167
1168
486
1478
937
714
878
556
3
19
2
556
13
41
2
1165
0
133
6
3
139
3
1
1
1048
23
35
356
329
326
27
3
2
2
1535
49
2
2
32
31
31
375
11
22
8
7
2
7
173
93
91
202
93
205
1848
1848
1848
1848
1848
2
1857
57
1
1
4
0
0
5
236
236
236
704
22
26
21
26
21
18
18
8
8
8
8
0
1441
126
1
569
7
4
1308
1
4
1941
923
59
1
86
156
2
2
1737
1
1
1
0
836
71
169
0
1156
1156
5
383
2
853
1101
853
1103
0
0
0
0
17
16
12
462
262
4
33
1
1
5
5
4
3
3
3
2
0
769
11
22
8
1
1015
1118
1719
2
509
509
509
792
520
519
506
6
10
10
953
1807
953
485
473
1
1857
180
465
473
926
51
51
93
92
92
2319
2319
1314
642
840
1299
642
840
642
840
1
136
122
465
1360
217
274
274
274
274
918
918
918
918
228
180
2
47
16
12
12
11
11
10
3
3
10
10
5
5
4
110
66
705
316
393
705
542
903
940
18
384
1335
39
277
29
29
439
439
439
2
63
2
225
225
224
223
222
222
5
1359
1359
1359
174
174
174
1620
1625
2
35
8
22
312
14
151
1798
1706
59
871
454
3
0
11
284
277
270
2
2
691
1009
1009
2295
8
0
7
0
0
0
0
2318
2318
2318
0
1
9
51
128
79
44
37
100
71
86
108
197
108
100
58
149
197
242
236
54
40
54
1
1
8
4
1
122
3
13
13
14
337
691
690
690
690
296
128
128
1073
389
203
4
224
2025
288
1019
1019
1019
1019
1019
1019
1046
13
13
13
13
12
12
12
11
11
10
10
7
11
7
2574
109
735
735
697
2
174
544
174
174
1601
211
697
273
1262
1262
721
1262
1262
1
8
1
1
1
1
1
1175
1175
1175
1175
1175
1175
882
876
450
3
1520
496
691
1418
2332
2332
2332
1
746
114
114
70
44
44
729
2021
727
769
1
43
466
157
277
277
277
1
31
331
331
331
1
286
11
43
22
266
1
13
47
42
47
2
1
1
19
4
1
641
1552
563
443
436
429
329
71
3
266
36
0
1846
1846
214
6
115
115
87
87
8
1352
1352
899
4
895
643
386
26
900
14
11
428
1485
532
532
55
55
42
42
532
55
1003
616
64
293
293
485
2
1
1
2
37
2
2
1378
45
1
30
1151
3
0
3
3
3
1109
42
1073
1073
12
11
11
413
2874
717
717
717
717
717
715
715
1286
24
21
17
14
10
7
3
83
60
1933
60
60
0
120
1028
1028
252
786
786
784
784
781
781
39
52
527
56
340
340
339
339
340
340
339
339
338
338
42
182
273
2
2
5
3
6
16
7
2
2
2
2
96
96
96
5
1
704
588
7
53
46
39
32
46
63
1530
669
6
169
13
9
33
6
78
286
2577
1820
1820
93
4
348
2
42
7
697
1804
7
7
1848
1848
1848
1848
1848
22
8
1
25
424
424
424
2
2
286
295
187
187
187
525
2258
2258
2258
2258
2258
2258
12
5
182
7
933
3
2295
2295
95
40
1870
1870
1870
1629
238
1870
42
780
0
704
5
13
19
6
12
64
89
23
11
11
10
5
2146
2146
1
1
1075
697
618
617
611
708
1354
1065
1063
1064
93
2
0
0
6
65
290
10
290
65
65
58
65
40
1
69
128
35
80
538
538
538
538
1953
1953
1108
19
12
118
102
1155
1155
1155
23
156
1
697
1
1
985
0
0
135
89
19
1
0
1
85
485
177
12
273
1005
445
7
7
2338
184
7
12
382
382
928
382
382
497
38
0
1845
1845
1845
1845
1845
1845
1845
1845
1845
1845
8
3
505
342
174
601
23
2650
2
1
1
2
2
697
262
157
947
813
812
813
812
23
454
152
71
26
2344
1490
0
1
2
2
189
1
935
2
2
99
99
560
1584
3
1397
1383
1477
16
21
16
28
23
65
35
30
37
35
23
30
443
12
12
12
12
12
20
20
19
925
18
18
17
17
17
697
715
715
1
5
1
1
192
1316
1316
1316
1316
1316
12
12
11
11
11
11
11
10
0
96
89
16
3
10
33
0
1
8
3
2
483
0
474
13
293
331
13
54
1395
694
615
697
2
217
791
322
922
643
227
519
1103
162
200
196
491
303
544
206
110
86
470
1601
773
0
2
498
2
67
57
56
56
394
400
394
392
386
1232
947
942
935
926
912
906
906
633
899
886
878
871
17
2
77
364
8
1
1845
1493
984
3386
576
571
557
564
562
562
557
556
562
557
556
527
1
2626
2667
2667
2626
2014
2014
2014
2014
2014
2014
2014
2014
42
510
1380
1604
0
1
100
614
130
8
43
22
1016
63
1436
107
128
822
822
822
822
822
822
822
822
822
822
1
822
822
822
822
822
47
0
235
1
648
11
44
44
108
2467
0
1140
878
117
117
3
1
525
1610
356
93
18
7
116
116
116
921
158
921
2
1
1
2
1
1
560
450
1477
0
128
0
9
