4184595	-0.0000
727336184	-0.0000
771138821	-0.0000
32521726	-0.0000
364666633	-0.0000
35461535	0.2212
793575796	0.3457
783302033	-0.0000
413730947	0.2181
147645927	-0.0000
328807315	-0.0000
816394610	-0.0000
824823179	-0.0000
24302707	0.1769
817846839	-0.0000
813301970	-0.0000
822297222	-0.0000
422377593	0.5519
758869213	-0.0000
437403213	-0.0000
363319704	0.2118
25003662	-0.0000
44688082	-0.0000
90043697	-0.0000
841063	-0.0000
74634215	-0.0000
329203453	-0.0000
823967680	-0.0000
751697200	0.2990
425655755	-0.0000
140401371	0.2181
805674231	-0.0000
155546123	-0.0000
91167368	-0.0000
333439749	0.2181
111826684	0.2181
762180634	0.4184
390220528	-0.0000
21581495	0.3457
133488776	-0.0000
780468870	0.4362
322714705	0.2181
330676489	-0.0000
818340106	-0.0000
746335178	-0.0000
824106497	0.2181
144981082	-0.0000
30317893	-0.0000
138821957	-0.0000
823132221	0.2181
334368899	-0.0000
800997742	-0.0000
478518222	-0.0000
7750638	-0.0000
14883050	-0.0000
490776459	-0.0000
90349710	-0.0000
11459117	0.2003
425989754	-0.0000
824121244	-0.0000
684178917	-0.0000
130654846	-0.0000
824738510	-0.0000
790271823	0.2181
96672082	0.2181
329940972	0.2181
300905560	0.2228
141016444	0.2003
141329460	0.2181
824135008	-0.0000
156926853	-0.0000
755487905	-0.0000
815919480	0.4877
764220157	0.2181
790663365	-0.0000
461984183	-0.0000
439468732	0.1769
93401915	0.1418
769821389	-0.0000
352242523	0.3093
22566719	-0.0000
788231479	0.2181
752992203	-0.0000
844071	-0.0000
469130337	0.2181
422895947	-0.0000
25972674	-0.0000
818288538	-0.0000
143318671	-0.0000
824554717	-0.0000
439126116	-0.0000
27016220	-0.0000
338858702	0.1769
796700076	-0.0000
99363228	-0.0000
342685124	0.2948
454954319	-0.0000
759187358	0.2181
741467937	-0.0000
96630926	-0.0000
813449764	-0.0000
18439895	-0.0000
133603653	-0.0000
711627200	0.3457
819249429	-0.0000
300180084	0.2003
134706708	-0.0000
149550710	-0.0000
448601975	-0.0000
824884307	-0.0000
493643340	0.1186
824622607	0.2181
87607463	0.1769
71959155	-0.0000
394882810	-0.0000
807934446	0.2181
58045094	-0.0000
130370848	-0.0000
454288981	-0.0000
109856650	-0.0000
816387503	-0.0000
80624368	-0.0000
718031841	-0.0000
799302106	-0.0000
18830258	-0.0000
766705173	-0.0000
766778491	-0.0000
778016443	0.2181
119024	-0.0000
21267926	0.2181
82432679	0.0555
487243646	-0.0000
487243641	-0.0000
491552061	-0.0000
141806363	-0.0000
415703863	-0.0000
765622376	0.2063
795037490	0.2003
331622148	-0.0000
451108742	0.2181
157280995	0.2181
741021076	-0.0000
463228865	-0.0000
326405546	0.2181
358646846	0.1098
434923198	-0.0000
36365715	-0.0000
7126985	0.1575
816339885	-0.0000
2904167	-0.0000
16592930	0.2003
349108150	-0.0000
403828953	0.0448
815528591	-0.0000
363050616	0.1290
405506535	-0.0000
149582159	0.2181
405686929	-0.0000
816496743	-0.0000
792980045	0.2181
79505048	0.2730
749179840	0.2003
816696408	-0.0000
2259766	-0.0000
67496686	-0.0000
356746292	-0.0000
93974157	-0.0000
34933661	-0.0000
753266707	-0.0000
765612913	0.2181
106496127	-0.0000
145047224	-0.0000
403074589	-0.0000
447996016	0.2003
38550330	0.1769
94715654	-0.0000
88179596	0.2181
418545705	0.2181
814677708	-0.0000
130440199	-0.0000
358190249	0.3400
88020324	0.2181
50495665	-0.0000
156868974	-0.0000
43322055	-0.0000
823654344	-0.0000
393073105	0.3319
798245710	0.2990
122422123	-0.0000
358675033	-0.0000
786760265	-0.0000
127412741	-0.0000
814616517	-0.0000
21862076	-0.0000
777172827	-0.0000
141432506	0.2003
524107668	0.1575
330662364	-0.0000
477114832	0.3272
104750349	-0.0000
118715099	0.3272
141196661	-0.0000
807584715	-0.0000
806789752	-0.0000
109937062	-0.0000
462578348	0.3457
88790998	-0.0000
87406978	-0.0000
824732816	-0.0000
416014845	0.2181
824184012	0.2181
10385979	-0.0000
721837138	0.2181
151741042	-0.0000
321274464	-0.0000
778175186	0.1769
430154473	-0.0000
42306153	-0.0000
457962569	-0.0000
80573340	-0.0000
327826514	-0.0000
411461292	0.2003
807215870	-0.0000
824615571	-0.0000
46467524	-0.0000
60602622	-0.0000
765849631	0.1769
822634737	-0.0000
113205285	-0.0000
23809041	-0.0000
149026063	-0.0000
7220127	-0.0000
344142562	-0.0000
824370943	0.2181
378995566	-0.0000
441800682	-0.0000
21409921	-0.0000
411482054	0.2003
824737859	0.2181
349323720	0.3319
793085047	-0.0000
432313813	-0.0000
152987931	0.1883
733063362	0.2003
75576539	0.4192
18062914	-0.0000
83980375	-0.0000
65190490	0.2181
331113454	-0.0000
62751184	-0.0000
447867165	-0.0000
320570071	-0.0000
822474997	-0.0000
64934428	-0.0000
25875184	-0.0000
3237250	-0.0000
36732878	0.2181
390575445	-0.0000
824831822	0.2181
786322325	-0.0000
75061228	-0.0000
323267770	0.4362
455020157	-0.0000
101030662	-0.0000
154798150	-0.0000
130774159	-0.0000
87986231	-0.0000
22425952	-0.0000
273628	-0.0000
335161951	-0.0000
823661091	-0.0000
8024483	0.3457
729171666	0.2003
822182851	-0.0000
100766256	0.1023
56884480	0.1582
65427967	-0.0000
798538386	0.1769
421468873	-0.0000
24357726	-0.0000
325684309	-0.0000
78354017	0.5323
474384312	-0.0000
110051715	-0.0000
33746152	-0.0000
331397067	-0.0000
357557771	-0.0000
798498745	0.1575
85356042	-0.0000
778650493	-0.0000
726407634	-0.0000
763636011	0.2118
120994969	-0.0000
823134553	0.2181
120682026	-0.0000
18083629	-0.0000
10863725	-0.0000
452678718	0.2074
472398325	-0.0000
785312352	0.1575
716430212	-0.0000
78668032	-0.0000
779008493	0.3272
46571798	-0.0000
342087463	-0.0000
818620912	0.2181
32724864	0.2262
13890066	-0.0000
77650683	0.1769
815014670	-0.0000
712242819	0.0903
358653510	0.1098
9529648	-0.0000
788334311	-0.0000
377408677	0.2181
751697616	0.2181
462849740	-0.0000
800167239	0.2181
86235091	0.2181
771138530	-0.0000
772940269	-0.0000
740195927	-0.0000
824678522	0.3272
27845493	-0.0000
412448640	-0.0000
758293747	-0.0000
454985702	-0.0000
13148910	-0.0000
812287448	0.3272
363752258	-0.0000
454985708	-0.0000
126288548	0.1186
740376327	-0.0000
38533060	-0.0000
674670858	-0.0000
74400854	0.2181
484431314	-0.0000
125775390	0.2003
62821500	0.2181
824166512	-0.0000
29718577	-0.0000
824043761	0.2181
736353548	-0.0000
11699829	-0.0000
32959028	0.2181
392684147	-0.0000
727196822	-0.0000
487244746	-0.0000
824640373	0.2181
818514887	0.2181
443239894	0.2181
783742998	-0.0000
57543416	-0.0000
824593319	0.2181
431493872	0.5638
395475137	-0.0000
729543240	0.1575
432000941	-0.0000
454985956	-0.0000
817299791	-0.0000
425990463	-0.0000
71534986	-0.0000
155903847	0.1575
82653461	-0.0000
462670623	-0.0000
801253863	-0.0000
155311196	-0.0000
389689666	-0.0000
81225060	-0.0000
818226001	-0.0000
7873403	-0.0000
17689191	-0.0000
806330954	0.2181
107894583	0.2181
345940822	-0.0000
88906567	0.2003
65726517	-0.0000
401596658	-0.0000
736803642	-0.0000
712402980	0.1575
751097146	-0.0000
713382873	-0.0000
126877551	-0.0000
487244686	-0.0000
18010258	-0.0000
634907798	-0.0000
803025228	-0.0000
824898185	-0.0000
746521322	-0.0000
809841835	-0.0000
341274693	0.2181
15503789	0.2181
816380374	-0.0000
412303343	-0.0000
810352293	-0.0000
42953490	-0.0000
824640036	-0.0000
44800596	0.2181
758300436	0.2181
815040474	-0.0000
34259548	-0.0000
69883636	-0.0000
408647929	-0.0000
76667342	0.2181
822262678	-0.0000
95320770	0.2003
796519161	-0.0000
359654415	0.2181
824775871	-0.0000
93651309	-0.0000
720774462	-0.0000
824002476	-0.0000
824638845	-0.0000
53419935	0.2003
779979809	0.2181
151436143	-0.0000
363218581	-0.0000
33666314	0.2181
39981765	-0.0000
824613537	0.1575
342255952	-0.0000
799656966	-0.0000
89823596	-0.0000
359317678	0.2181
802014086	-0.0000
798846743	-0.0000
818540892	0.2003
351973643	-0.0000
455020116	-0.0000
96494264	0.1418
27365058	-0.0000
712195723	-0.0000
458773551	0.3272
102601034	-0.0000
633576029	-0.0000
6515236	0.2003
805981815	-0.0000
405349720	-0.0000
805961327	-0.0000
733957300	0.2003
37081055	-0.0000
754563136	-0.0000
329633091	0.1290
738619764	0.3272
823831913	-0.0000
75164386	0.1214
769184166	-0.0000
820537850	-0.0000
104070573	-0.0000
824896111	-0.0000
132163865	-0.0000
824764635	-0.0000
817857211	-0.0000
389962371	-0.0000
36434344	-0.0000
391027455	-0.0000
81224242	-0.0000
807954882	-0.0000
24970708	0.2181
455039057	-0.0000
43261116	0.1290
824783386	-0.0000
823871722	0.1769
14858059	0.2181
86578189	0.1418
811792405	-0.0000
824557957	0.2181
790573393	0.1689
771137970	-0.0000
103383498	-0.0000
82958567	0.2181
427373982	-0.0000
431767288	-0.0000
341463251	-0.0000
754062030	-0.0000
823569291	-0.0000
321974876	-0.0000
824982416	-0.0000
505477028	-0.0000
407011695	-0.0000
424119992	-0.0000
793844877	-0.0000
362905566	0.1418
823281741	-0.0000
29936254	0.2003
489089334	-0.0000
156576080	0.2181
720048526	-0.0000
69526009	0.3457
331943403	0.2181
411576438	-0.0000
810057194	-0.0000
780887372	-0.0000
392319708	0.3182
755062175	-0.0000
824896251	-0.0000
105814202	-0.0000
347184050	0.2181
129554250	0.2181
385739659	-0.0000
12120540	0.2181
824666550	-0.0000
812739418	-0.0000
788948861	-0.0000
814615080	-0.0000
328975041	-0.0000
746339965	-0.0000
801292611	0.2181
405391158	-0.0000
7126620	0.1290
456108699	0.2181
737431922	0.1575
128251000	-0.0000
95305755	0.2181
82432882	-0.0000
818481284	0.2181
330922584	-0.0000
130248582	0.2181
795529847	-0.0000
776059266	0.3457
764203171	0.2181
351223384	-0.0000
88651054	-0.0000
135372107	-0.0000
4614563	0.2787
808571035	-0.0000
147953961	0.3457
459137567	0.2181
5051048	-0.0000
455985244	-0.0000
10986918	-0.0000
823458865	-0.0000
153041901	0.3272
720960993	0.3457
429881593	0.2181
454954517	-0.0000
824902831	-0.0000
491171137	0.1769
818277661	-0.0000
94490502	-0.0000
380376041	-0.0000
819519006	-0.0000
58267426	0.2181
806213342	-0.0000
426523468	0.0736
821490101	-0.0000
788336274	-0.0000
457423158	-0.0000
145672505	0.1466
824790586	0.2003
90301516	-0.0000
150525159	-0.0000
143921079	0.5519
824680908	-0.0000
330952787	-0.0000
824329793	0.1492
765625072	-0.0000
54483202	-0.0000
431049477	-0.0000
145321470	0.2181
407559164	0.2181
334072876	0.2181
536829420	-0.0000
70438070	0.2990
94439532	-0.0000
538687770	-0.0000
125838986	-0.0000
420878800	-0.0000
425590422	0.3272
632544710	-0.0000
824847383	-0.0000
122666073	0.2181
752910852	0.2181
757898613	-0.0000
816197614	0.2118
824434023	-0.0000
57278962	-0.0000
77446161	-0.0000
377030504	0.2990
464015497	-0.0000
139372081	-0.0000
824559761	-0.0000
459731480	-0.0000
824646123	0.2181
6865700	-0.0000
824840380	0.2181
114316749	0.2181
633664231	-0.0000
94653024	-0.0000
821237159	0.4018
331958767	-0.0000
641063158	-0.0000
758335684	-0.0000
111969875	-0.0000
756326493	0.3319
24049464	-0.0000
131372041	-0.0000
29376845	-0.0000
742391639	-0.0000
823913985	0.2181
764516122	-0.0000
803029392	-0.0000
824724954	0.2181
1395051	-0.0000
803627405	-0.0000
340321060	0.2181
455985268	0.2181
126545546	-0.0000
771136956	-0.0000
345658389	0.2181
646285743	-0.0000
645670265	0.1769
464344919	0.3272
65370392	-0.0000
394452491	-0.0000
806118995	-0.0000
135694973	-0.0000
25380690	0.2181
814409022	0.2730
12106281	0.2003
780577589	0.2181
814154071	-0.0000
468938310	-0.0000
738828854	-0.0000
122573004	-0.0000
36280540	0.2181
409550299	-0.0000
772839655	-0.0000
390791427	-0.0000
785531283	0.2181
794816690	-0.0000
331054238	-0.0000
61025361	-0.0000
813260963	-0.0000
815429676	-0.0000
455858370	0.1575
711043793	-0.0000
768439963	0.2181
824578056	0.2181
778622885	-0.0000
717173610	-0.0000
69474856	-0.0000
424476611	0.2003
18444511	-0.0000
429197829	0.1769
49758829	-0.0000
816120623	0.4626
765718412	-0.0000
806836379	0.1769
765977161	-0.0000
765448809	-0.0000
16559316	0.2523
799742283	0.2266
103479709	-0.0000
415825802	0.2181
820695085	0.2181
137239482	0.2003
420895447	-0.0000
348942093	-0.0000
491552080	-0.0000
485392088	-0.0000
781170573	-0.0000
122408997	0.2003
437257608	-0.0000
364385519	-0.0000
813228944	-0.0000
70486690	-0.0000
436337424	0.0597
355691934	-0.0000
725069248	-0.0000
429428679	-0.0000
822326935	0.2181
488641844	-0.0000
744346498	0.2181
4329074	-0.0000
822757249	0.2181
378422423	0.1540
812228107	-0.0000
96687920	-0.0000
157326022	-0.0000
813222979	-0.0000
91028419	-0.0000
7127020	-0.0000
824463526	0.2181
381598117	0.2181
111065303	-0.0000
809544849	-0.0000
491552126	-0.0000
811691887	-0.0000
407526985	-0.0000
79555875	-0.0000
375605716	-0.0000
7126190	-0.0000
824892874	-0.0000
809313882	0.2181
763116118	0.2003
810249898	-0.0000
509591368	-0.0000
642904712	0.2181
71119277	0.1769
816672069	-0.0000
808993843	0.2826
776865241	-0.0000
721344283	0.2181
79320293	-0.0000
139519458	-0.0000
83921175	0.2181
340642469	-0.0000
822771125	0.2003
22452043	-0.0000
79210365	0.2181
139841598	-0.0000
455985285	0.3395
455985286	0.3272
775051903	0.3272
22043877	0.2003
683774508	0.2181
89073862	-0.0000
93686621	-0.0000
824789262	-0.0000
51040070	-0.0000
79917347	-0.0000
795309773	-0.0000
716222884	-0.0000
770253576	0.3319
115910191	0.1575
752960878	-0.0000
141888569	0.2181
763087083	-0.0000
824623130	-0.0000
85865319	0.2118
814423513	0.3007
71744728	-0.0000
300007449	0.2181
107695153	-0.0000
424461372	-0.0000
101618945	0.2181
817384794	-0.0000
768801319	-0.0000
155211317	-0.0000
790955722	0.2181
823669641	-0.0000
12748729	-0.0000
813696667	-0.0000
41777225	0.2181
353048659	0.2003
717229583	-0.0000
391203782	-0.0000
823910158	-0.0000
67835531	-0.0000
31952536	0.2181
136973603	-0.0000
728396684	0.2003
763447253	-0.0000
823309225	0.2807
67536021	-0.0000
766070857	0.2181
586516198	-0.0000
737312816	-0.0000
456959362	-0.0000
88392443	0.2181
824404153	-0.0000
130455365	-0.0000
795878249	0.1769
815030201	-0.0000
82936923	-0.0000
30769932	0.1575
75616672	0.4877
786340739	0.4911
101755901	0.2003
794816556	0.2181
779795355	0.2181
824884682	-0.0000
29001154	-0.0000
823942580	0.5554
13521916	-0.0000
817835216	-0.0000
799582398	-0.0000
737489999	0.2181
403571917	0.2181
806929416	-0.0000
815826933	0.3457
411218758	0.2003
733131187	-0.0000
64244108	-0.0000
456967720	0.2181
424565520	-0.0000
775804403	-0.0000
771677144	0.3017
356182984	0.2181
95964433	-0.0000
90519312	0.2181
12452288	-0.0000
321113169	0.2181
22116153	-0.0000
56515997	-0.0000
824373139	-0.0000
300814032	-0.0000
789410061	-0.0000
375460787	-0.0000
824475442	0.1186
19200394	-0.0000
56019753	-0.0000
123174256	-0.0000
750611967	0.2003
408551	0.3342
744860566	0.2181
718434055	-0.0000
818411978	-0.0000
814672941	-0.0000
417879978	0.3457
816627701	-0.0000
61029949	-0.0000
729121568	0.2181
761465512	0.2003
778260574	0.2181
147899640	0.2003
51238097	-0.0000
824622994	0.1769
751075797	0.3182
822580884	-0.0000
147003755	0.3457
128003504	-0.0000
437584870	-0.0000
731939625	0.2181
818058700	-0.0000
301335788	-0.0000
23242605	-0.0000
760756061	-0.0000
11538818	-0.0000
824878028	-0.0000
150971251	-0.0000
371630836	-0.0000
823367490	0.2181
380900122	-0.0000
824756192	-0.0000
81214131	-0.0000
19353347	-0.0000
440914065	-0.0000
6812825	-0.0000
128268981	-0.0000
490683928	-0.0000
56203186	-0.0000
2210597	-0.0000
336582263	-0.0000
766308401	-0.0000
75074604	0.4100
143839519	0.3457
754432133	0.2181
817011479	0.2181
446196014	-0.0000
818520235	-0.0000
394199702	-0.0000
154998472	-0.0000
480474177	-0.0000
492222125	0.2181
791968828	-0.0000
793297540	-0.0000
824083431	-0.0000
19384579	-0.0000
824659801	0.2003
408465719	-0.0000
775359125	-0.0000
823606590	-0.0000
788556721	-0.0000
724319678	0.2181
385803257	0.2181
783612204	-0.0000
378400756	-0.0000
489770595	-0.0000
74493034	0.2181
451145540	-0.0000
38437957	-0.0000
793005502	0.1098
334415066	-0.0000
16776650	-0.0000
360295627	-0.0000
16387933	-0.0000
824372577	0.2003
342443933	-0.0000
77984649	-0.0000
806572928	-0.0000
119839622	0.2003
3912347	-0.0000
823889734	0.0771
95705130	-0.0000
77919373	-0.0000
727785082	-0.0000
19918146	0.3378
761390976	0.3151
434009534	0.2181
794639760	0.2181
51684580	-0.0000
810712532	-0.0000
824657793	-0.0000
824879186	-0.0000
758610072	0.1575
430882395	0.2181
817470721	-0.0000
813920763	-0.0000
139081834	0.2003
438176355	-0.0000
749716106	-0.0000
685853371	-0.0000
300190703	-0.0000
809320476	0.2181
132997651	0.2181
724671900	-0.0000
300456993	-0.0000
762139478	0.2118
780074927	-0.0000
824927928	-0.0000
151676109	0.2181
719581281	-0.0000
139760903	-0.0000
357336112	-0.0000
94902067	-0.0000
430087670	0.2082
366453955	-0.0000
360926044	-0.0000
102211331	-0.0000
332319906	-0.0000
155091021	-0.0000
111725613	-0.0000
367338307	-0.0000
455985304	-0.0000
142211326	-0.0000
359736869	-0.0000
321725685	-0.0000
31863006	0.2181
80570789	-0.0000
335678036	-0.0000
96796859	-0.0000
320595507	0.1769
9003415	-0.0000
370523789	0.2003
100504967	-0.0000
70980089	0.2990
15423366	-0.0000
769763660	-0.0000
37972186	-0.0000
146534389	-0.0000
84776575	-0.0000
432011297	-0.0000
77811717	-0.0000
91297156	-0.0000
824612995	0.2181
453713917	-0.0000
809237239	0.2181
710108187	0.1186
26140985	-0.0000
778962272	-0.0000
129960264	0.2003
824564387	-0.0000
324276907	-0.0000
30875040	-0.0000
126606582	0.3338
36866799	-0.0000
80251872	-0.0000
815214296	-0.0000
85593414	-0.0000
372146235	0.2181
824610356	0.2181
329512846	-0.0000
21729455	-0.0000
727730491	-0.0000
457876662	0.2181
818202883	-0.0000
130929232	0.2181
372350982	-0.0000
782909959	-0.0000
793656944	-0.0000
131134408	-0.0000
440177684	-0.0000
824718250	0.2181
346062282	-0.0000
361392055	-0.0000
819085514	-0.0000
41827883	-0.0000
817054947	-0.0000
126653274	-0.0000
86279582	-0.0000
9027378	-0.0000
91412566	-0.0000
492313178	-0.0000
15715003	0.2181
81222492	-0.0000
1444847	0.1418
448519073	-0.0000
781501591	0.2003
819777544	0.2181
746339285	-0.0000
824531915	-0.0000
819607202	-0.0000
123037229	-0.0000
792183583	0.1769
412341792	-0.0000
6973540	0.2003
794699027	-0.0000
487243797	-0.0000
150853633	0.2990
117897368	-0.0000
788904641	-0.0000
780740596	-0.0000
376788576	0.2003
755588377	0.2003
101738845	-0.0000
328291800	-0.0000
14463052	0.4362
7561648	0.2181
321349074	-0.0000
3257295	-0.0000
455396737	0.2181
420603261	0.2181
329888088	-0.0000
9421957	-0.0000
762010932	0.0736
771003263	-0.0000
32167339	0.1186
812805051	0.2181
802554253	-0.0000
780537062	-0.0000
340352041	0.1418
489715448	-0.0000
335106634	0.2003
140275184	0.1769
74710963	0.4192
407527052	-0.0000
407487292	-0.0000
95494640	0.2181
139693155	-0.0000
752535987	0.1098
408211713	-0.0000
326330978	-0.0000
465949976	-0.0000
824668130	0.2181
393771774	-0.0000
780323060	-0.0000
138523834	-0.0000
44311660	0.1769
362460582	-0.0000
91347554	0.2118
103125538	0.1769
818224981	-0.0000
148521880	-0.0000
98112987	0.1769
760009590	-0.0000
30687818	-0.0000
824561822	-0.0000
132455147	-0.0000
453156564	-0.0000
726420355	-0.0000
811390544	0.2181
789471445	-0.0000
741922035	0.2181
767261967	-0.0000
639379169	-0.0000
329926004	0.2181
824660280	-0.0000
148788915	-0.0000
131649072	-0.0000
766160202	0.2064
36861993	-0.0000
812848433	-0.0000
821470287	-0.0000
110388788	-0.0000
812416600	-0.0000
142508224	-0.0000
402756048	-0.0000
824671256	-0.0000
821701673	0.1769
353388991	0.2181
348032621	-0.0000
150914085	-0.0000
472416133	-0.0000
816841697	-0.0000
154821075	-0.0000
19476054	0.2177
56851611	-0.0000
816092077	-0.0000
824937839	-0.0000
463915431	0.2181
780031394	-0.0000
824627331	-0.0000
321329766	0.2181
39592487	-0.0000
139842900	0.2181
779355871	0.2181
771991203	-0.0000
492075907	0.2003
137952497	0.4362
823873650	0.2181
479279001	-0.0000
137185126	-0.0000
739658324	-0.0000
138013838	0.1215
342418985	0.2003
54636351	-0.0000
736640401	-0.0000
711789678	0.2181
771948419	-0.0000
9756801	-0.0000
789707367	0.2181
794816008	0.2990
145178388	-0.0000
97390990	-0.0000
83935184	-0.0000
824810772	0.4307
425239739	0.2181
7126396	0.2064
454985238	-0.0000
488808300	0.1290
805105713	0.2003
806137857	0.2003
53984595	-0.0000
823936038	-0.0000
387996327	0.1769
368987661	0.2003
9727001	0.1330
7125138	0.1575
787123971	-0.0000
301735759	-0.0000
801714742	0.3457
4181075	-0.0000
813308865	-0.0000
22537550	0.1575
753494956	0.2181
824888608	-0.0000
819964264	-0.0000
817929211	-0.0000
66179974	-0.0000
801329421	-0.0000
58412721	0.2003
135244284	-0.0000
794646277	0.2181
78880286	-0.0000
326168809	-0.0000
138588881	0.2181
793921755	0.1186
815040339	-0.0000
492224931	-0.0000
35096740	-0.0000
383727674	0.2181
782131147	0.3182
148506175	-0.0000
730944415	0.1290
143591606	-0.0000
27620834	-0.0000
56788054	0.1769
364181856	-0.0000
14211378	-0.0000
105082374	0.2003
136787919	-0.0000
818202760	-0.0000
794816810	0.2003
816027909	0.2003
811677242	0.3457
26729244	0.3457
144010924	0.2181
687920151	-0.0000
820835033	0.1769
767080972	-0.0000
442547323	-0.0000
17556743	0.1713
81227882	-0.0000
803593289	-0.0000
487397204	-0.0000
353566330	-0.0000
822224364	-0.0000
324374857	-0.0000
817620603	-0.0000
803405874	-0.0000
66463866	-0.0000
824612136	0.2181
456044901	0.2181
331866692	-0.0000
323722693	0.2181
816466917	-0.0000
407564684	-0.0000
813427419	-0.0000
746338210	0.1883
820443386	-0.0000
783386667	0.2181
453718296	0.2181
771137613	-0.0000
393873355	0.2181
127807729	0.2003
121956408	0.2181
106237152	-0.0000
785421851	0.3319
410836250	-0.0000
73450293	0.2003
737489792	-0.0000
777362249	-0.0000
811104179	-0.0000
69670417	0.2118
723782858	0.2181
409325983	0.3182
8544170	0.1418
370193593	-0.0000
144173439	0.1801
649487635	-0.0000
824605437	-0.0000
456179741	0.2003
798417806	-0.0000
729100361	0.1418
95611894	-0.0000
17355953	-0.0000
7847298	0.1769
320523584	-0.0000
334959258	0.2003
374904537	-0.0000
789226380	0.1575
780548740	0.4192
344899224	0.1098
29864613	-0.0000
73021334	-0.0000
795956755	-0.0000
719349667	-0.0000
716199554	-0.0000
455020255	-0.0000
455188303	0.2181
447613923	0.2181
824421701	-0.0000
455019003	0.2181
45390442	-0.0000
430127574	-0.0000
73476947	-0.0000
815676936	0.2003
326588510	0.1290
818745653	-0.0000
816198797	0.2003
688629812	-0.0000
454985686	-0.0000
454985689	-0.0000
824902783	-0.0000
821340268	0.2181
455039166	-0.0000
349282756	-0.0000
81489285	-0.0000
357713218	-0.0000
683804138	-0.0000
783758906	-0.0000
819082209	-0.0000
816714200	-0.0000
90130125	-0.0000
94353774	0.2003
65078683	-0.0000
120311385	-0.0000
723249844	-0.0000
455509898	0.2181
46475360	-0.0000
333292707	0.1186
817791111	-0.0000
775051807	-0.0000
19809850	0.0959
824658658	-0.0000
767064364	-0.0000
39763221	0.0903
389412147	0.3395
50540346	-0.0000
817018001	0.2475
87609449	-0.0000
24471245	-0.0000
736626435	-0.0000
731143806	-0.0000
809097365	0.2181
43640170	-0.0000
145096410	-0.0000
13377667	0.2181
91054244	0.2181
776535549	-0.0000
151040595	-0.0000
824525487	-0.0000
155376772	-0.0000
137213769	0.2181
411388330	-0.0000
49929363	-0.0000
335484160	0.0853
797872157	-0.0000
18044884	0.2003
819856996	-0.0000
410344208	0.2181
112119288	-0.0000
406293059	0.2181
340092067	-0.0000
330698562	-0.0000
72110997	-0.0000
809684101	0.1575
7126578	-0.0000
9822955	-0.0000
3783808	-0.0000
94584654	-0.0000
137321839	0.2003
11973814	-0.0000
56546116	0.1575
93326847	0.2003
787938607	0.2003
20437718	0.3616
389547210	-0.0000
473963365	0.2181
92915102	-0.0000
396447765	0.3457
824638605	0.2181
85407500	-0.0000
806154344	-0.0000
418012819	0.3272
486333400	-0.0000
154490637	0.2181
24398188	0.2990
10014019	0.2181
717743654	-0.0000
126367233	-0.0000
17656405	-0.0000
1475784	-0.0000
650808988	0.2181
138038625	0.2003
789684408	-0.0000
104244273	-0.0000
729481631	-0.0000
37764687	-0.0000
321977171	-0.0000
431984184	-0.0000
28603498	-0.0000
88290140	0.3457
13289614	0.2181
155452554	-0.0000
85531180	0.1962
471629655	-0.0000
328435192	-0.0000
75636391	-0.0000
15427348	-0.0000
156818722	-0.0000
32302019	-0.0000
481387242	-0.0000
454954340	-0.0000
504712357	0.2181
809942124	-0.0000
818438232	-0.0000
79922118	-0.0000
734422200	-0.0000
63723569	-0.0000
333503032	-0.0000
811944807	0.2181
117981218	0.2003
736991775	-0.0000
364222206	-0.0000
824737065	-0.0000
764288454	-0.0000
378454906	-0.0000
378454905	-0.0000
769403556	-0.0000
765094459	-0.0000
770275807	-0.0000
429674361	0.2181
731340086	0.2181
824234764	0.2003
416051664	-0.0000
449261466	-0.0000
762096589	-0.0000
23675835	0.2181
711942978	-0.0000
95122473	-0.0000
818162277	-0.0000
359707513	-0.0000
378348148	-0.0000
149957116	-0.0000
326667673	0.1769
437894897	0.2181
754931811	-0.0000
99218432	-0.0000
818226500	-0.0000
46329781	-0.0000
33300104	-0.0000
824570946	-0.0000
480680996	-0.0000
734507021	0.2730
333962809	-0.0000
333875617	-0.0000
431985396	0.4202
824545904	0.2181
818429104	-0.0000
492222131	0.1769
82077929	-0.0000
381467021	-0.0000
17325012	-0.0000
480820375	0.3909
824823027	-0.0000
811753113	-0.0000
378308795	-0.0000
824692160	-0.0000
824709271	-0.0000
504761013	-0.0000
328928186	-0.0000
63760537	-0.0000
391491023	-0.0000
824629182	-0.0000
300598220	-0.0000
824920677	-0.0000
26681580	-0.0000
76293394	-0.0000
785851687	0.4911
28480879	0.2003
796109355	0.1059
156541423	0.3272
38254147	-0.0000
142119146	0.1769
153086911	-0.0000
29978669	-0.0000
413923840	-0.0000
2278789	-0.0000
737491176	0.1769
715490550	-0.0000
143468879	-0.0000
334633650	-0.0000
352834140	-0.0000
824872215	-0.0000
78574980	-0.0000
329350106	-0.0000
824557060	-0.0000
98487218	-0.0000
403488252	0.2181
818438218	-0.0000
404320199	-0.0000
420966439	-0.0000
335420341	0.2181
144026882	-0.0000
428209551	-0.0000
824649502	-0.0000
84643858	-0.0000
301441984	0.0853
824148766	-0.0000
356060914	-0.0000
133324397	-0.0000
809238180	-0.0000
402739260	-0.0000
455276003	0.2181
378451335	0.1492
81179742	-0.0000
824645564	0.2181
342000461	0.2181
26286344	0.2003
134009973	0.4907
462970730	0.1769
777305813	-0.0000
376142391	-0.0000
821761519	-0.0000
719568481	-0.0000
746767517	-0.0000
820556728	-0.0000
810690462	-0.0000
822856657	0.3160
716211307	-0.0000
326136555	-0.0000
11558498	-0.0000
793551909	-0.0000
766810035	0.2990
709486045	0.1290
791831440	-0.0000
480820350	0.2003
776941425	0.2003
434806714	-0.0000
454954285	0.1769
95794304	-0.0000
119731018	0.3457
408793831	-0.0000
365691981	-0.0000
808905998	-0.0000
374917697	0.1769
29542478	-0.0000
115391431	-0.0000
38938367	0.2181
342188728	0.2181
814747699	0.2181
71101062	-0.0000
2739494	0.3605
821803797	0.2181
63050743	0.2181
759454505	-0.0000
818766005	0.2968
360832087	0.4481
335321258	-0.0000
777197603	-0.0000
151053220	-0.0000
818230710	0.1769
99190969	-0.0000
810773565	-0.0000
405464119	-0.0000
59032355	-0.0000
45234801	-0.0000
69625752	-0.0000
300317815	-0.0000
74979526	0.2162
794492097	0.2181
14678768	-0.0000
454774905	-0.0000
12990423	-0.0000
485516416	-0.0000
719213834	-0.0000
122143910	0.2181
15109447	0.2817
67237037	-0.0000
79551801	0.2051
54884844	0.2181
798633410	-0.0000
824612425	0.2181
401402801	-0.0000
487243719	-0.0000
801127300	0.3319
824284820	-0.0000
93129229	-0.0000
824712477	-0.0000
813374342	0.2181
49463377	0.2181
795208878	-0.0000
783832611	0.2181
60611708	0.3272
730836965	0.2003
71228112	-0.0000
43773034	-0.0000
134523428	-0.0000
48202275	0.2181
417138521	0.1602
88537738	-0.0000
59885034	-0.0000
51027955	-0.0000
57040303	-0.0000
57567001	-0.0000
344995265	0.2181
367383605	-0.0000
146639512	-0.0000
799732448	-0.0000
753623487	-0.0000
86564741	-0.0000
712610854	-0.0000
766505416	-0.0000
455039603	-0.0000
480092101	0.2181
88400068	-0.0000
96676868	-0.0000
77755147	0.2181
133808337	-0.0000
356001586	-0.0000
93574778	-0.0000
332025970	-0.0000
824740728	-0.0000
149923194	-0.0000
747172426	0.2149
36730786	-0.0000
820092390	-0.0000
823697859	-0.0000
771140673	0.2181
328155	-0.0000
102613762	-0.0000
788924132	0.2181
824449509	-0.0000
54634713	0.2181
321273226	-0.0000
95127268	-0.0000
389821280	-0.0000
32806830	-0.0000
394394968	-0.0000
821004022	0.2181
768585111	-0.0000
723394000	0.0771
81265997	-0.0000
141889879	0.2181
156842206	-0.0000
823245564	0.0675
335629123	-0.0000
822093139	0.2181
782931962	-0.0000
26390559	0.2181
148046743	0.2003
405425822	-0.0000
810385803	0.2181
820059757	0.2181
110790533	0.2181
59056503	0.2181
548957331	0.2181
79101369	-0.0000
733882907	-0.0000
357567551	-0.0000
110453352	0.3272
53151195	-0.0000
69690396	0.2181
9534045	0.2181
370501042	0.2151
457003731	-0.0000
780351912	0.1575
41655709	-0.0000
51553550	0.3457
348824099	-0.0000
824640254	0.2181
10904289	-0.0000
25357488	0.1023
824170879	0.2181
101156951	0.2181
426186382	-0.0000
37236056	0.2156
129996378	0.2181
771467035	-0.0000
87777809	-0.0000
457143180	0.2181
54785418	-0.0000
761131125	-0.0000
132462523	0.4911
330490429	-0.0000
773923702	0.4911
369119838	-0.0000
492224877	-0.0000
815015496	-0.0000
144541195	-0.0000
142573207	-0.0000
14307648	0.1975
492222321	0.1769
10322986	-0.0000
77233079	-0.0000
147562274	0.2181
15579316	-0.0000
143756414	-0.0000
824971543	-0.0000
756658508	-0.0000
814983174	0.2181
422397710	-0.0000
106786665	-0.0000
155431237	-0.0000
82963464	-0.0000
689594627	-0.0000
399066273	-0.0000
824748901	0.2181
93405703	-0.0000
140887629	0.2003
98968839	0.1769
7923335	-0.0000
37637121	0.2181
15975957	0.1769
436921986	-0.0000
411295762	0.2181
94336001	-0.0000
347213490	-0.0000
328945027	-0.0000
57292968	0.2181
50346357	-0.0000
6229746	-0.0000
24995934	-0.0000
768945091	-0.0000
791841522	-0.0000
423643413	-0.0000
776326068	-0.0000
43411542	0.2181
356451667	0.2003
480820318	0.2003
751405601	-0.0000
723666938	-0.0000
756098784	-0.0000
353435865	-0.0000
771136597	-0.0000
64460501	0.2181
45858207	0.1290
814818322	-0.0000
21571982	-0.0000
821506179	-0.0000
96822764	-0.0000
38066167	0.2181
93049411	0.2181
816443097	0.2181
76728781	0.3272
237101	-0.0000
821990737	0.1883
322001863	-0.0000
823746098	0.2118
153679623	-0.0000
373129970	0.1844
766996529	0.3182
62986263	-0.0000
71929294	0.2181
41243114	0.2181
373416399	-0.0000
772035586	0.2181
764989987	0.2181
791108252	0.2181
716195210	-0.0000
720705801	-0.0000
81225446	-0.0000
407121954	0.3457
725220703	-0.0000
35286616	-0.0000
325427314	-0.0000
779745856	0.2181
740946990	-0.0000
126474961	-0.0000
726252989	0.2181
128115429	-0.0000
360452683	-0.0000
117727772	0.2181
773196417	-0.0000
820361829	-0.0000
35040916	-0.0000
30254907	-0.0000
824553647	0.3457
28769574	-0.0000
32567458	-0.0000
413932575	-0.0000
81226756	-0.0000
135088349	-0.0000
344295175	-0.0000
455396997	0.2181
82632840	-0.0000
797145874	-0.0000
797905971	0.3457
39825895	-0.0000
812235958	0.3457
399876734	-0.0000
362332708	0.2181
86697970	0.2181
755264517	-0.0000
823106937	-0.0000
79136230	0.1418
4446872	-0.0000
399492530	0.4798
431906681	-0.0000
806276588	-0.0000
66198644	0.2754
20011547	-0.0000
327225532	-0.0000
148503929	-0.0000
63651979	-0.0000
153246671	-0.0000
824391296	0.2003
751033665	-0.0000
454326261	-0.0000
787925857	0.1575
24418343	-0.0000
506209348	0.2181
100965302	-0.0000
746339568	-0.0000
718312727	-0.0000
823650932	-0.0000
91122612	-0.0000
744513001	-0.0000
824675022	-0.0000
752405345	-0.0000
74633046	-0.0000
824912208	0.2181
148143076	0.1883
412008771	0.2181
326377482	-0.0000
400792902	-0.0000
446437140	0.2118
809908886	-0.0000
3991078	0.2506
739999495	0.1290
790839137	-0.0000
301188181	0.3457
824660865	-0.0000
145608890	0.5084
748480116	-0.0000
402885066	0.2003
798281928	-0.0000
325165421	-0.0000
824521915	-0.0000
28554134	0.2003
93143508	-0.0000
80398083	-0.0000
82897031	0.1769
370269498	0.1769
740935190	-0.0000
133016719	-0.0000
96198261	0.3272
367159230	-0.0000
807983709	-0.0000
823276981	0.5681
811949804	-0.0000
824930649	0.1418
823631798	0.2181
733188711	0.2181
37988594	-0.0000
771135733	-0.0000
59074780	-0.0000
59345724	-0.0000
16551076	-0.0000
75838023	-0.0000
823159670	-0.0000
24197438	-0.0000
806955646	-0.0000
812538196	0.2922
644873955	-0.0000
773330581	-0.0000
406271008	-0.0000
397406077	0.2003
561090738	0.2181
492222057	0.4490
111644959	0.2003
772851652	-0.0000
388441171	-0.0000
765718256	-0.0000
20896348	-0.0000
824744679	-0.0000
95983944	-0.0000
810079022	0.2003
30945130	-0.0000
824924386	-0.0000
765684216	0.3457
796985884	0.3272
765847453	0.2181
824629733	-0.0000
824744206	-0.0000
75936388	-0.0000
327728466	0.2003
725095487	-0.0000
328786613	-0.0000
805933569	0.2181
44045624	-0.0000
357085721	0.2181
454985679	-0.0000
75680935	-0.0000
89060278	-0.0000
334147145	-0.0000
817574548	0.1575
728950523	-0.0000
76788580	0.3395
144850343	0.4192
802802399	0.2003
142626441	-0.0000
368887968	0.2181
148628265	-0.0000
641152244	0.2003
71756159	-0.0000
739408039	0.2003
300518476	-0.0000
776693533	-0.0000
793875765	-0.0000
327462724	0.2181
155672302	-0.0000
446180267	-0.0000
29896534	-0.0000
138195259	-0.0000
722543418	0.3457
413368101	-0.0000
58572503	0.1098
143856981	-0.0000
822068823	-0.0000
143778339	0.2181
29982827	-0.0000
800869296	-0.0000
11836746	0.2003
738603491	-0.0000
799542548	0.2003
125625773	0.2003
823886060	0.2181
84234112	-0.0000
822100298	0.2181
95699905	0.2003
93872829	-0.0000
463366044	-0.0000
430987081	-0.0000
17168248	0.2003
453260617	0.3097
150416383	-0.0000
364083998	-0.0000
407099950	0.2515
720404884	0.2181
746339936	-0.0000
31133129	0.0675
145254760	-0.0000
747665449	-0.0000
37114028	-0.0000
58658744	0.1769
71282663	-0.0000
326732197	-0.0000
61570938	0.2181
131247177	-0.0000
12421345	-0.0000
824815000	-0.0000
332198651	0.1575
489670135	-0.0000
748186555	-0.0000
772086828	0.1769
67418826	-0.0000
88651495	-0.0000
492224896	-0.0000
818202755	-0.0000
821803855	-0.0000
653491600	-0.0000
76748665	0.2181
16749359	0.1418
362831683	0.1418
321974822	-0.0000
351803337	0.1575
67866074	-0.0000
802746891	0.2968
806287131	-0.0000
7555119	0.2181
418840670	-0.0000
11175025	0.2181
113542073	-0.0000
38895054	-0.0000
364622245	0.2181
823283625	-0.0000
770154934	0.2730
22945917	-0.0000
810301228	-0.0000
467639626	-0.0000
87469549	-0.0000
410541027	0.2003
97127989	-0.0000
726795513	0.1290
809244775	-0.0000
824920482	0.1575
365729364	-0.0000
824520426	0.2181
763487505	0.2181
824926080	-0.0000
363299595	-0.0000
41063840	-0.0000
351941627	-0.0000
47360510	-0.0000
814226316	-0.0000
816742460	0.1889
822944357	-0.0000
433455179	-0.0000
819381977	0.2181
823479216	-0.0000
392168475	-0.0000
342617991	0.2003
685715034	-0.0000
23501308	0.2003
32295023	-0.0000
824615141	-0.0000
373678254	-0.0000
101068729	0.2181
824638463	-0.0000
4748678	-0.0000
436689679	-0.0000
824291593	-0.0000
398654937	0.1575
733285241	0.2181
824641406	-0.0000
156026547	0.2181
451930578	-0.0000
342116837	-0.0000
363999974	-0.0000
333459641	-0.0000
13302161	-0.0000
824763960	0.2181
824508119	-0.0000
814214965	0.1769
758249851	0.2181
809847944	0.1492
812342957	-0.0000
775433430	-0.0000
341689497	-0.0000
390500257	-0.0000
22339784	-0.0000
390569816	-0.0000
27259890	-0.0000
118087726	-0.0000
146081451	-0.0000
817895667	-0.0000
153473203	-0.0000
719669317	-0.0000
404072754	0.2181
145040169	-0.0000
433629807	-0.0000
427118972	-0.0000
144039576	0.2181
760640449	-0.0000
138110627	-0.0000
83626072	-0.0000
824810908	-0.0000
343545824	-0.0000
780156081	0.2181
12421369	-0.0000
331677517	-0.0000
801429149	-0.0000
84492946	-0.0000
90139656	-0.0000
475013736	-0.0000
103606739	0.2003
72454976	-0.0000
110695243	0.2003
12817231	-0.0000
92665836	0.1769
455985293	-0.0000
455985291	0.2118
774956365	-0.0000
824386589	0.1769
759160789	-0.0000
819742672	-0.0000
27927915	-0.0000
22528581	-0.0000
359220719	0.2003
355000951	-0.0000
94789605	-0.0000
331171184	0.3272
797289172	-0.0000
738785657	-0.0000
148675420	0.2181
62583473	-0.0000
53314851	0.2118
474385100	-0.0000
444936838	-0.0000
355994688	-0.0000
15921276	0.1290
7126969	0.1769
396224123	0.2181
824800760	-0.0000
148860210	-0.0000
790948257	0.2003
824720451	0.2181
476944946	-0.0000
813110248	0.1092
345040503	-0.0000
65605560	-0.0000
491502292	-0.0000
42836470	-0.0000
824644926	0.1769
333338987	0.2181
342363646	0.1769
42027681	0.2003
811004065	-0.0000
118737106	0.2890
810555931	-0.0000
329149399	-0.0000
88578183	0.2181
822025898	0.2181
129915938	0.1769
819335515	-0.0000
93824994	-0.0000
791438034	-0.0000
401642600	0.2003
146772392	-0.0000
88830149	-0.0000
328270309	0.2390
723268006	0.2181
95336157	-0.0000
418237159	-0.0000
455982105	-0.0000
824685129	-0.0000
462327366	-0.0000
93640014	-0.0000
824889362	-0.0000
824614957	0.2181
715493514	0.2181
824574289	0.2181
389483455	-0.0000
328371026	-0.0000
91260935	-0.0000
121545198	0.2181
824310993	-0.0000
823391642	0.3457
794816521	0.2181
321657573	-0.0000
725955747	-0.0000
149971138	-0.0000
329443726	-0.0000
816922801	0.2181
824730076	-0.0000
355886058	-0.0000
374308943	0.2003
459291511	0.2181
781031270	-0.0000
145222827	0.2181
326874000	0.2181
811528678	0.2181
333851736	0.4184
50963017	0.0853
325912798	-0.0000
129859198	-0.0000
819983088	-0.0000
134048778	0.2082
824245334	0.2181
362834920	0.3587
824880195	0.2181
730925069	-0.0000
435166774	-0.0000
461851845	-0.0000
353647139	-0.0000
454039059	0.3272
794815999	0.2181
740805529	-0.0000
818202874	-0.0000
416527108	0.2181
146383936	-0.0000
36758550	0.0582
794816316	0.2181
149630538	-0.0000
87123062	-0.0000
16028773	-0.0000
790164478	-0.0000
145507053	-0.0000
771137477	-0.0000
824613113	-0.0000
772623011	-0.0000
818937582	0.2003
788843217	-0.0000
483097130	-0.0000
396953397	0.2181
483976422	-0.0000
344800425	-0.0000
794816104	0.2181
93554222	0.5277
90865453	-0.0000
68562760	0.1769
3497520	-0.0000
363528585	0.1769
57490971	0.2003
790953277	0.3457
823799782	-0.0000
17702912	-0.0000
770178481	-0.0000
74856833	0.2948
455985315	0.2181
455020278	0.1575
108998148	-0.0000
823665827	-0.0000
370933122	-0.0000
120073351	0.2181
493904819	-0.0000
493904810	0.2181
806160851	-0.0000
18619072	-0.0000
10796073	0.1769
802333631	-0.0000
95377585	0.0959
71286671	0.2003
812092580	-0.0000
824598796	0.2181
100927502	0.1769
89874378	-0.0000
815653888	-0.0000
771137046	0.2181
802471090	0.2181
750458122	0.2181
822468608	-0.0000
134881224	0.2181
363927053	-0.0000
818748079	0.4490
776711596	-0.0000
819510693	0.2181
472439625	-0.0000
411826474	0.2181
88504632	-0.0000
803551029	-0.0000
749553020	-0.0000
68322992	0.1418
100485410	0.2181
737045714	-0.0000
747779510	0.1466
809875250	-0.0000
353493796	-0.0000
329922398	-0.0000
80007792	0.2003
822036548	0.1769
326011456	-0.0000
824597216	-0.0000
760343111	-0.0000
824793431	-0.0000
93927431	-0.0000
790561704	-0.0000
812079088	-0.0000
640101254	-0.0000
805649704	-0.0000
12190391	0.2181
67464303	-0.0000
803651830	-0.0000
301310286	-0.0000
776462707	0.2181
794816333	0.2003
824647437	0.1769
345830173	-0.0000
442207068	0.1922
818292458	-0.0000
728424200	-0.0000
722004039	-0.0000
493904873	-0.0000
777805878	-0.0000
147050973	-0.0000
117385009	-0.0000
104689535	-0.0000
132724541	-0.0000
824701956	-0.0000
399950163	-0.0000
816568365	-0.0000
30692133	0.1769
823829652	-0.0000
24578308	-0.0000
3577937	0.2181
486302901	0.2181
93538522	0.3272
40447279	-0.0000
133097282	0.2149
39827983	-0.0000
336468380	-0.0000
40380797	-0.0000
824829768	-0.0000
386256062	0.3457
424488210	-0.0000
818287736	0.2990
43643515	-0.0000
103602283	-0.0000
729986234	-0.0000
417920718	0.2730
772725857	-0.0000
359590882	-0.0000
43330827	-0.0000
94828802	-0.0000
776573344	0.2181
455025531	0.2118
740105786	-0.0000
144914839	0.3457
138226242	0.2181
31922443	0.2003
4481639	0.1844
712692965	-0.0000
116513817	-0.0000
799425212	-0.0000
333633323	0.1575
824089953	-0.0000
81310870	-0.0000
139613211	-0.0000
374874114	-0.0000
352422609	-0.0000
813035911	-0.0000
722901417	-0.0000
22903016	0.1023
732771322	-0.0000
133508525	-0.0000
657155777	0.2181
19607855	0.2181
378291793	-0.0000
359460729	0.2181
711023505	0.2003
666992345	-0.0000
368957329	-0.0000
818227196	0.2181
301193278	-0.0000
792257295	0.0545
684223472	0.2056
728446432	0.2181
21696690	0.3457
47597876	0.2118
476159885	-0.0000
126607249	-0.0000
157117118	-0.0000
387010477	-0.0000
454954895	-0.0000
93391908	-0.0000
388139050	-0.0000
442491972	-0.0000
455039916	-0.0000
797867780	-0.0000
46620129	-0.0000
12213199	-0.0000
822543854	0.2003
6132323	-0.0000
38235801	0.2181
325002519	0.2003
777183480	-0.0000
722035330	-0.0000
781039513	-0.0000
70209969	0.3457
333295492	0.3457
435770152	-0.0000
11184140	-0.0000
65633055	-0.0000
140104335	-0.0000
74018290	-0.0000
53521995	-0.0000
824671244	0.2181
118591311	-0.0000
824516358	-0.0000
96265941	0.2181
326515377	-0.0000
366535813	0.2181
820662274	-0.0000
805907488	-0.0000
81794633	-0.0000
566099796	-0.0000
55145529	0.1769
767500552	-0.0000
156017662	-0.0000
51240552	0.4362
83547791	-0.0000
69026214	0.2181
801458737	-0.0000
73029085	0.2181
813771532	-0.0000
682112912	-0.0000
820776380	-0.0000
824418793	0.2181
88007877	0.2181
327559277	-0.0000
818787458	0.3457
12507672	-0.0000
104369534	-0.0000
130719024	-0.0000
302161937	-0.0000
801101712	-0.0000
824897882	-0.0000
138030690	-0.0000
794816274	0.4911
794816278	0.3319
823420153	-0.0000
23749547	-0.0000
431340049	0.2181
491638630	-0.0000
88386555	-0.0000
769545067	-0.0000
134763520	-0.0000
449456755	0.2003
824928520	-0.0000
822664371	-0.0000
813928524	0.3457
154967373	-0.0000
90883783	-0.0000
789457750	-0.0000
439732330	-0.0000
87860574	0.2181
7381754	-0.0000
9155096	-0.0000
55993335	0.4589
824636762	0.2181
93231470	-0.0000
84088643	-0.0000
6537459	0.2181
410705516	-0.0000
824667169	-0.0000
138523512	-0.0000
791163118	0.1769
94087547	0.1575
3257630	0.2181
36774257	-0.0000
15337158	-0.0000
151642891	0.2181
333999000	0.2181
749731365	0.4300
4737130	-0.0000
40423607	-0.0000
135339274	0.1098
343073940	0.2181
29162413	-0.0000
810708642	-0.0000
64600860	-0.0000
824187833	0.2181
818155671	0.3272
115477171	-0.0000
747156663	-0.0000
824171866	0.2003
77693662	-0.0000
801327356	-0.0000
355168297	-0.0000
390458115	-0.0000
462201087	-0.0000
135007332	0.2181
151303946	-0.0000
87641744	0.2181
473085196	-0.0000
823495348	0.2181
460685498	-0.0000
733596190	-0.0000
20105717	-0.0000
824251226	-0.0000
68368581	0.2181
771408970	-0.0000
407427381	-0.0000
141831859	-0.0000
12103604	0.1023
807972291	-0.0000
120957918	-0.0000
455367445	-0.0000
30299098	0.2817
300373945	-0.0000
782549888	-0.0000
102149494	0.2181
454954462	-0.0000
335127368	0.2181
81224858	-0.0000
809825477	0.2181
436844866	0.2181
809286196	-0.0000
335389703	0.1769
819413028	0.1575
813777524	-0.0000
824694197	-0.0000
340473664	0.2003
746463338	0.2181
759468643	0.3319
798362326	-0.0000
796782227	-0.0000
824860556	-0.0000
103990663	-0.0000
90144235	-0.0000
13938140	-0.0000
758947093	-0.0000
748959521	0.2181
133124195	-0.0000
12522364	0.2181
14366833	-0.0000
340936948	-0.0000
374784139	-0.0000
766217903	-0.0000
684017661	-0.0000
359103163	-0.0000
453718346	-0.0000
6572173	0.2003
372865368	0.2003
80970767	-0.0000
713931451	-0.0000
492436872	0.2181
794022367	-0.0000
453161061	0.2181
134865805	-0.0000
114532381	-0.0000
155361488	-0.0000
77560813	0.2181
26405025	-0.0000
778861950	0.1418
813211358	0.2181
488211673	-0.0000
95079377	0.2669
823526630	0.1769
824782908	-0.0000
824859237	0.1844
730497554	-0.0000
320917839	-0.0000
777183110	0.2181
734546108	-0.0000
709137870	-0.0000
148203218	-0.0000
38001115	-0.0000
154458304	-0.0000
347766120	0.3367
793554599	-0.0000
734583715	0.2181
32027745	-0.0000
728815736	0.2889
72214386	-0.0000
373394212	0.2003
787006289	-0.0000
82086644	-0.0000
88037673	-0.0000
407638176	-0.0000
335477997	0.2181
753112226	-0.0000
126678915	0.2003
