795295551	-0.0000
795295556	-0.0000
435644761	0.2003
782309409	-0.0000
35461535	0.2685
101428140	-0.0000
825741229	-0.0000
147645927	0.1186
460740544	-0.0000
423390786	-0.0000
816394610	-0.0000
455082645	-0.0000
24302707	0.1418
825527551	-0.0000
734817400	-0.0000
437403213	-0.0000
785499248	0.1769
408013986	0.2082
791287668	-0.0000
397128713	-0.0000
757206863	0.3457
44688082	-0.0000
447925435	0.2118
90043697	-0.0000
24823699	-0.0000
816230925	-0.0000
116027898	-0.0000
6824112	0.2003
413044746	0.4192
820278577	-0.0000
763930156	-0.0000
767797853	-0.0000
139571938	0.2181
84506174	0.3457
333439749	-0.0000
797548793	-0.0000
135732109	0.2181
87620352	-0.0000
797545005	-0.0000
325271225	-0.0000
434197423	-0.0000
492313596	-0.0000
322714705	-0.0000
797538700	-0.0000
818340106	-0.0000
751075797	-0.0000
798433387	0.2315
791895131	-0.0000
379730262	-0.0000
34811164	-0.0000
819863945	-0.0000
439226423	0.3457
800997742	-0.0000
7750638	-0.0000
34311672	0.2003
490776459	0.3272
788319686	0.2003
364850051	-0.0000
813724741	-0.0000
362019955	0.2181
96672082	0.2181
813952542	-0.0000
328681993	-0.0000
825556597	-0.0000
365540310	-0.0000
391290418	-0.0000
328751202	-0.0000
75499798	0.3457
50261269	-0.0000
825534234	-0.0000
156926853	-0.0000
77536634	-0.0000
825561438	-0.0000
815919480	0.5453
594956609	-0.0000
405009962	-0.0000
94880889	-0.0000
81770389	-0.0000
439468732	0.2181
93401915	-0.0000
106469828	-0.0000
809516890	-0.0000
808393763	-0.0000
815362868	-0.0000
492210675	-0.0000
782332143	0.1769
131041007	-0.0000
321308947	-0.0000
27016220	0.0675
821713166	0.2181
796700076	-0.0000
824886939	-0.0000
424571880	-0.0000
129905923	0.2181
25143848	0.1769
795295570	-0.0000
429505072	-0.0000
795295572	-0.0000
825545126	-0.0000
821998977	-0.0000
777458714	-0.0000
816715545	-0.0000
359112088	-0.0000
741467937	0.2181
84936892	-0.0000
18439895	0.2181
133603653	-0.0000
825376461	-0.0000
69612443	-0.0000
14230462	0.1769
84441239	-0.0000
338799368	-0.0000
805649591	-0.0000
825638957	-0.0000
825188907	-0.0000
41212063	-0.0000
93800657	-0.0000
425129964	0.2181
408996111	0.2181
2192669	0.2181
807442296	-0.0000
823785962	0.1769
378240128	-0.0000
363218581	-0.0000
151827232	-0.0000
109856650	-0.0000
804921717	-0.0000
352833579	0.1769
825764992	0.2181
430429913	0.2003
766705173	-0.0000
429568846	-0.0000
825515571	-0.0000
13521916	0.3272
364952948	-0.0000
82432679	0.0759
816878985	-0.0000
108483993	0.0771
771028620	-0.0000
141806363	0.2181
328714760	-0.0000
825406101	0.2990
802046393	-0.0000
8213700	0.2181
795037490	0.2149
152633617	-0.0000
823811615	0.3272
127276812	-0.0000
157280995	-0.0000
782231900	-0.0000
34442867	0.2003
405103457	-0.0000
94324996	-0.0000
34783984	0.3272
825448247	0.2181
413826040	0.3272
7126985	0.1023
347990607	-0.0000
2904167	-0.0000
403828953	0.0658
340633299	-0.0000
748147415	-0.0000
815528591	0.2181
405506535	-0.0000
797538126	-0.0000
86689533	0.2003
150177756	-0.0000
823839395	0.2181
112072896	-0.0000
816452556	-0.0000
765170470	0.2149
157224242	-0.0000
82371499	-0.0000
331339422	-0.0000
327225506	-0.0000
803536458	-0.0000
816696408	-0.0000
61539935	-0.0000
2259766	-0.0000
795295467	0.2730
362421772	-0.0000
431856901	-0.0000
822526343	0.3457
766962578	-0.0000
794821894	0.2118
753266707	-0.0000
106496127	-0.0000
819322365	-0.0000
825704295	0.2181
140886090	0.1769
38550330	-0.0000
767012753	0.2181
6812825	-0.0000
797856731	-0.0000
455082685	-0.0000
130440199	-0.0000
66574903	-0.0000
818894546	-0.0000
824245334	0.1883
147064914	-0.0000
363119362	0.2181
798245710	0.2003
458825621	-0.0000
825627303	-0.0000
406309604	0.2003
62778982	-0.0000
32511976	-0.0000
659260510	0.2181
454228054	-0.0000
358675033	0.2181
378454919	-0.0000
146534389	-0.0000
777172827	-0.0000
144010924	-0.0000
56220838	-0.0000
492222354	0.2003
524107668	0.1769
334764282	-0.0000
18184520	0.2181
719238091	-0.0000
109937062	-0.0000
132518391	-0.0000
798232934	0.2003
450971196	-0.0000
88790998	-0.0000
322084099	0.2181
29978669	-0.0000
802361281	-0.0000
825705176	-0.0000
325003145	-0.0000
321274464	-0.0000
121706951	-0.0000
433028875	-0.0000
42306153	0.2003
723369275	-0.0000
60372653	-0.0000
426954796	-0.0000
327826514	0.2730
11058979	-0.0000
792270597	-0.0000
813370862	0.2181
366493994	-0.0000
815888188	0.2003
733542586	0.2181
778313051	-0.0000
812364180	-0.0000
825478412	0.2181
152289508	-0.0000
825655685	-0.0000
108007035	0.0602
825621111	0.2181
405894304	0.2082
126857696	0.2003
73010238	-0.0000
491938445	-0.0000
425852922	0.2181
142865229	-0.0000
777396786	-0.0000
26314458	0.2003
113205285	0.2003
149026063	-0.0000
474846871	-0.0000
761375553	-0.0000
345577979	0.1769
767701541	0.2181
300351809	0.2181
742247089	-0.0000
825043141	-0.0000
5001040	-0.0000
75074604	0.2003
406652185	-0.0000
792556032	-0.0000
349323720	0.4911
404297468	-0.0000
79072057	0.2181
330443833	-0.0000
746322616	-0.0000
90377808	-0.0000
322170070	0.1575
825578542	0.2181
325855112	-0.0000
18062914	-0.0000
814778583	-0.0000
83980375	-0.0000
102373478	-0.0000
825550664	-0.0000
421337159	0.2181
62751184	-0.0000
320570071	-0.0000
64934428	0.3319
782693779	-0.0000
150879439	0.2181
390575445	-0.0000
825469593	-0.0000
75061228	-0.0000
29733632	0.2181
813885642	0.2003
24027764	-0.0000
825317940	0.2181
825322721	-0.0000
112804619	-0.0000
727389001	0.2181
717327189	0.2181
823427998	0.2003
795295537	-0.0000
795295531	-0.0000
458901424	-0.0000
87986231	-0.0000
22425952	-0.0000
805624189	0.2181
14307648	0.1418
116561041	-0.0000
121511265	-0.0000
92958230	0.3457
122184688	0.2181
57504131	0.2181
395714702	0.1769
800631067	0.2181
411413876	0.2730
746464988	-0.0000
340661746	-0.0000
33248980	-0.0000
729171666	-0.0000
359119687	0.3319
65427967	0.2003
75998365	-0.0000
421468873	-0.0000
811761381	0.2181
18368847	-0.0000
355911548	0.2181
778699571	0.2149
134778976	-0.0000
62642676	-0.0000
16314076	-0.0000
94866039	-0.0000
765154694	-0.0000
325206712	0.2181
680847291	-0.0000
740051694	0.2003
733758589	-0.0000
824965047	-0.0000
133764790	0.1575
352447089	0.2181
450971213	-0.0000
778650493	-0.0000
725319101	0.0903
718773707	-0.0000
825520710	-0.0000
423310139	-0.0000
328708908	-0.0000
400033781	-0.0000
723238439	-0.0000
452678718	0.3680
795295493	-0.0000
795295491	-0.0000
405663517	-0.0000
78668032	0.2181
825533781	0.2181
825435002	0.2948
797247258	-0.0000
455082588	-0.0000
489996557	-0.0000
419089367	0.2181
334991843	0.2181
89718953	0.2181
726568018	-0.0000
13409786	-0.0000
32724864	0.4476
720729845	-0.0000
797839456	0.2003
809908886	0.3272
825342809	-0.0000
77650683	-0.0000
102200035	-0.0000
377252773	-0.0000
751608586	0.2181
879082	-0.0000
9529648	0.3007
777020792	0.2181
819565732	0.2181
26988409	0.2118
374250403	-0.0000
821311262	-0.0000
301845120	0.2181
684178917	-0.0000
96676868	0.0853
148406850	0.2181
815000832	-0.0000
817586569	0.3457
825336334	-0.0000
455070304	-0.0000
491553147	-0.0000
810505007	-0.0000
772940269	0.1098
3553507	0.2181
111665576	-0.0000
126270420	0.2003
29035414	-0.0000
825453500	0.2181
412448640	-0.0000
152368417	-0.0000
812287448	-0.0000
799664303	0.2181
98033034	-0.0000
710971705	-0.0000
816837680	0.2181
64698191	-0.0000
819264861	-0.0000
778628455	-0.0000
35037101	-0.0000
144091615	0.1769
344800425	-0.0000
11699829	-0.0000
816016548	-0.0000
363074710	-0.0000
354473602	0.2181
322650364	-0.0000
89860345	-0.0000
89865946	-0.0000
396408850	0.2181
431493872	-0.0000
432000941	-0.0000
17411263	-0.0000
117004318	-0.0000
817299791	0.2181
791428678	-0.0000
450971155	-0.0000
321910402	-0.0000
326501368	-0.0000
53521995	-0.0000
825540504	0.3182
794821446	0.3457
389689666	-0.0000
324067354	-0.0000
40580472	-0.0000
825580260	0.2181
143506715	-0.0000
481716397	-0.0000
825573122	-0.0000
728930226	-0.0000
815378061	-0.0000
345940822	0.2181
52494771	-0.0000
77996377	0.2003
737454104	0.2181
795295471	-0.0000
777757004	-0.0000
804496004	0.2003
712402980	0.2613
95228753	-0.0000
18010258	0.1023
803025228	-0.0000
32134630	-0.0000
477677188	0.3457
20321341	-0.0000
102935589	0.2181
487624001	-0.0000
813891709	0.2833
301487036	-0.0000
139964653	-0.0000
98501495	0.2181
350858626	0.2181
149951145	-0.0000
333508042	-0.0000
824526262	-0.0000
825549419	0.3457
825801019	-0.0000
34259548	0.2181
822262678	0.0625
811810940	-0.0000
321030972	-0.0000
88378998	-0.0000
90419738	-0.0000
25322895	-0.0000
787130541	-0.0000
779793382	-0.0000
663328403	-0.0000
122638851	-0.0000
622544479	0.4362
422256971	0.2181
357018053	-0.0000
147196761	-0.0000
110673928	0.2181
454288981	-0.0000
39981765	0.1781
454956038	0.2181
90102169	0.2181
347471693	-0.0000
786365417	-0.0000
351973643	-0.0000
104097231	-0.0000
96494264	0.2523
812231860	-0.0000
300308707	0.1575
825642903	0.2181
461867454	0.2181
790105888	-0.0000
792162235	-0.0000
820063873	-0.0000
803669947	-0.0000
432313813	-0.0000
825731546	-0.0000
21283656	-0.0000
738619764	0.4184
825556478	0.2181
75164386	-0.0000
102979517	-0.0000
797530106	-0.0000
210739	-0.0000
52132612	0.2181
348880997	-0.0000
439972024	0.2181
345318059	0.2181
825610389	0.2990
817857211	0.2181
820085156	-0.0000
491994938	-0.0000
792078512	-0.0000
825598593	-0.0000
798657335	-0.0000
798362326	-0.0000
780086030	-0.0000
492313570	0.2181
756351306	0.2181
43261116	-0.0000
812398639	-0.0000
795221934	-0.0000
328996668	0.2181
15836908	-0.0000
361728863	-0.0000
371239374	0.2181
711189337	0.2181
811792405	0.3630
790573393	0.2968
427373982	-0.0000
30187256	0.2181
139715581	-0.0000
758473363	-0.0000
781355091	0.2003
797547465	-0.0000
368887968	-0.0000
341463251	-0.0000
462880525	0.4362
348447796	0.2003
19071972	-0.0000
481716350	-0.0000
455611872	-0.0000
721236587	-0.0000
825236279	0.2181
824131039	-0.0000
424119992	0.2181
750412887	0.2181
29936254	0.2003
2419877	0.2181
825122548	-0.0000
391909427	-0.0000
69526009	-0.0000
786674865	0.2181
760946678	-0.0000
480403195	-0.0000
133785922	0.2181
451422825	-0.0000
813922666	-0.0000
119088081	-0.0000
780887372	-0.0000
825558206	0.2003
820217078	-0.0000
359100595	0.1769
392319708	0.4156
766858858	-0.0000
347184050	-0.0000
65076637	-0.0000
385739659	0.2181
130767196	-0.0000
817007287	-0.0000
468735290	0.2181
33109297	0.2181
725051670	-0.0000
355004266	0.2181
322051943	-0.0000
107544806	-0.0000
825563328	-0.0000
491553183	-0.0000
824810358	0.2181
801292611	-0.0000
7126620	0.0771
492080499	0.2181
456108699	-0.0000
71454152	0.2181
128251000	0.3084
95305755	0.2181
823939961	0.2911
427180006	-0.0000
799824652	-0.0000
12522364	-0.0000
708605647	0.2670
744179265	-0.0000
823986291	0.2181
817587138	-0.0000
439446130	0.2063
85229706	-0.0000
431342234	-0.0000
5051048	-0.0000
127433960	-0.0000
491744687	-0.0000
17012945	-0.0000
10986918	-0.0000
802018990	-0.0000
4160369	-0.0000
825680023	-0.0000
25617241	-0.0000
7563380	-0.0000
825589249	0.1418
675862501	-0.0000
16789416	-0.0000
815431952	-0.0000
825553864	0.2181
738635318	-0.0000
825617410	-0.0000
13442030	0.3457
824890943	0.2181
80417325	-0.0000
73629217	0.2181
464479136	-0.0000
819948510	-0.0000
69352152	-0.0000
29142655	0.2003
370260275	-0.0000
367535764	-0.0000
788336274	-0.0000
2667150	0.2003
40080417	-0.0000
365985863	-0.0000
455071420	-0.0000
17648892	-0.0000
365216913	0.2181
429544911	-0.0000
7131928	-0.0000
90301516	-0.0000
150525159	-0.0000
795295430	-0.0000
53764602	-0.0000
763888411	-0.0000
431049477	-0.0000
487624041	0.1769
824597343	-0.0000
70438070	0.2118
77033109	-0.0000
119177649	-0.0000
376999147	0.1290
407520750	0.2181
430824208	0.2181
825526782	-0.0000
90105965	-0.0000
822079148	-0.0000
94909028	0.3457
135631225	-0.0000
135124356	-0.0000
367182649	-0.0000
805505867	-0.0000
66884196	0.2003
816928827	0.2181
140620712	-0.0000
421538950	0.2181
750378091	0.3007
84227269	-0.0000
152931334	-0.0000
796189151	-0.0000
72437825	-0.0000
825009393	-0.0000
54668575	-0.0000
31327331	-0.0000
758335684	-0.0000
31991257	0.2181
824889198	0.1418
756326493	0.2181
357600023	-0.0000
24049464	0.2003
131372041	-0.0000
825790104	0.1769
803029392	-0.0000
155117068	-0.0000
80429213	-0.0000
359112153	0.3007
753732992	-0.0000
803627405	-0.0000
126545546	-0.0000
767701672	-0.0000
645670265	-0.0000
144228984	0.2003
19975440	-0.0000
464344919	0.3616
61103263	0.2181
824888313	-0.0000
135694973	-0.0000
823434480	-0.0000
32933443	-0.0000
344014348	-0.0000
25380690	-0.0000
814409022	0.2003
121240931	0.2003
468938310	0.0472
416981951	0.2181
80045194	-0.0000
137383439	-0.0000
825514294	-0.0000
461438250	0.2003
734038072	0.1575
157295932	0.2181
415158866	-0.0000
777476281	-0.0000
454955958	-0.0000
460700981	0.2003
85023120	0.1575
825578400	0.2181
823405341	0.2003
121617810	-0.0000
794819925	0.4018
825548023	-0.0000
825457053	-0.0000
86224435	0.2181
15536063	-0.0000
46613700	-0.0000
7118835	0.1007
727995253	-0.0000
301883322	-0.0000
712021	0.2181
825607765	-0.0000
60842898	-0.0000
394754531	0.3457
816120623	0.4462
484430814	-0.0000
795295413	-0.0000
825586636	0.2003
806836379	0.1769
376947179	-0.0000
17689191	0.2181
765977161	0.1098
783473945	-0.0000
16559316	0.2856
825517826	-0.0000
799742283	0.3950
485391687	-0.0000
480411286	0.2181
420895447	-0.0000
821574714	0.3823
24082562	0.4107
18993990	0.3457
301277444	-0.0000
341801082	0.1186
138017294	-0.0000
323381530	0.3950
717491085	-0.0000
437257608	-0.0000
105321119	0.2181
324809395	-0.0000
70486690	-0.0000
819819177	0.2118
421246227	-0.0000
485376284	-0.0000
328975041	-0.0000
823882974	-0.0000
725069248	-0.0000
429428679	-0.0000
106550999	-0.0000
35154647	-0.0000
473552912	-0.0000
520687054	0.2181
823434610	-0.0000
145549708	-0.0000
155508866	-0.0000
361729398	-0.0000
38237144	0.2003
825425124	-0.0000
7127020	0.1667
121721244	-0.0000
825599062	0.2181
344883931	0.2003
811691887	-0.0000
79555875	-0.0000
375605716	-0.0000
817799222	0.2181
683851183	-0.0000
359106694	0.1769
642904712	0.3272
71119277	-0.0000
813314989	-0.0000
320716737	-0.0000
808993843	0.3101
823815199	0.4911
10386224	0.2181
822771125	0.2730
790960398	-0.0000
396821307	0.2181
797529510	-0.0000
775051903	0.2181
822573816	0.2181
767540590	0.1098
410220094	-0.0000
56518483	-0.0000
357085721	-0.0000
825512397	-0.0000
125670304	-0.0000
56546116	-0.0000
93686621	-0.0000
818564616	-0.0000
97465684	-0.0000
716222884	-0.0000
825616522	-0.0000
13989046	-0.0000
763087083	0.1575
736033906	-0.0000
797248863	-0.0000
816339885	0.1418
85865319	0.1186
39033508	-0.0000
151594273	0.2003
492166424	-0.0000
426235025	0.2181
819352618	-0.0000
822101017	-0.0000
358704462	0.2181
39877857	-0.0000
35851039	-0.0000
821482177	0.3457
60891642	0.5417
824964774	-0.0000
12748729	-0.0000
321415232	-0.0000
351511804	0.1575
8739844	-0.0000
825610540	-0.0000
825433296	-0.0000
484430838	-0.0000
494122744	-0.0000
825543453	-0.0000
797968664	-0.0000
341024931	0.3272
360123103	0.4362
818597604	-0.0000
85531180	-0.0000
987880	-0.0000
105987301	-0.0000
433007605	-0.0000
750527194	-0.0000
53656956	0.2003
141749852	0.2181
12333215	0.2003
825761929	0.1098
67536021	-0.0000
114044456	0.1575
24098779	-0.0000
462184781	0.2181
102058673	0.3272
825684047	-0.0000
748080007	-0.0000
817639630	0.0959
813210218	-0.0000
769914574	0.2003
359879690	-0.0000
82936923	-0.0000
786884342	-0.0000
89093959	-0.0000
334410866	0.2181
786340739	0.1769
111099600	0.2003
391299642	0.2181
715684406	-0.0000
29001154	-0.0000
491553254	-0.0000
787224661	-0.0000
408263234	0.2003
737489999	-0.0000
796156368	-0.0000
65393773	0.2181
477632969	-0.0000
733131187	0.1769
138705327	-0.0000
5442545	0.2181
494767887	-0.0000
87414956	-0.0000
146233491	-0.0000
357759579	0.3182
771677144	0.4046
435542846	-0.0000
151884895	-0.0000
790960407	-0.0000
115272609	-0.0000
460487587	-0.0000
349109156	-0.0000
5906647	0.1418
130949736	-0.0000
794819429	0.2003
150202694	-0.0000
357541090	0.2181
11469362	-0.0000
645848584	-0.0000
823655589	-0.0000
825699225	-0.0000
510576205	-0.0000
761073068	0.3272
803594163	0.2003
789410061	-0.0000
794821095	0.2181
825502029	-0.0000
366339576	0.2181
765622376	0.2168
457275443	0.2817
27556098	-0.0000
816754289	-0.0000
805041009	-0.0000
9789652	0.2181
330820995	-0.0000
737041527	-0.0000
750611967	0.3457
755993193	-0.0000
408551	0.2968
744860566	0.2181
766450653	-0.0000
71621547	-0.0000
145679782	-0.0000
80810125	0.3272
767255206	-0.0000
17887268	-0.0000
147899640	-0.0000
51238097	-0.0000
94413658	-0.0000
435091383	-0.0000
816814081	-0.0000
765888778	0.3457
27223260	0.2181
818058700	-0.0000
13590144	-0.0000
760756061	-0.0000
11538818	-0.0000
333163726	-0.0000
391315379	-0.0000
57310315	-0.0000
76570286	-0.0000
337942052	-0.0000
823433238	-0.0000
132101598	-0.0000
825376018	-0.0000
90581834	-0.0000
380900122	-0.0000
825706869	0.2181
825597463	0.2181
34415510	0.4379
806157923	-0.0000
812908976	-0.0000
763994045	-0.0000
94303898	0.2181
825443247	-0.0000
436795323	0.0267
300153962	-0.0000
324091040	0.4006
819803838	0.1769
730792271	-0.0000
121447081	0.2181
334986596	-0.0000
93538522	0.2003
115763611	-0.0000
825555573	0.2181
809761135	0.2181
116435865	-0.0000
817011479	0.2118
818520235	0.1458
405076170	-0.0000
154998472	-0.0000
825546842	-0.0000
372202545	0.2181
823129612	0.2181
823831396	0.3319
10863725	-0.0000
813861143	0.2003
302112701	-0.0000
340500427	0.3182
718531699	-0.0000
779091140	0.2003
125519377	0.3260
825530558	0.1575
343790312	-0.0000
145124262	0.2181
812009454	0.2181
814504443	0.2181
783612204	-0.0000
456942616	0.2181
797541609	-0.0000
794819152	0.2003
425393516	0.2003
806849522	-0.0000
79942999	0.1418
798177678	0.2082
741336124	-0.0000
484195228	0.0675
409684814	-0.0000
76556923	-0.0000
764218991	-0.0000
95320770	0.4911
790954914	0.2181
321883988	-0.0000
772323615	-0.0000
138713288	0.2181
10932060	-0.0000
823889734	0.0903
342320256	0.2181
712195723	-0.0000
686068531	-0.0000
19918146	0.2730
811215943	-0.0000
761390976	0.3884
748760519	0.2181
328782579	-0.0000
398689311	-0.0000
765424117	-0.0000
794639760	0.2181
821531036	0.2003
321974876	-0.0000
442876897	-0.0000
721700162	-0.0000
823383860	-0.0000
400639199	0.2181
368684559	-0.0000
825600512	-0.0000
492414442	-0.0000
450971084	-0.0000
450971086	-0.0000
749716106	-0.0000
685853371	-0.0000
824809372	-0.0000
132997651	0.3272
805484421	-0.0000
90154041	0.1186
383515231	0.2825
825545101	-0.0000
821822972	-0.0000
61971537	0.2181
719581281	-0.0000
83292866	0.3007
357336112	-0.0000
20573290	-0.0000
376449650	0.3457
823954321	-0.0000
19375931	-0.0000
96697980	-0.0000
156549970	-0.0000
154831595	-0.0000
365915799	0.2181
147740518	-0.0000
20110448	0.2181
797535502	-0.0000
825786375	-0.0000
825583949	-0.0000
121819866	0.2181
365215125	0.1769
7789762	-0.0000
89676217	-0.0000
363569836	0.3252
458424291	-0.0000
430967090	-0.0000
431877785	-0.0000
34839596	-0.0000
370523789	0.2506
70980089	0.3182
5135598	-0.0000
825549273	0.2181
825756027	-0.0000
47971154	-0.0000
777252445	0.2003
809898652	-0.0000
331537923	0.2181
30769932	0.2297
138543504	-0.0000
55794716	0.2181
712599299	-0.0000
825335222	-0.0000
151328702	0.2181
737435335	-0.0000
432011297	0.0916
141250190	-0.0000
786241693	0.2003
127927473	-0.0000
794996022	0.1883
101848048	0.2003
804361434	0.2181
825530532	-0.0000
97024733	0.2181
825605483	0.2181
26140985	-0.0000
129960264	0.2149
825621271	-0.0000
33956801	0.3272
715497810	-0.0000
803313144	-0.0000
19556947	-0.0000
419564523	0.2082
825577898	-0.0000
27519442	0.2181
126606582	0.2833
36866799	0.1769
81834945	-0.0000
765897173	-0.0000
438176355	-0.0000
353947162	-0.0000
825521761	-0.0000
142938025	0.2181
370029510	0.2181
819553232	-0.0000
455052607	0.5937
790953923	-0.0000
813818930	-0.0000
145528772	0.0959
111261851	-0.0000
147140529	-0.0000
67354191	-0.0000
825585180	-0.0000
824651217	-0.0000
489548833	0.2181
131134408	-0.0000
803499146	-0.0000
346062282	-0.0000
361392055	-0.0000
818093174	-0.0000
133552053	0.2003
331622148	-0.0000
154227419	-0.0000
737586676	0.2181
816359025	0.2181
825589843	-0.0000
418191808	0.3457
140661940	0.2181
98922688	-0.0000
86279582	-0.0000
354247005	0.2793
417486098	-0.0000
1444847	-0.0000
93349593	-0.0000
370591616	0.2181
320107426	-0.0000
762637583	-0.0000
77819165	0.2003
792484133	-0.0000
402669910	-0.0000
795295585	-0.0000
776154749	0.2181
354156850	-0.0000
430150083	-0.0000
821831276	-0.0000
358792837	-0.0000
87725805	-0.0000
755588377	0.0903
821798790	-0.0000
711080784	-0.0000
795830458	-0.0000
328291800	0.4059
736028374	-0.0000
720455863	-0.0000
3257295	0.1458
790952997	0.4362
487624139	0.2181
325583036	-0.0000
138694006	-0.0000
448028890	0.2003
116661164	0.2003
156313343	0.2181
824094564	0.2181
762010932	-0.0000
771003263	-0.0000
84359834	-0.0000
32167339	0.3457
806123477	-0.0000
301120716	-0.0000
780537062	-0.0000
63329394	-0.0000
451316569	0.2181
365541464	-0.0000
399772345	-0.0000
810695121	-0.0000
335106634	-0.0000
219724	-0.0000
825400731	-0.0000
683612191	0.3272
301167657	0.2181
488541336	-0.0000
810127745	0.2181
364079715	0.2003
752535987	0.1769
781086986	-0.0000
109352051	-0.0000
825743874	0.2181
819322364	-0.0000
795278832	0.2990
457341385	0.4362
794821497	-0.0000
57312214	-0.0000
2213621	0.4018
393771774	-0.0000
115244437	-0.0000
100526239	-0.0000
355358829	0.2181
760262726	-0.0000
397586347	-0.0000
88519777	-0.0000
813201505	-0.0000
64271178	-0.0000
362460582	-0.0000
13330089	0.2003
23263849	-0.0000
806632460	-0.0000
790092737	-0.0000
148521880	-0.0000
146663275	0.0472
98112987	0.3457
825576832	-0.0000
821537026	-0.0000
98413266	-0.0000
133069810	-0.0000
83652883	-0.0000
119731018	-0.0000
773478145	-0.0000
821362463	-0.0000
369638821	-0.0000
823779952	-0.0000
321288932	-0.0000
823875847	0.2181
813260963	-0.0000
825125332	0.2181
12285589	-0.0000
378826141	-0.0000
330720606	-0.0000
740351242	-0.0000
36861993	-0.0000
812848433	0.4609
354152396	-0.0000
9369903	0.1098
46643946	0.3338
824854267	0.1769
392390617	-0.0000
431985396	0.3921
773923702	0.6407
103251076	-0.0000
825573785	-0.0000
778136529	0.2181
719789497	0.2181
788894923	-0.0000
810530258	0.2181
154821075	0.2003
460114538	-0.0000
133399885	-0.0000
461485055	0.2181
114315423	0.2990
825776696	-0.0000
374784139	-0.0000
637426707	-0.0000
816092077	-0.0000
328679562	0.2003
825579339	-0.0000
423276493	0.2003
67987952	-0.0000
783551931	0.2003
823900218	-0.0000
130432420	0.2003
490184244	-0.0000
325956093	-0.0000
755485498	-0.0000
94518671	0.2181
137952497	0.5809
322502004	0.2181
138013838	-0.0000
11664762	-0.0000
40607954	-0.0000
56576704	-0.0000
440689239	-0.0000
718682903	0.3457
13752848	-0.0000
736640401	-0.0000
362981377	0.2003
805840449	0.1396
452405688	-0.0000
136156902	-0.0000
806014679	-0.0000
141741504	-0.0000
796166978	-0.0000
97390990	-0.0000
61688648	0.2003
766951030	0.2003
342718040	-0.0000
7126396	0.1562
379250895	-0.0000
96664213	0.2181
488808300	-0.0000
824678677	-0.0000
805105713	-0.0000
823377959	-0.0000
798281928	-0.0000
798677797	0.2181
302192018	0.1575
819727894	-0.0000
387996327	-0.0000
6484956	-0.0000
748083216	-0.0000
368987661	0.3457
64833949	-0.0000
9727001	0.1051
782968171	-0.0000
7125138	0.3240
787123971	-0.0000
783484944	-0.0000
133008697	0.2003
807670151	-0.0000
719137885	0.3457
22537550	0.0689
130114028	-0.0000
97939875	-0.0000
341837643	-0.0000
78126925	-0.0000
789146480	0.2181
816304510	-0.0000
787581475	-0.0000
797649151	-0.0000
19082927	-0.0000
774719666	0.2003
112699953	0.1769
492224937	-0.0000
88459577	-0.0000
459291511	0.2181
782131147	0.2181
8351934	0.2181
369151511	0.1418
328732876	-0.0000
115923328	0.2003
358960865	-0.0000
797548669	-0.0000
359900521	-0.0000
812053427	0.2181
344734750	0.3676
734693268	0.5277
96462123	-0.0000
427583007	-0.0000
328970974	0.1023
361877350	-0.0000
825206701	0.2181
112209201	-0.0000
23874405	0.1186
116673000	-0.0000
740329076	-0.0000
785446690	0.2181
811677242	0.4362
142459657	0.2181
795295547	-0.0000
795295546	-0.0000
78424833	0.3457
820835033	-0.0000
818587576	-0.0000
825525701	-0.0000
17556743	-0.0000
825565467	-0.0000
521257787	-0.0000
17704417	-0.0000
324374857	0.1769
825427671	0.1769
817620603	0.1769
330652076	-0.0000
825489982	-0.0000
23876976	-0.0000
661689	0.2181
825611022	-0.0000
462672781	-0.0000
331866692	0.2181
822578446	0.2118
815529280	0.2181
824556621	0.2003
455117294	-0.0000
36077283	0.4702
123907487	-0.0000
455071434	-0.0000
40369254	0.2181
462578348	-0.0000
122574638	0.2181
135286391	-0.0000
492166436	-0.0000
390718023	0.2003
688629812	-0.0000
13224871	-0.0000
413456094	0.2181
13728406	0.1769
768505029	-0.0000
825701353	-0.0000
774964420	0.1769
29185704	0.2181
808551039	-0.0000
825148815	-0.0000
811104179	-0.0000
434517731	0.2181
155356182	-0.0000
802144980	-0.0000
44217297	-0.0000
17217278	-0.0000
108386906	-0.0000
65865234	-0.0000
300905560	0.2697
440984560	-0.0000
805898888	0.2181
359647705	-0.0000
729100361	0.1418
451590053	-0.0000
825404076	-0.0000
825654031	0.2181
819576495	-0.0000
135674049	-0.0000
779357487	0.2003
41647951	-0.0000
455973377	0.1769
780548740	0.1575
330792781	0.1769
344899224	-0.0000
780313060	-0.0000
355890017	-0.0000
103119798	0.2003
63793166	-0.0000
734208225	0.2181
791310470	-0.0000
825561918	0.3457
795295422	-0.0000
90299228	-0.0000
417770360	-0.0000
716199554	-0.0000
808871905	0.2181
825669623	-0.0000
97536873	-0.0000
329034070	-0.0000
780818683	-0.0000
137783744	-0.0000
71488242	-0.0000
825573215	0.3272
787003623	0.2118
818745653	-0.0000
333748023	0.2003
437594099	-0.0000
821340268	0.2181
325362671	-0.0000
815112956	0.2181
806410298	0.1769
89119052	-0.0000
797539652	-0.0000
819582021	0.2181
795295561	-0.0000
94353774	0.5205
723249844	0.2149
135850476	-0.0000
566744132	-0.0000
328977610	-0.0000
333292707	-0.0000
817989862	0.2181
66821645	-0.0000
775051807	0.1290
14056350	-0.0000
487211086	0.3378
825734180	-0.0000
62118488	-0.0000
389412147	0.2003
328889667	-0.0000
137865841	0.2181
736626435	0.1575
47011380	0.2181
361267239	-0.0000
5600626	-0.0000
130600042	0.3319
754616820	-0.0000
154271079	-0.0000
93126916	-0.0000
18520136	-0.0000
825556775	-0.0000
825187492	0.2181
824662320	0.2990
25326792	-0.0000
768034005	0.1769
17846848	-0.0000
819822088	0.4641
335484160	0.1575
86831844	-0.0000
8614881	0.2181
800549884	0.1575
630075365	-0.0000
147154483	-0.0000
364946497	-0.0000
326042670	0.1769
121885822	-0.0000
89288523	0.2003
72110997	-0.0000
7126578	-0.0000
125468269	0.1476
3783808	-0.0000
819303626	0.3457
326110489	-0.0000
152127344	0.3457
11973814	-0.0000
36133839	0.2181
93326847	0.3457
823707494	-0.0000
816353259	-0.0000
790802528	-0.0000
13971428	-0.0000
417767624	-0.0000
753637918	-0.0000
20437718	0.4018
359098248	0.0704
429988946	-0.0000
125838986	0.2181
394290449	-0.0000
85407500	-0.0000
413344427	-0.0000
825602654	-0.0000
717743654	-0.0000
475796749	-0.0000
823359463	-0.0000
57026296	-0.0000
458822902	0.2181
1475784	0.2003
806911824	0.2003
95494640	-0.0000
373361820	-0.0000
62510744	-0.0000
1173120	0.2181
371858837	-0.0000
825625411	-0.0000
825553082	-0.0000
323263880	-0.0000
28603498	-0.0000
88290140	0.2181
765659612	0.2181
353048659	0.2118
825595717	0.0736
49677073	-0.0000
807381284	0.1575
753970768	0.2003
6429032	-0.0000
156818722	0.1023
31085455	0.1769
795462617	0.1769
365539415	-0.0000
774660700	0.2181
447671907	-0.0000
776733830	-0.0000
804334411	-0.0000
67041463	-0.0000
104838391	-0.0000
121607490	-0.0000
818378484	0.2181
77009328	0.3272
26592607	-0.0000
361761319	-0.0000
114949044	-0.0000
795295509	-0.0000
433057047	-0.0000
98320443	-0.0000
325789338	-0.0000
786808139	-0.0000
823995720	-0.0000
86255622	-0.0000
790284607	0.2181
725113607	-0.0000
823775947	0.2003
764288454	-0.0000
30271071	0.2181
84951103	-0.0000
343320071	-0.0000
65589210	-0.0000
11396848	-0.0000
764414109	-0.0000
39481155	0.2181
20591774	-0.0000
823920016	-0.0000
129244714	-0.0000
13945788	0.1098
45960864	-0.0000
762096589	-0.0000
45722981	-0.0000
23675835	0.2181
376127530	-0.0000
88274292	-0.0000
799541161	-0.0000
729999262	0.2181
825530590	0.1575
825530591	-0.0000
326834339	-0.0000
88900820	0.4192
432733063	-0.0000
825412444	-0.0000
821300670	-0.0000
378348148	-0.0000
727310903	0.2181
811961940	-0.0000
825765056	0.2181
823374448	-0.0000
353529042	-0.0000
715695255	0.2181
817609862	0.2181
88882937	0.4192
18245993	0.0460
825175865	0.2181
46329781	0.0959
107261994	0.2181
795144712	-0.0000
488527581	-0.0000
825578700	-0.0000
777357369	-0.0000
825648299	-0.0000
20149096	-0.0000
333875617	0.0903
825476135	-0.0000
766989098	0.2181
796991411	0.1575
90550088	0.2181
633304134	-0.0000
772839655	-0.0000
437532077	0.2181
381467021	-0.0000
774925611	-0.0000
721555148	-0.0000
146804207	0.1351
794346379	-0.0000
431384872	-0.0000
457498251	-0.0000
808830361	0.2181
504761013	-0.0000
806898540	0.2181
328928186	-0.0000
41812403	0.2181
156063651	0.2181
825619855	-0.0000
459114170	0.2181
785851687	0.2523
765426738	0.1667
684495970	0.0498
823938918	0.5923
38254147	-0.0000
3874680	0.1418
497934350	0.2181
480819626	-0.0000
379107221	-0.0000
359109769	-0.0000
2278789	0.2003
823249868	-0.0000
715490550	-0.0000
373659167	-0.0000
818462819	0.2990
807422251	-0.0000
797537585	-0.0000
795295522	-0.0000
817586613	0.2181
98487218	-0.0000
803849376	0.2003
41383674	-0.0000
818220097	0.2118
814128107	0.2181
144610666	-0.0000
109607421	0.3272
825391072	-0.0000
823945805	0.4620
120278917	-0.0000
727248679	0.2181
76996806	-0.0000
148236075	-0.0000
453201755	-0.0000
105954699	-0.0000
66775461	-0.0000
41044574	-0.0000
797535185	-0.0000
478193061	0.2181
787166753	-0.0000
96630025	0.0959
492222361	0.2003
822422234	-0.0000
405844305	-0.0000
391483729	-0.0000
782323580	0.3457
26927606	0.2181
1639465	-0.0000
813201930	0.2003
378451335	-0.0000
760445867	-0.0000
799530556	-0.0000
431291293	-0.0000
363076018	-0.0000
68803607	-0.0000
809720667	-0.0000
393804189	0.2181
26286344	-0.0000
52930729	-0.0000
134009973	0.4192
71228112	-0.0000
41003381	-0.0000
123884847	0.2181
142511717	0.2181
16873069	-0.0000
323565747	0.2181
783489088	0.1769
18027744	-0.0000
142923433	-0.0000
94913144	-0.0000
825337918	0.2181
716211307	-0.0000
51521364	-0.0000
326136555	0.2990
786613030	0.2181
359098287	0.3319
135397851	-0.0000
88241374	-0.0000
371624159	-0.0000
752703092	-0.0000
330438784	0.2181
812237189	-0.0000
37778765	-0.0000
84030381	0.2181
906100	0.2181
825556619	0.2181
99080065	-0.0000
29542478	-0.0000
140141827	-0.0000
488780518	-0.0000
762993930	-0.0000
323696136	-0.0000
377217220	-0.0000
2739494	0.2263
42036203	-0.0000
713337174	-0.0000
825629908	0.1098
783708322	-0.0000
809490934	0.2181
818766005	-0.0000
436415037	0.3457
806291210	-0.0000
360832087	0.2118
157003330	-0.0000
419436673	-0.0000
123038568	-0.0000
491938336	-0.0000
17568066	-0.0000
74628481	0.2181
794821867	0.2003
825779911	0.1769
99190969	-0.0000
747481035	-0.0000
825375036	-0.0000
748203739	-0.0000
807956668	-0.0000
30699799	-0.0000
753971452	0.2181
809602037	0.2003
327457974	0.2181
111027999	-0.0000
74979526	0.2593
152646377	-0.0000
151243959	-0.0000
21514076	0.2181
5077487	-0.0000
328933284	0.2297
5987877	-0.0000
401402801	0.3229
19074992	0.2948
24719697	0.2990
745617131	-0.0000
808731256	-0.0000
818295533	-0.0000
763639751	0.2181
788039227	0.2162
330470752	-0.0000
60611708	0.4362
749186870	-0.0000
138231734	-0.0000
417138521	0.0990
143123922	0.1769
132463077	-0.0000
57040303	0.2003
428775492	0.2181
672668713	-0.0000
664427558	-0.0000
126587832	-0.0000
146639512	-0.0000
454165028	-0.0000
716221316	0.1575
766505416	0.0771
809711455	-0.0000
1354244	0.3272
433232297	-0.0000
807227253	-0.0000
358646846	0.0736
795295483	0.2181
753799329	-0.0000
815388094	0.2181
7392796	-0.0000
455071491	0.1575
819066746	-0.0000
812574159	-0.0000
788231479	0.2181
110171615	-0.0000
710879333	-0.0000
750754540	-0.0000
810690462	-0.0000
95127268	-0.0000
824692122	0.2181
26539855	-0.0000
32806830	-0.0000
783142355	0.3272
810040835	0.3457
754736931	-0.0000
768585111	0.2003
492080478	0.2181
723394000	0.1883
156842206	-0.0000
37969805	-0.0000
820401138	-0.0000
782931962	-0.0000
332153697	0.1023
396680629	0.2181
18647521	-0.0000
714066153	-0.0000
825003754	-0.0000
59056503	-0.0000
753194594	-0.0000
491938318	-0.0000
14219754	-0.0000
548957331	-0.0000
79101369	-0.0000
414340630	-0.0000
397238200	-0.0000
825561724	-0.0000
80507174	-0.0000
778701076	0.2181
825479637	-0.0000
154580304	-0.0000
360461832	-0.0000
823421026	-0.0000
37185870	0.2181
301112976	-0.0000
825566258	0.1575
715164903	-0.0000
792564691	-0.0000
370501042	0.2730
329265101	0.2003
824500347	-0.0000
825544417	-0.0000
779918759	0.2181
825343920	0.2181
25357488	0.1854
358269604	-0.0000
762330509	-0.0000
797247809	-0.0000
784776937	0.2181
152533788	0.2181
825730132	0.2181
87777809	-0.0000
715379078	-0.0000
825532972	-0.0000
126675874	-0.0000
381684199	-0.0000
31947565	0.2181
739109817	-0.0000
77233079	0.2003
117010539	0.3182
812615259	0.1769
450971208	-0.0000
138459117	0.3457
551131841	-0.0000
152887387	-0.0000
84987704	-0.0000
53772154	-0.0000
775993918	-0.0000
825538842	-0.0000
822428989	0.1769
106786665	-0.0000
113288302	-0.0000
550323509	-0.0000
825647183	-0.0000
812935019	-0.0000
71656755	0.2003
782071579	0.1769
15500539	-0.0000
815028340	-0.0000
358621566	-0.0000
155648462	-0.0000
81309111	-0.0000
340386824	-0.0000
98968839	0.2948
150459522	-0.0000
93608638	0.2003
442503148	0.2181
155582109	-0.0000
795295462	0.2003
825595274	-0.0000
94336001	-0.0000
795295469	-0.0000
111525230	0.2003
328052378	-0.0000
820259402	0.2181
155994038	0.2181
795295605	-0.0000
772405182	-0.0000
784473699	-0.0000
6229746	-0.0000
111393539	-0.0000
825579417	-0.0000
153398050	-0.0000
338108179	-0.0000
807884860	-0.0000
751178145	-0.0000
815546273	-0.0000
7156638	-0.0000
821804980	-0.0000
36240878	-0.0000
715379268	-0.0000
825626141	-0.0000
824162780	0.4362
817587338	0.2003
817581490	-0.0000
797540466	-0.0000
59198842	-0.0000
45858207	0.2162
684651319	-0.0000
488987051	-0.0000
777284656	-0.0000
51425704	-0.0000
21571982	-0.0000
25226970	-0.0000
682720582	0.2181
812401215	0.2487
712612940	-0.0000
825149183	-0.0000
15852394	-0.0000
822242423	0.2181
453544375	0.2181
62986263	-0.0000
825530454	0.3909
71929294	0.1575
447663406	-0.0000
810354850	0.2181
418381576	0.1769
94847889	0.2181
348835402	-0.0000
508129394	-0.0000
147084921	0.2181
491553176	-0.0000
825533438	-0.0000
65457291	-0.0000
365684110	-0.0000
477875623	-0.0000
110338762	-0.0000
56067130	-0.0000
405349720	-0.0000
803843734	0.2181
145851118	-0.0000
817586520	0.2181
680698569	0.2181
726020215	0.2003
485516320	-0.0000
127939061	0.2181
76404437	0.2181
822474210	0.2181
458301821	-0.0000
359112122	0.1769
413932575	-0.0000
89608766	-0.0000
326060842	-0.0000
813586290	0.2003
133221306	-0.0000
342188728	0.4450
797905971	0.3457
76569334	-0.0000
485376316	-0.0000
421380600	-0.0000
17657161	-0.0000
813734737	0.2003
821805820	0.2181
4098051	-0.0000
79136230	0.1575
146697099	-0.0000
399492530	0.2439
806276588	-0.0000
66198644	0.3182
334502270	-0.0000
779147792	0.1575
778861153	-0.0000
447607299	-0.0000
534648366	-0.0000
811363092	-0.0000
816154144	-0.0000
818076035	-0.0000
450971177	-0.0000
825426707	-0.0000
21918477	0.1769
431100193	-0.0000
492166278	-0.0000
825629288	-0.0000
823941972	0.1098
823811537	-0.0000
45204840	-0.0000
145750260	0.1769
814786799	-0.0000
145893948	-0.0000
133484131	0.0512
460691991	0.1769
139841598	0.1186
62374156	0.1769
744513001	-0.0000
786635254	-0.0000
752405345	-0.0000
795295446	-0.0000
825642079	-0.0000
391203782	-0.0000
52303841	-0.0000
812191544	-0.0000
796523956	0.2181
817586440	0.5638
814983342	-0.0000
446437140	0.2003
777146886	0.0903
331545586	-0.0000
1565749	-0.0000
3991078	0.3817
739999495	0.3909
21347	-0.0000
685859328	0.3272
103780704	-0.0000
301188181	0.2181
825594828	-0.0000
454832168	-0.0000
117562863	-0.0000
359119735	0.1942
737082617	-0.0000
71814418	-0.0000
792454070	-0.0000
397318976	-0.0000
815243109	-0.0000
21411147	-0.0000
825600773	-0.0000
370269498	0.2390
740935190	-0.0000
825688543	-0.0000
133016719	-0.0000
355654157	0.2003
823176917	-0.0000
108818631	-0.0000
367159230	-0.0000
771628	0.2181
797261091	-0.0000
75580386	0.1769
21789356	-0.0000
753950588	-0.0000
825208145	-0.0000
148874426	-0.0000
32889816	-0.0000
84009989	0.3457
140682112	0.1769
59345724	-0.0000
721757362	-0.0000
465807340	-0.0000
475595213	-0.0000
75838023	-0.0000
7156425	-0.0000
812538196	-0.0000
778863398	-0.0000
823851384	0.1575
26998591	0.2181
321349074	-0.0000
472244557	-0.0000
151062721	-0.0000
8777852	-0.0000
819384824	0.2181
151348795	-0.0000
72371443	-0.0000
97254170	-0.0000
825592638	-0.0000
825577995	-0.0000
49732340	-0.0000
811329757	-0.0000
810079022	0.2118
765684216	-0.0000
816555073	-0.0000
86586187	-0.0000
343854418	-0.0000
77877870	0.2181
67356279	0.2181
825405091	-0.0000
60782604	-0.0000
825554066	0.2506
825427988	0.2003
328786613	-0.0000
805933569	0.2003
730089265	-0.0000
13870061	-0.0000
761277849	-0.0000
95598568	-0.0000
155672302	-0.0000
825571590	-0.0000
462639396	0.0810
762158762	-0.0000
817574548	0.1098
343207956	0.1769
142626441	-0.0000
333314959	0.2181
763396386	-0.0000
762624434	0.2118
739408039	0.3272
818227876	-0.0000
92950607	0.2181
799554014	-0.0000
823821747	0.2181
81444871	-0.0000
71909595	0.2181
377099034	-0.0000
446180267	-0.0000
760705213	-0.0000
1595904	0.1290
413368101	-0.0000
77640571	-0.0000
143856981	-0.0000
89588862	-0.0000
44045624	-0.0000
824404107	-0.0000
4340264	0.0675
11836746	-0.0000
738603491	-0.0000
809610274	0.2003
84234112	-0.0000
342801443	0.4362
95699905	0.3457
499013346	0.1769
79503134	-0.0000
797545436	-0.0000
430987081	-0.0000
747172455	0.3811
46175062	-0.0000
756211189	-0.0000
825745944	0.2181
751935962	-0.0000
332041076	-0.0000
407099950	0.1253
802089302	-0.0000
152050259	0.3272
493251977	-0.0000
899498	0.1667
11029940	-0.0000
752656668	-0.0000
31133129	0.0602
119644462	-0.0000
747665449	0.1769
724644990	-0.0000
825659568	-0.0000
821116118	-0.0000
326732197	0.3457
19051487	-0.0000
824908798	-0.0000
492222397	-0.0000
131247177	-0.0000
808916620	-0.0000
12421345	-0.0000
777197603	-0.0000
762105487	-0.0000
804605660	-0.0000
19829125	-0.0000
427301084	0.5064
790960387	-0.0000
797546155	-0.0000
772086828	-0.0000
719917788	0.2312
88651495	-0.0000
67061774	0.1769
820725242	-0.0000
789810551	-0.0000
79483627	-0.0000
301014397	-0.0000
803564015	-0.0000
758755681	-0.0000
54880788	-0.0000
351803337	0.4192
498328616	-0.0000
101809896	-0.0000
802746891	0.1575
771989747	-0.0000
492222385	0.1769
492222384	0.3319
15337284	-0.0000
738936763	-0.0000
784787458	-0.0000
825564397	-0.0000
454955948	-0.0000
454955940	-0.0000
825416039	0.2181
460685498	0.2003
323609263	0.3457
38895054	-0.0000
822548888	-0.0000
504790318	-0.0000
15109447	0.2315
426902411	-0.0000
330246389	0.2181
324110761	-0.0000
809244775	-0.0000
152936342	0.3457
796877119	0.3272
365729364	-0.0000
820882509	-0.0000
813471226	-0.0000
748666024	-0.0000
797548326	-0.0000
823674504	-0.0000
723651331	-0.0000
763487505	-0.0000
812842954	-0.0000
155138304	0.0810
362095736	0.2281
795295405	0.2181
62605539	0.2181
822092802	0.2003
816742460	0.1329
423326030	0.2181
825745365	0.3007
2829421	-0.0000
750886803	-0.0000
23501308	0.2990
8855060	0.2181
4748678	-0.0000
128816476	-0.0000
343769234	-0.0000
399925489	0.2181
713778692	-0.0000
825602874	0.2003
412550525	-0.0000
94547972	-0.0000
333459641	-0.0000
747774151	-0.0000
764275967	-0.0000
353320708	-0.0000
775433430	-0.0000
763323491	0.2181
780109401	0.2181
22339784	-0.0000
803243164	-0.0000
808455569	0.2181
118087726	-0.0000
153473203	0.2118
404072754	-0.0000
492380426	-0.0000
825617239	-0.0000
83626072	-0.0000
12421369	-0.0000
331677517	-0.0000
21423089	-0.0000
433576713	-0.0000
137591474	-0.0000
108448607	0.2181
98198990	-0.0000
92665836	0.2003
819422883	-0.0000
14958911	-0.0000
825553653	-0.0000
390613285	-0.0000
825596393	-0.0000
85343164	-0.0000
134368220	-0.0000
823862333	-0.0000
324581649	0.3182
149929468	0.2181
3296728	0.2181
22528581	0.2911
825742924	-0.0000
331171184	0.2149
22407764	-0.0000
68800534	-0.0000
62583473	-0.0000
474385100	0.1769
433636355	-0.0000
355994688	-0.0000
7126969	0.1769
684991268	-0.0000
825599443	-0.0000
823679755	-0.0000
825550225	-0.0000
492258434	-0.0000
490250026	-0.0000
51666060	-0.0000
20832889	-0.0000
92825198	-0.0000
412035579	-0.0000
825612557	-0.0000
823883861	0.3272
790980904	0.1888
492414416	-0.0000
768902292	0.2181
419875476	0.1769
478231928	-0.0000
42836470	0.2181
463276489	-0.0000
719568481	-0.0000
118737106	0.2523
129000540	0.2003
823049205	0.3272
329149399	-0.0000
760367787	0.2003
428134892	-0.0000
822025898	0.2181
69198166	-0.0000
488424570	-0.0000
34844202	-0.0000
819335515	-0.0000
109670330	-0.0000
485079819	-0.0000
24619283	-0.0000
736539399	0.2181
791438034	-0.0000
752474930	-0.0000
734837541	-0.0000
412519030	0.2003
328270309	0.4237
408780457	-0.0000
62296887	-0.0000
810782369	0.2003
723268006	0.3457
824718561	-0.0000
475013736	0.1575
62589523	-0.0000
751697476	0.3378
685358773	-0.0000
132193947	0.2181
815319032	-0.0000
765317412	-0.0000
86577589	-0.0000
389483455	-0.0000
133738772	0.3457
328371026	0.1769
68692177	-0.0000
131591538	0.2181
817551912	-0.0000
799137112	-0.0000
491938327	-0.0000
67774949	-0.0000
47293074	-0.0000
820222533	0.2181
11307764	-0.0000
390508215	0.2181
133403245	-0.0000
728396684	-0.0000
114593943	0.0736
825531769	0.1769
748071609	-0.0000
450971165	-0.0000
25589462	-0.0000
321787279	-0.0000
383727674	-0.0000
782234024	-0.0000
777622909	-0.0000
823571601	-0.0000
374308943	0.4192
349673067	0.2181
152599260	0.2181
150274726	0.2181
809488437	-0.0000
109914268	-0.0000
815148214	-0.0000
438032399	-0.0000
153033726	-0.0000
139471607	-0.0000
825386407	0.1575
815035924	0.2181
825615414	0.2181
819983088	-0.0000
64050823	-0.0000
117566797	0.1236
80983625	0.2181
822075657	-0.0000
58379597	0.2181
435166774	-0.0000
417707693	-0.0000
110665064	0.1575
454039059	0.2003
128707088	-0.0000
454440934	0.2181
141528168	0.2003
123253802	0.0810
729386957	-0.0000
36758550	0.0330
149630538	-0.0000
818078212	-0.0000
147344916	-0.0000
80000652	-0.0000
9027378	-0.0000
790164478	0.2003
825550248	-0.0000
812359290	-0.0000
360983987	-0.0000
736755739	0.2181
93990494	-0.0000
398792849	0.1769
772623011	-0.0000
818937582	0.1769
822040653	-0.0000
711277215	-0.0000
711593085	0.2181
794819087	-0.0000
26913183	-0.0000
792161195	0.2003
823724618	0.4671
73470503	0.3252
90865453	-0.0000
769581741	-0.0000
3497520	-0.0000
18016588	-0.0000
483124318	0.2181
145164206	-0.0000
770178481	-0.0000
825139151	-0.0000
68700444	-0.0000
364282917	-0.0000
38574196	0.2181
64069862	0.2003
487624146	-0.0000
348055939	-0.0000
130659326	0.1769
825549193	0.2181
359732512	0.2181
10796073	0.2003
71286671	-0.0000
459193107	0.1769
133647467	0.2181
379419395	-0.0000
107457721	-0.0000
98439656	0.2833
825215995	0.2181
462530615	-0.0000
377372200	-0.0000
823711813	0.2181
89874378	0.1418
131886883	0.3383
825727952	-0.0000
795554417	0.2003
104137761	0.2181
825536648	0.2181
325821407	0.2003
750458122	-0.0000
822468608	-0.0000
351046675	-0.0000
350060926	0.3182
818748079	-0.0000
10566667	0.2181
809089935	-0.0000
411826474	0.2181
796275495	-0.0000
84891166	-0.0000
445403722	-0.0000
348960551	-0.0000
154886013	-0.0000
755136724	-0.0000
797543091	-0.0000
147761148	0.3319
747779510	0.1098
803697627	-0.0000
364155965	0.2003
824953141	-0.0000
353493796	-0.0000
3097050	0.2181
140344179	-0.0000
825467025	-0.0000
142187701	0.2181
326011456	0.1769
777119611	-0.0000
428116822	-0.0000
341075093	-0.0000
825583010	0.2003
390978906	0.2181
354158667	0.2118
798984734	0.1575
805649704	-0.0000
825629646	-0.0000
812172826	0.1575
801030751	0.1769
779203628	-0.0000
13164763	-0.0000
148664613	-0.0000
326483385	-0.0000
11219651	0.2003
821505826	0.1769
36723288	-0.0000
450170488	0.2181
33274265	0.2181
825663343	-0.0000
712053004	0.2003
433629385	0.1575
820033791	-0.0000
776701098	-0.0000
824676899	-0.0000
322920428	-0.0000
399950163	-0.0000
825539063	-0.0000
10739028	-0.0000
53071070	-0.0000
481716384	-0.0000
825509299	-0.0000
416721905	-0.0000
821099649	-0.0000
126489290	-0.0000
84008179	-0.0000
142262418	0.3909
18169764	-0.0000
80365098	-0.0000
17400107	-0.0000
443013	0.2181
10635718	-0.0000
427853111	-0.0000
825654642	-0.0000
43643515	0.1769
103602283	-0.0000
87726096	-0.0000
823364802	0.2181
420332867	0.2181
825134605	-0.0000
365012494	-0.0000
531149876	-0.0000
417920718	-0.0000
794821325	0.2181
809679592	0.1575
43330827	-0.0000
8593469	0.2270
823943485	0.5404
408577375	-0.0000
825401013	-0.0000
820445453	-0.0000
4481639	0.0990
767500552	-0.0000
803684849	-0.0000
327080857	-0.0000
5420245	-0.0000
95040913	-0.0000
762557412	-0.0000
796735664	-0.0000
360907651	-0.0000
92650305	0.2003
139613211	-0.0000
397250984	-0.0000
824801138	-0.0000
351101274	0.2003
51484111	0.2181
789085894	0.2181
334425990	-0.0000
22903016	-0.0000
39469172	0.2118
151398953	-0.0000
9494939	-0.0000
23923580	0.2003
788039682	0.2181
81124795	-0.0000
53813239	-0.0000
87469311	0.2181
455082813	-0.0000
684223472	-0.0000
789163317	-0.0000
819188213	0.2003
669984956	-0.0000
825710828	-0.0000
43900756	-0.0000
791539826	0.2181
781897057	-0.0000
126607249	0.0704
630048480	-0.0000
302130089	-0.0000
777412409	-0.0000
67767698	-0.0000
328720340	-0.0000
324476412	-0.0000
767258334	0.3196
82772529	-0.0000
53199544	-0.0000
12213199	-0.0000
730510647	-0.0000
340491316	0.2181
399256000	-0.0000
93129229	-0.0000
492222439	-0.0000
711217204	-0.0000
81368162	-0.0000
5236574	0.2181
683756538	-0.0000
67826827	0.2181
301001742	-0.0000
814728923	-0.0000
375937994	-0.0000
65633055	-0.0000
140104335	0.2181
492210617	-0.0000
9812803	-0.0000
110790533	0.2181
816949805	-0.0000
763005840	-0.0000
488679475	-0.0000
365824493	-0.0000
819035980	-0.0000
795295597	-0.0000
795295590	-0.0000
795295598	-0.0000
797537049	-0.0000
87722086	-0.0000
825590628	0.1769
373760079	-0.0000
362433089	-0.0000
425871180	-0.0000
813771532	0.2181
682112912	-0.0000
820462373	-0.0000
88007877	0.2181
101240902	-0.0000
155104301	0.2181
12507672	0.1290
145672505	-0.0000
88437699	0.1418
825315258	-0.0000
824897882	0.2003
107269436	-0.0000
825682168	0.2181
141561904	-0.0000
94259710	0.3457
825550899	-0.0000
350014253	-0.0000
431340049	0.2003
825539499	-0.0000
463085851	0.1883
769545067	-0.0000
89592189	-0.0000
790707650	-0.0000
715614983	0.2181
813928524	-0.0000
300890764	0.3457
156927964	-0.0000
53021336	-0.0000
455003169	-0.0000
718670013	-0.0000
325973	-0.0000
374500747	0.2181
55993335	0.3557
709598738	-0.0000
60967840	-0.0000
739860630	-0.0000
791106174	-0.0000
81282606	0.2181
378443965	-0.0000
1980201	0.2003
791163118	0.2003
94087547	0.2051
825474874	0.2181
825575556	-0.0000
75456315	-0.0000
333384630	0.2181
15337158	-0.0000
101863235	0.2003
32083094	-0.0000
818243833	-0.0000
492224929	-0.0000
753959422	-0.0000
135339274	0.1458
791594515	0.2181
95332304	0.2181
9238243	0.2181
369302421	-0.0000
65679976	0.2003
61003145	-0.0000
795832734	-0.0000
711894130	0.3272
747156663	0.0959
825752438	-0.0000
359106502	0.3457
326364985	0.1290
739152952	-0.0000
52860498	0.1575
473085196	0.1575
73936259	-0.0000
816213401	0.2181
770154934	-0.0000
59474570	0.2181
139700238	0.2003
12897821	0.2181
156968546	0.2730
813928642	-0.0000
348472437	0.2181
341223969	0.2118
320604843	0.2181
12103604	0.1098
455082442	-0.0000
455973429	0.2003
825607379	-0.0000
127323710	-0.0000
824914210	0.2181
364666633	0.0602
825598015	0.4018
30299098	-0.0000
148860210	0.3272
335874087	-0.0000
704110551	-0.0000
736993383	-0.0000
130829319	0.2118
335389703	0.2181
825583626	-0.0000
23372161	0.2181
819413028	0.1769
16953130	-0.0000
16318712	-0.0000
79801271	-0.0000
335163727	-0.0000
95230752	0.2181
84678818	-0.0000
12564585	-0.0000
818245668	0.2181
78677325	-0.0000
433506165	0.2181
797542926	-0.0000
134521951	-0.0000
433629233	0.3272
816053634	-0.0000
813114513	0.1769
11409574	-0.0000
74890559	-0.0000
2608509	0.0554
684017661	0.2003
727201978	0.2181
133557936	0.2181
825571324	-0.0000
481233762	0.2181
734920426	0.2181
789027203	-0.0000
5769763	-0.0000
794822110	0.2181
335420676	-0.0000
426186382	-0.0000
379454627	-0.0000
819597524	0.2003
359098214	0.3182
37236056	-0.0000
155361488	0.1769
398349289	0.2181
374090884	0.2003
809841835	-0.0000
90217978	-0.0000
26405025	-0.0000
792738335	-0.0000
488211673	-0.0000
492224946	0.2181
782794439	0.2181
320917839	-0.0000
720307760	0.2181
121631529	-0.0000
823144597	0.2181
369975699	-0.0000
815956074	-0.0000
809677988	-0.0000
787837499	0.2181
798012734	0.3272
774094141	-0.0000
772949744	-0.0000
776985108	0.2181
22848098	0.2181
6037656	0.2181
492258267	-0.0000
72214386	0.0313
825769933	-0.0000
340936948	-0.0000
825264343	-0.0000
438945531	-0.0000
98225168	-0.0000
82086644	0.1769
624610029	0.2181
348494954	0.2181
131169660	-0.0000
760770066	0.2181
413328984	-0.0000
819981674	-0.0000
54366935	-0.0000
731194774	-0.0000
