723607507	-0.0000
782309409	0.2181
98418472	0.2003
152617676	0.2181
35461535	-0.0000
432359639	0.1769
147645927	0.2181
417355467	0.2003
450974778	-0.0000
30056480	-0.0000
41667785	-0.0000
800742680	-0.0000
24302707	-0.0000
30158004	-0.0000
807486149	-0.0000
820233552	-0.0000
433629465	-0.0000
44688082	-0.0000
90043697	-0.0000
354049254	0.2181
816230925	-0.0000
16440345	0.2181
74634215	-0.0000
725637225	-0.0000
751697208	0.0853
402880872	0.2181
805674231	-0.0000
29006162	-0.0000
825353690	-0.0000
333439749	-0.0000
128098233	0.1769
54666123	-0.0000
52037107	-0.0000
33251244	-0.0000
699174912	-0.0000
434197423	-0.0000
818340106	-0.0000
737489780	-0.0000
24503553	-0.0000
798433387	0.4011
771157230	-0.0000
720998367	0.2181
821249685	-0.0000
60607109	-0.0000
74116460	-0.0000
385655487	-0.0000
490776459	0.5000
791772081	-0.0000
779771510	0.2181
95753633	-0.0000
817124953	-0.0000
684178917	-0.0000
750515545	-0.0000
717982905	-0.0000
96672082	0.2487
61362655	-0.0000
23394343	-0.0000
801400084	-0.0000
799245713	-0.0000
639470868	-0.0000
374308943	0.1575
824900532	0.3160
97038392	-0.0000
64353295	-0.0000
53088705	0.2003
825360649	0.2181
156926853	-0.0000
77536634	-0.0000
824226836	0.2181
819990931	0.2181
476222115	0.1769
815919480	0.2181
360042660	0.2181
454986491	-0.0000
359647705	-0.0000
81770389	-0.0000
10814574	-0.0000
132549080	0.2181
41358212	0.2181
332414929	-0.0000
729762284	-0.0000
27016220	-0.0000
796700076	-0.0000
823249490	-0.0000
824714842	-0.0000
484430939	-0.0000
69236927	-0.0000
822013652	-0.0000
741467937	-0.0000
797598680	-0.0000
18439895	-0.0000
25410380	0.2181
53310015	-0.0000
825142413	-0.0000
374317851	-0.0000
345289988	-0.0000
401200717	0.2181
725661143	-0.0000
813567908	-0.0000
797854416	-0.0000
802410781	-0.0000
824932874	-0.0000
93800657	-0.0000
324809395	-0.0000
802786533	-0.0000
411247788	0.2181
756270698	-0.0000
132796280	-0.0000
2192669	-0.0000
87607463	0.0771
16839322	0.3457
111065303	-0.0000
823785962	-0.0000
363218581	-0.0000
794818301	0.3457
109856650	-0.0000
115626908	-0.0000
82464678	-0.0000
799302106	-0.0000
23008186	-0.0000
824001581	0.2730
740941845	-0.0000
95088874	-0.0000
429568846	-0.0000
817586012	-0.0000
61003145	-0.0000
82432679	0.0410
326622239	-0.0000
13307642	-0.0000
797857872	-0.0000
141806363	0.2181
765622376	0.3434
4150876	0.1769
331622148	-0.0000
361549876	-0.0000
825208830	-0.0000
785810215	0.1769
756979190	0.2003
17473503	-0.0000
10395291	-0.0000
775252328	-0.0000
7126985	0.1418
22452043	0.1418
2904167	-0.0000
53650327	-0.0000
824093883	-0.0000
340633299	-0.0000
60131375	0.2181
416099358	0.2003
815528591	0.1290
795237851	0.2003
810885903	-0.0000
747811109	-0.0000
786365417	0.1769
86689533	0.2003
9946293	-0.0000
10748453	0.3272
429135474	-0.0000
32992724	-0.0000
454986470	-0.0000
327225506	-0.0000
87685748	-0.0000
803536458	-0.0000
787242639	-0.0000
796225880	-0.0000
154956689	0.1769
105586199	-0.0000
748684398	-0.0000
150562704	-0.0000
44753858	-0.0000
792781468	-0.0000
753266707	-0.0000
416099513	0.2003
106496127	-0.0000
818275192	-0.0000
380602429	-0.0000
127016267	0.1098
129821924	0.2003
99877248	-0.0000
820436879	0.1769
6812825	0.1418
34350085	-0.0000
3596062	0.2181
130440199	-0.0000
825338551	-0.0000
785518064	-0.0000
40607954	-0.0000
371670358	-0.0000
361158542	-0.0000
393073105	0.3676
120209615	0.2181
458825621	-0.0000
94245096	0.2181
94062989	0.1186
358675033	-0.0000
378454910	-0.0000
378454912	-0.0000
824288876	-0.0000
777172827	0.0903
795519912	-0.0000
790097954	0.1769
685747110	-0.0000
492222350	0.1883
811834303	-0.0000
54682550	0.2003
524107668	0.1418
825337786	-0.0000
141196661	-0.0000
322046370	-0.0000
719238091	-0.0000
109937062	-0.0000
462578348	0.2181
395043118	0.2181
771143963	-0.0000
798232934	-0.0000
825182980	-0.0000
797848143	0.1575
368182892	-0.0000
89527276	0.2181
802361281	-0.0000
723464827	-0.0000
811682258	0.2181
321274464	-0.0000
121706951	-0.0000
42306153	0.2003
148660305	-0.0000
426954796	0.1290
327826514	0.3426
11058979	0.2118
16617787	0.2181
25467243	-0.0000
8605302	-0.0000
60602622	-0.0000
825102556	-0.0000
825047997	-0.0000
36540830	0.2181
772368403	0.3272
152633187	-0.0000
79111232	-0.0000
85164143	0.1883
113205285	0.2003
738693594	-0.0000
809773729	0.1769
98802417	-0.0000
809909007	-0.0000
125670304	-0.0000
45183928	-0.0000
140871859	-0.0000
823191405	-0.0000
365215125	0.1769
406652185	-0.0000
131191943	0.2151
129714507	0.2181
353435865	-0.0000
349323720	0.5064
454986451	-0.0000
302064531	0.1769
329633091	-0.0000
79131769	-0.0000
18062914	-0.0000
771140985	-0.0000
10280168	0.2181
83980375	-0.0000
822301750	-0.0000
102373478	-0.0000
62751184	-0.0000
64934428	0.2118
321594388	-0.0000
36598963	-0.0000
75061228	-0.0000
769721681	0.2181
812978598	0.2181
825325715	-0.0000
144010350	0.2181
60450798	0.2181
435036032	-0.0000
84449591	-0.0000
398483331	0.2003
424419028	0.2181
22425952	-0.0000
455041132	0.1023
63204915	0.2181
824812696	0.1418
805624189	-0.0000
96777052	0.2181
457876662	0.2118
812207551	-0.0000
14307648	-0.0000
825142457	0.2181
27736045	-0.0000
411413876	0.2181
716675215	-0.0000
335271617	-0.0000
759834128	-0.0000
770225991	0.1769
818633409	-0.0000
56884480	0.2730
477395051	-0.0000
825145681	-0.0000
775010016	0.2181
325684309	-0.0000
78354017	0.6288
765154694	0.2003
769325865	0.2181
28027780	-0.0000
800997742	0.1418
454787342	-0.0000
798498745	0.3272
362911712	-0.0000
322565714	0.2181
787661750	0.3272
825138613	-0.0000
772755033	-0.0000
739991825	0.2181
791590209	0.2181
10863725	-0.0000
83907591	-0.0000
433566476	0.2181
472398325	0.2003
8391276	-0.0000
391929360	-0.0000
824426326	0.2181
747172455	0.3477
76491040	-0.0000
765268140	0.2003
62925081	-0.0000
504790318	0.2118
622605502	-0.0000
32724864	0.5039
787030106	-0.0000
797839456	-0.0000
326066625	-0.0000
77650683	-0.0000
787713389	0.2181
712242819	-0.0000
818723661	0.2181
88790998	-0.0000
9529648	0.1769
86573146	-0.0000
454951596	-0.0000
821311262	-0.0000
723958803	-0.0000
96676868	-0.0000
27956300	0.2181
772940269	0.2181
19800882	0.2181
779125082	0.2990
94732635	-0.0000
812287448	-0.0000
65640454	-0.0000
32384368	-0.0000
799664303	-0.0000
749502811	0.2181
797847153	-0.0000
480819966	0.2181
11699829	-0.0000
823850130	-0.0000
78213057	-0.0000
791773369	-0.0000
825152388	0.2181
472450693	-0.0000
797223404	-0.0000
455914126	-0.0000
434336798	-0.0000
365540310	-0.0000
818089448	-0.0000
99757659	0.3457
805186975	-0.0000
353655838	0.2181
431493872	-0.0000
360970141	-0.0000
729543240	0.3457
760717958	-0.0000
819261698	-0.0000
17411263	-0.0000
117004318	-0.0000
128129936	-0.0000
817299791	-0.0000
321910402	-0.0000
490695253	0.2181
822352948	-0.0000
90189241	0.2181
16954921	-0.0000
53521995	-0.0000
747492148	-0.0000
56107383	0.2003
345330613	0.2181
488995753	0.2181
764214365	-0.0000
82785519	0.2003
2025331	0.3272
126737941	0.2181
345940822	0.4362
415508120	-0.0000
77996377	-0.0000
139700238	0.2003
825269890	0.1769
140290557	0.4641
712402980	0.3096
46745307	-0.0000
18010258	-0.0000
12522364	0.1418
449627689	-0.0000
797840515	-0.0000
140941621	0.3457
414070414	0.2181
387426158	-0.0000
818071818	-0.0000
426162729	0.2003
79048963	0.2181
59261724	-0.0000
301487036	-0.0000
139964653	0.2003
725113607	-0.0000
810352293	-0.0000
754044692	-0.0000
653433243	-0.0000
818526837	-0.0000
34259548	-0.0000
61430682	0.2181
822262678	-0.0000
454986414	-0.0000
97174844	-0.0000
786236798	-0.0000
819555413	0.3457
146582706	-0.0000
107318976	-0.0000
663328403	0.2003
13959829	-0.0000
419604960	0.2181
426077937	0.2118
357497608	0.2181
782427292	0.2003
121783355	-0.0000
825337558	0.2003
819650519	-0.0000
454288981	-0.0000
726252989	0.2181
68700444	-0.0000
386542038	-0.0000
351973643	-0.0000
360657912	-0.0000
96494264	0.4192
825160378	-0.0000
460152740	-0.0000
19101232	-0.0000
812231860	0.1535
825249059	-0.0000
824078511	-0.0000
98410481	0.2181
754048585	0.3909
782519776	-0.0000
825164276	-0.0000
805961327	-0.0000
37081055	-0.0000
662408618	-0.0000
420373283	-0.0000
432313813	-0.0000
797654547	-0.0000
378304013	-0.0000
363924978	0.2181
439446116	0.1403
777541070	0.1769
347714293	-0.0000
738619764	0.2181
492078798	-0.0000
731244794	-0.0000
75164386	0.3457
492222336	0.2118
769184166	-0.0000
820537850	-0.0000
439972024	0.2181
748345623	-0.0000
345318059	-0.0000
817857211	-0.0000
820285968	0.2181
425990334	-0.0000
781132098	-0.0000
36434344	0.2181
332603445	-0.0000
46639742	-0.0000
43261116	0.2003
75604912	0.2003
812398639	-0.0000
326526660	-0.0000
795221934	-0.0000
62376592	0.2003
320004753	-0.0000
485759805	-0.0000
36735720	-0.0000
14858059	-0.0000
440260470	-0.0000
86578189	-0.0000
811792405	0.1922
790573393	0.4641
22566719	-0.0000
84023703	0.1290
797851939	-0.0000
815037813	0.2833
737528121	0.2003
455611872	-0.0000
793109790	-0.0000
816357031	0.2181
709703705	-0.0000
823878048	0.2181
108485019	-0.0000
825157413	-0.0000
797861208	-0.0000
384226408	0.2003
469880150	-0.0000
424119992	-0.0000
484430717	-0.0000
29936254	0.2181
824846678	-0.0000
343122238	-0.0000
786674865	0.2003
823660362	-0.0000
761690702	-0.0000
810057194	0.1769
715647830	-0.0000
780887372	-0.0000
429799725	-0.0000
458742038	-0.0000
392319708	0.1769
755062175	-0.0000
818526766	0.3457
385739659	0.3457
780350581	0.2181
378924915	0.2181
824364707	-0.0000
413932575	-0.0000
35077101	0.1769
88089036	0.2181
328975041	-0.0000
484430998	-0.0000
801292611	0.4253
7126620	-0.0000
739266784	-0.0000
825122847	0.2181
143318671	-0.0000
808993843	0.3423
128251000	0.2137
823939961	0.3182
82432882	-0.0000
491552297	-0.0000
379165131	0.2181
8203921	-0.0000
778168356	0.2181
786853872	0.2003
379661473	-0.0000
439446130	0.3520
5051048	-0.0000
825112647	-0.0000
733896145	0.2003
7563380	-0.0000
823818772	0.2181
91032610	0.2181
17349965	-0.0000
5388639	-0.0000
478784668	-0.0000
402672060	0.4827
795602214	0.2181
96054849	-0.0000
797848497	-0.0000
394138227	-0.0000
824890943	-0.0000
121103448	-0.0000
83977072	-0.0000
140342193	-0.0000
824694533	-0.0000
354943619	-0.0000
151972580	0.3457
423242510	-0.0000
817585883	-0.0000
403793726	0.2181
825137071	-0.0000
810336693	-0.0000
710262629	-0.0000
747682216	-0.0000
151835523	-0.0000
17648892	-0.0000
806822258	-0.0000
155138355	-0.0000
90301516	-0.0000
150525159	-0.0000
484430872	-0.0000
763725703	-0.0000
153571719	0.2181
825223657	0.2181
431049477	-0.0000
136121734	-0.0000
794699027	-0.0000
825110085	-0.0000
11032787	0.2181
797860571	-0.0000
747052476	0.1623
747052475	0.2003
747052473	-0.0000
113307900	-0.0000
70438070	0.1575
766093833	-0.0000
77033109	-0.0000
816557658	-0.0000
781702502	0.2181
425590422	0.2181
455041441	-0.0000
342317298	-0.0000
463083242	0.2181
825196726	0.2181
720256505	-0.0000
786652632	-0.0000
61510730	0.2181
53219369	-0.0000
825138763	-0.0000
96053360	-0.0000
824171866	0.3457
421538950	-0.0000
95255110	-0.0000
147761148	0.1290
813917840	-0.0000
780885600	-0.0000
102970904	0.2181
797842457	-0.0000
821237159	0.3319
54668575	0.2181
820556494	-0.0000
758335684	-0.0000
126330525	-0.0000
756326493	0.2181
16197773	-0.0000
45302374	-0.0000
24049464	-0.0000
131372041	-0.0000
825220466	-0.0000
810080120	-0.0000
803029392	0.2181
70463047	0.3457
27535951	0.1769
10794612	0.2181
803627405	-0.0000
808032636	0.2181
141277679	0.2181
126545546	-0.0000
144228984	0.2730
825118164	0.2181
464344919	0.2506
65370392	-0.0000
423501427	0.3457
24753460	0.2181
492308816	-0.0000
387673096	-0.0000
818526956	-0.0000
737195886	-0.0000
825272184	-0.0000
468938310	-0.0000
491171157	-0.0000
341364792	-0.0000
320767146	-0.0000
353993157	0.3457
754931811	-0.0000
817780939	-0.0000
392048054	0.2181
772839655	-0.0000
121617810	-0.0000
797568991	0.2181
7118835	0.1781
301883322	-0.0000
130042870	0.2181
67514915	-0.0000
820131747	-0.0000
823674518	0.2181
13935663	-0.0000
126349620	-0.0000
15417337	0.2181
67026442	-0.0000
806836379	0.2181
151424797	-0.0000
26451259	0.4255
765977161	0.0903
410047829	-0.0000
16559316	0.1418
799742283	0.1769
806882970	-0.0000
825325758	-0.0000
420895447	-0.0000
24082562	0.3373
460070124	0.2003
122408997	0.1418
29511516	0.2003
680119855	-0.0000
78695851	0.2181
824745355	0.2003
105321119	-0.0000
820059757	0.3272
321661677	-0.0000
66744833	-0.0000
70486690	-0.0000
769270772	-0.0000
492056236	-0.0000
492056237	0.1575
819526664	0.2181
157160159	0.3272
429428679	-0.0000
341075093	-0.0000
82625190	0.3457
321254250	-0.0000
785432416	0.2181
38237144	0.2990
732266600	0.2118
33723387	-0.0000
23945461	-0.0000
7127020	0.2064
813258773	-0.0000
345399840	-0.0000
811606734	-0.0000
394882810	-0.0000
54690577	0.2181
774913186	-0.0000
375605716	-0.0000
646249738	0.2181
813756989	-0.0000
349747688	0.2181
825066007	0.2730
683851183	0.1575
351843293	-0.0000
31484089	0.2181
642904712	0.4362
71119277	-0.0000
90108796	-0.0000
776865241	-0.0000
79320293	0.2118
460691991	0.2003
799677783	-0.0000
775051903	0.3457
357085721	0.2003
111636226	0.2181
813538449	0.2181
93686621	-0.0000
769057018	-0.0000
797814308	-0.0000
716222884	-0.0000
24490228	-0.0000
824893398	0.2003
86016473	0.2181
763087083	-0.0000
493905321	-0.0000
85865319	-0.0000
71744728	-0.0000
322996930	-0.0000
794818013	0.1575
48730209	-0.0000
35851039	0.1769
60891642	-0.0000
428975074	-0.0000
805783032	-0.0000
788236645	-0.0000
12748729	-0.0000
808455569	0.2181
818456890	0.2181
342949876	0.3272
29929224	-0.0000
946046	0.2003
89048721	-0.0000
822290629	-0.0000
18521822	-0.0000
360123103	0.2787
805585525	0.2181
750527194	-0.0000
97329754	0.2181
330926128	-0.0000
141749852	0.2003
6755124	0.1769
78328270	0.2181
812413307	0.1418
114044456	-0.0000
766705173	-0.0000
756458232	0.2003
823666701	-0.0000
825091402	-0.0000
813210218	-0.0000
155361572	0.2181
431594987	-0.0000
729379188	-0.0000
324540392	-0.0000
797862685	-0.0000
121126741	-0.0000
82936923	-0.0000
747779510	0.2003
825247624	0.2181
99849111	-0.0000
786340739	-0.0000
97130212	-0.0000
29001154	-0.0000
4614563	0.1023
13521916	0.4735
817835216	-0.0000
779789626	0.2003
771133020	-0.0000
725832066	-0.0000
797857263	-0.0000
451128653	-0.0000
357759579	-0.0000
771677144	0.2023
320101743	-0.0000
302119214	0.3457
638299861	-0.0000
151884895	0.2181
365143656	0.2181
12452288	-0.0000
13886092	-0.0000
825325284	-0.0000
349109156	-0.0000
156386434	0.2181
779174075	-0.0000
825280350	0.2181
350030966	-0.0000
761073068	-0.0000
791378071	0.2181
789388386	-0.0000
438455341	-0.0000
825273893	-0.0000
301783931	-0.0000
25608490	-0.0000
750611967	0.1769
110449240	0.2181
82178268	-0.0000
408551	0.3817
766450653	-0.0000
155554759	-0.0000
52508596	0.2181
14132971	-0.0000
54325166	-0.0000
87042255	0.1575
83264851	0.2181
817585868	0.1575
6909008	0.2181
825137012	-0.0000
148458266	0.3272
818722781	-0.0000
751075797	-0.0000
35255946	-0.0000
131176637	0.2181
475652927	-0.0000
27114116	-0.0000
765888778	-0.0000
27223260	-0.0000
464867752	0.2181
323568987	0.2181
685081162	-0.0000
300084157	-0.0000
23242605	-0.0000
760756061	-0.0000
456415648	-0.0000
430872279	-0.0000
51870801	-0.0000
24645394	0.2003
825170370	-0.0000
132453257	0.2181
137102178	-0.0000
90581834	-0.0000
380900122	0.1098
90746355	-0.0000
825189775	0.0959
806157923	-0.0000
818013031	-0.0000
54106722	0.3630
431705868	0.2181
436795323	-0.0000
2856966	-0.0000
135349590	0.2003
813530695	-0.0000
36918715	-0.0000
750213741	0.2181
121447081	-0.0000
418480394	-0.0000
824989412	-0.0000
369810900	-0.0000
13293795	-0.0000
825145998	-0.0000
817011479	0.2181
154998472	-0.0000
25581122	0.2181
817312025	0.2003
154735199	0.3260
134778976	-0.0000
812398229	-0.0000
824184314	0.1098
798600169	0.2003
64746655	-0.0000
352653177	-0.0000
767921212	-0.0000
343790312	-0.0000
783952443	-0.0000
788556721	-0.0000
824948027	-0.0000
83650933	0.2181
65589210	-0.0000
783612204	-0.0000
42370341	0.2181
370269498	0.1575
825114023	-0.0000
419564523	0.3182
493138506	-0.0000
771146916	0.2181
455985137	-0.0000
331720973	-0.0000
402802822	-0.0000
741336124	0.2776
95320770	0.3891
403828953	-0.0000
774747768	-0.0000
821473610	-0.0000
772323615	-0.0000
823889734	0.1575
441237125	-0.0000
818527045	-0.0000
58554084	-0.0000
19918146	0.3272
379327880	-0.0000
60022126	0.3155
365313467	0.2181
93899754	0.3904
761390976	0.3391
824092793	0.1186
821531036	-0.0000
24725518	0.2181
824956074	-0.0000
321974876	-0.0000
818001609	-0.0000
791151740	-0.0000
820464511	-0.0000
825225476	-0.0000
777875693	-0.0000
430882395	0.2003
144742224	-0.0000
783253579	0.2181
820969428	-0.0000
708605647	0.2990
139081834	0.1418
769580131	0.2181
791775358	-0.0000
749716106	-0.0000
685853371	-0.0000
17877377	-0.0000
148864548	0.2003
824809372	-0.0000
132997651	0.2003
90154041	-0.0000
767326270	0.2003
818037640	-0.0000
84579184	0.1769
406314752	0.2181
823276981	0.5037
37122745	-0.0000
300456993	-0.0000
71781333	0.1575
762139478	0.2181
110758870	0.2181
383515231	-0.0000
677491422	-0.0000
409190780	-0.0000
485234756	-0.0000
719581281	-0.0000
80890632	-0.0000
357336112	-0.0000
3848917	-0.0000
91220188	-0.0000
825164407	-0.0000
97204298	0.3272
156549970	0.1635
817784696	-0.0000
801609849	-0.0000
51806269	0.2181
824425782	-0.0000
155091021	-0.0000
797838895	-0.0000
111725613	-0.0000
471629375	-0.0000
328568038	-0.0000
80570789	-0.0000
805875991	0.2181
492056290	-0.0000
824723602	-0.0000
478367297	-0.0000
430967090	0.1186
370523789	0.5453
2040806	0.2181
334042625	0.1769
25418766	-0.0000
5135598	-0.0000
824071339	-0.0000
47971154	-0.0000
817639630	0.1290
758742687	-0.0000
30769932	0.0771
138543504	0.1769
729729010	0.2181
146534389	0.2181
754674186	-0.0000
381885188	-0.0000
432011297	0.0498
141250190	-0.0000
794996022	0.1418
368936178	-0.0000
361159	0.2181
9472345	-0.0000
732634448	-0.0000
25388378	-0.0000
76570286	-0.0000
822057374	0.2181
426829658	-0.0000
129960264	0.1575
715497810	-0.0000
803313144	-0.0000
785320097	-0.0000
23355786	0.2181
795835215	0.2181
126606582	0.3817
791777047	-0.0000
365793989	0.2181
438176355	-0.0000
85593414	0.2181
485516390	-0.0000
142938025	0.4277
802706873	0.3272
404482560	-0.0000
330120168	-0.0000
721754144	-0.0000
802367157	-0.0000
797765175	-0.0000
815029865	-0.0000
797840293	-0.0000
816498466	0.2003
152191068	-0.0000
778861983	-0.0000
760168268	0.2787
95890319	-0.0000
131134408	-0.0000
711279167	-0.0000
440177684	0.2003
119955205	-0.0000
405738995	0.2181
64742202	0.2181
346062282	-0.0000
361392055	-0.0000
791784092	-0.0000
88519777	-0.0000
356133436	0.2003
78575360	-0.0000
431968266	0.2181
86279582	-0.0000
9027378	-0.0000
761601382	-0.0000
825271283	-0.0000
50559905	0.2181
448519073	-0.0000
76465448	-0.0000
819777544	0.2181
819607202	-0.0000
138286138	0.2181
825352010	-0.0000
767500552	-0.0000
24148648	0.3457
333521257	-0.0000
408403875	-0.0000
143472509	-0.0000
774818606	-0.0000
328291800	0.6500
396245291	-0.0000
3257295	0.2003
30480636	-0.0000
342685194	0.2181
691352574	0.2181
471629448	-0.0000
26072369	0.1769
771003263	-0.0000
32167339	0.4490
780537062	-0.0000
365541464	-0.0000
137229077	-0.0000
825288109	-0.0000
219724	-0.0000
74710963	0.2181
454955107	-0.0000
825242960	-0.0000
81281594	0.2181
90347634	0.2181
11469362	-0.0000
824913335	-0.0000
752535987	0.2151
825273604	-0.0000
479038508	-0.0000
825099011	0.2003
57312214	-0.0000
2213621	0.3272
393771774	-0.0000
342712963	-0.0000
760262726	0.1290
149608855	-0.0000
803142465	0.2181
156541423	0.3272
362460582	-0.0000
825100882	0.2181
2218745	0.2181
815293842	0.2003
148521880	-0.0000
368465610	0.2181
825110548	-0.0000
797837798	-0.0000
823819243	0.1769
105816683	-0.0000
301380607	0.2181
119731018	0.3457
377431683	-0.0000
821362463	-0.0000
797851427	-0.0000
147358023	-0.0000
672509349	-0.0000
466506098	-0.0000
823411555	0.1769
789471445	-0.0000
814757910	-0.0000
766160202	0.2990
36861993	-0.0000
812848433	0.4184
825224342	0.2181
62042084	-0.0000
14234629	0.2181
73889402	-0.0000
357397218	0.2181
458868517	-0.0000
824854267	0.4192
821701673	0.3817
773923702	0.5421
434317802	-0.0000
812615259	-0.0000
485516074	-0.0000
349892433	0.2181
480146681	-0.0000
825266647	-0.0000
154821075	-0.0000
805706349	-0.0000
484431076	-0.0000
825200057	-0.0000
816092077	-0.0000
460704528	0.2181
755705502	0.3272
770517127	-0.0000
96876432	-0.0000
797869250	-0.0000
823900218	-0.0000
736842449	-0.0000
325956093	-0.0000
12268797	-0.0000
131808334	-0.0000
118279666	-0.0000
39068807	0.2181
137952497	0.4907
820572324	-0.0000
366743583	-0.0000
9664071	0.2181
718682903	0.1575
11985473	0.2181
820055046	0.1922
79059684	-0.0000
821076576	0.1575
797836187	-0.0000
797838126	-0.0000
87827701	0.2003
788039682	0.2181
825141314	0.2181
458159934	0.2181
811377572	-0.0000
97390990	0.2181
108187151	-0.0000
59583400	-0.0000
84905100	-0.0000
824810772	0.3950
147764134	-0.0000
799045200	0.2181
823840529	-0.0000
7126396	0.1506
433906026	-0.0000
806137857	-0.0000
813580043	-0.0000
21882690	-0.0000
712923818	-0.0000
93349593	0.2181
7598317	0.2990
9727001	0.1118
825110389	-0.0000
809800375	-0.0000
7125138	0.1769
787123971	-0.0000
148076668	0.1575
817586206	0.1418
4181075	-0.0000
825329413	0.2003
22537550	0.0472
97939875	-0.0000
813452935	-0.0000
63912034	-0.0000
825205342	-0.0000
354002821	0.2003
787581475	-0.0000
797649151	-0.0000
86742582	-0.0000
147186378	-0.0000
822047629	-0.0000
806288566	-0.0000
24077442	0.2003
459291511	0.2990
461441074	0.2181
141854061	0.1418
91120429	0.2181
369151511	0.3630
822075657	-0.0000
825201556	-0.0000
809564258	0.2181
139259553	-0.0000
492374362	-0.0000
492374360	-0.0000
27620834	0.2003
81936755	-0.0000
333006315	0.2003
734693268	-0.0000
824928327	0.2162
328970974	0.2826
399211105	0.1769
136787919	0.2181
344830119	-0.0000
816496574	0.1575
112209201	0.2181
824674148	0.2181
740329076	-0.0000
680332110	-0.0000
771156565	-0.0000
140855109	-0.0000
825147904	-0.0000
473092340	0.2181
78715856	0.2003
9509852	-0.0000
773077575	0.2181
721168882	-0.0000
816777062	0.2181
813243856	-0.0000
17556743	0.1575
138846849	-0.0000
135840112	0.2181
436407017	-0.0000
342685154	-0.0000
821638106	-0.0000
484512210	0.2181
465611243	-0.0000
656859921	-0.0000
17704417	-0.0000
324374857	0.1575
390986975	-0.0000
17650751	0.2181
493905403	0.3909
95027152	-0.0000
331866692	0.1769
814958341	-0.0000
822578446	0.1769
151698780	-0.0000
813427419	-0.0000
448385175	-0.0000
122215222	-0.0000
394640298	0.1290
825031854	-0.0000
419301594	0.1575
100819560	-0.0000
89899458	0.2181
394790737	0.2181
805606638	-0.0000
121956408	-0.0000
825212816	0.2181
823611604	-0.0000
797852351	-0.0000
106237152	-0.0000
136306035	-0.0000
712580803	-0.0000
354959288	-0.0000
768505029	0.2003
73450293	-0.0000
790049965	-0.0000
811104179	0.2133
156982901	0.2181
817586224	-0.0000
817586222	0.1575
412455391	-0.0000
17217278	0.1883
408079447	-0.0000
300905560	0.1492
825315438	-0.0000
794818103	-0.0000
820696981	-0.0000
729100361	0.1526
41463071	-0.0000
753483629	0.3272
455068309	-0.0000
779357487	0.2003
819386198	-0.0000
780548740	0.2118
344899224	0.1418
29864613	-0.0000
103119798	0.2181
817437086	0.2181
63793166	-0.0000
390684102	-0.0000
820037966	0.3457
716199554	-0.0000
454986482	-0.0000
455188303	-0.0000
329034070	0.2181
455019003	0.2181
87599446	-0.0000
326588510	0.1667
818745653	-0.0000
801280924	-0.0000
688629812	-0.0000
328555928	-0.0000
822724277	-0.0000
797851677	-0.0000
344924690	0.2181
458629159	0.2003
332897391	-0.0000
766692026	-0.0000
66292565	-0.0000
10657545	-0.0000
476371961	0.2181
43292910	-0.0000
797651079	-0.0000
2008909	0.2003
94353774	0.3954
818055840	-0.0000
379558968	-0.0000
25632837	-0.0000
363914269	-0.0000
721160759	-0.0000
825099627	0.2181
333292707	0.1769
440114130	-0.0000
42747593	0.2181
775051807	0.2697
438694503	-0.0000
342685134	0.2003
342685137	0.2506
342685131	-0.0000
332872049	-0.0000
2278789	0.3457
389412147	-0.0000
5516685	0.2181
824419274	0.1769
809453270	-0.0000
736626435	0.2730
762010932	0.1975
12782165	0.2003
130600042	-0.0000
153978761	-0.0000
750569227	-0.0000
23443616	-0.0000
157078108	-0.0000
775287420	0.2181
2596954	0.2181
335484160	0.2266
86831844	0.2003
13991661	-0.0000
800549884	-0.0000
817585946	0.1769
321772395	-0.0000
364946497	0.2181
371859989	-0.0000
94379151	-0.0000
141124727	0.1575
132397062	0.2003
817046149	-0.0000
824194344	-0.0000
72110997	-0.0000
809684101	-0.0000
824395732	-0.0000
141299494	0.1769
7126578	-0.0000
106112282	-0.0000
3783808	-0.0000
799611670	-0.0000
825009393	-0.0000
814794023	-0.0000
42742485	0.2181
769582285	0.2181
112100937	-0.0000
790802528	0.2003
87139470	-0.0000
147755639	-0.0000
20437718	0.2833
35380124	0.2181
812364180	-0.0000
125838986	0.2181
824397264	-0.0000
797836719	-0.0000
38512293	-0.0000
85407500	-0.0000
147165022	-0.0000
145937954	-0.0000
22272930	-0.0000
475796749	-0.0000
823359463	-0.0000
2704946	0.2181
85095986	0.2181
1475784	-0.0000
64781208	-0.0000
363109329	0.2181
135694973	-0.0000
432369223	0.2181
119496672	-0.0000
472401221	-0.0000
454986461	-0.0000
797669455	-0.0000
782568497	0.2181
28603498	-0.0000
88290140	-0.0000
328776111	0.0853
88477347	0.2181
85531180	-0.0000
820286511	0.2003
819366410	-0.0000
140138212	-0.0000
328435192	-0.0000
823722267	-0.0000
156818722	-0.0000
823531287	-0.0000
825120471	0.2181
825282699	-0.0000
103171696	-0.0000
776733830	-0.0000
746470551	-0.0000
63723569	-0.0000
125691936	-0.0000
361761319	-0.0000
819464131	-0.0000
23856082	-0.0000
372679582	0.2181
816957647	0.2003
437212891	-0.0000
756098866	-0.0000
785943352	-0.0000
824737065	0.1575
823775947	0.1769
764288454	-0.0000
11396848	0.2181
407865244	0.2181
152353952	0.4184
821527918	-0.0000
788645893	0.2003
492222341	0.2003
492222345	0.2003
492222346	0.2181
357492243	0.2003
464026603	0.2181
762096589	-0.0000
23675835	0.2181
409002850	-0.0000
102773046	0.2003
431765237	-0.0000
88900820	0.5453
760650883	-0.0000
47162561	0.2181
378348148	-0.0000
727310903	0.2181
922901	-0.0000
366421153	0.2181
824714494	0.2181
18344090	-0.0000
818272959	0.2181
795912267	-0.0000
647922656	0.2181
320055677	-0.0000
825102153	0.2003
46329781	0.3093
33300104	-0.0000
797033354	0.2181
734507021	-0.0000
20149096	0.2181
741922035	-0.0000
333875617	-0.0000
825017685	0.2003
431985396	0.3392
779931470	0.2181
824708101	-0.0000
407588038	-0.0000
11330228	-0.0000
410047560	-0.0000
328592004	-0.0000
328733654	0.0903
811753113	-0.0000
146804207	0.2990
139441115	0.2181
825091987	0.2181
29151654	-0.0000
431384872	0.2181
143524823	-0.0000
457498251	-0.0000
45751814	-0.0000
504761013	-0.0000
328928186	-0.0000
391491023	-0.0000
122472019	0.3272
325420525	0.2181
797655530	-0.0000
454986447	-0.0000
823938918	0.1290
407099950	0.0545
737059306	-0.0000
356425655	-0.0000
419102020	-0.0000
480819955	-0.0000
327451405	0.2003
797668919	-0.0000
825227754	-0.0000
104405670	-0.0000
78574980	-0.0000
723570860	-0.0000
824557060	-0.0000
98487218	-0.0000
803849376	0.2181
98320443	-0.0000
145254760	0.2181
62720499	-0.0000
789613009	0.2181
825277305	0.2181
115117737	0.2181
823945805	0.2948
8380150	0.2181
74350606	-0.0000
332921376	-0.0000
5018225	0.2959
328730557	-0.0000
66775461	-0.0000
41044574	-0.0000
767779764	-0.0000
374137784	-0.0000
42575260	0.2181
797848376	0.2181
87175174	-0.0000
791180530	-0.0000
391483729	0.2181
433890766	-0.0000
809238180	0.1418
131862546	-0.0000
74497784	-0.0000
801797758	-0.0000
822565036	-0.0000
105643591	-0.0000
484458821	0.2181
747026384	-0.0000
747026383	-0.0000
752899725	0.1098
809720667	-0.0000
26286344	0.2003
134009973	0.5453
142511717	-0.0000
454942795	-0.0000
825199458	-0.0000
751244820	0.2181
783489088	-0.0000
376142391	0.2118
142923433	-0.0000
59257816	-0.0000
716211307	-0.0000
371812798	-0.0000
326136555	0.2003
810846565	-0.0000
357665367	-0.0000
70525837	-0.0000
806859073	-0.0000
793395736	-0.0000
94626465	-0.0000
37778765	-0.0000
480820138	0.2181
111668152	-0.0000
480820137	0.2181
764563547	0.2181
154807188	0.2181
825005853	-0.0000
728975546	-0.0000
29542478	-0.0000
771154122	-0.0000
378451335	-0.0000
342188728	0.4911
818526736	0.3272
818526733	-0.0000
810823747	-0.0000
435318200	0.2003
759454505	-0.0000
818766005	0.1098
421337159	0.2181
360832087	0.4781
34064955	-0.0000
825053724	0.2003
799366083	-0.0000
825214804	-0.0000
17500706	-0.0000
762896789	-0.0000
9397355	-0.0000
825333200	0.3457
447671943	-0.0000
685519094	-0.0000
763396386	-0.0000
722414188	0.2003
321689716	0.2003
809602037	-0.0000
815013425	0.2181
74979526	0.2156
143941877	-0.0000
152646377	-0.0000
764336921	-0.0000
418147562	0.2181
790934692	-0.0000
117047522	0.2003
82622685	-0.0000
440253775	-0.0000
15109447	0.2162
729408638	-0.0000
79551801	-0.0000
328933284	0.1059
824984181	-0.0000
824403525	-0.0000
401402801	0.3272
3353955	-0.0000
801127300	-0.0000
93129229	-0.0000
821555746	0.2181
813906032	-0.0000
825142939	0.3319
818295533	0.1727
337975093	-0.0000
330470752	-0.0000
797849042	-0.0000
808672245	0.3457
818155749	0.2181
48202275	0.1418
417138521	0.1021
768416847	-0.0000
447671933	-0.0000
757354217	0.2181
765174085	0.2181
324364383	-0.0000
146639512	-0.0000
454165028	-0.0000
82948749	0.2181
659916910	-0.0000
766505416	0.2613
108800689	-0.0000
797667972	-0.0000
397826996	-0.0000
13806634	0.1769
487447189	0.1418
825212893	-0.0000
117010539	0.1769
787048256	0.2003
358646846	0.0903
80067771	0.2003
421830259	-0.0000
387947812	-0.0000
47446092	-0.0000
66230365	0.2181
819066746	-0.0000
36730786	-0.0000
722033687	-0.0000
94194510	-0.0000
383417344	0.3457
825019467	0.2003
131244251	0.2181
95127268	-0.0000
32806830	-0.0000
737083169	-0.0000
810040835	-0.0000
376011319	0.2181
821004022	-0.0000
768585111	0.2003
723394000	0.2082
792739246	0.2181
771151393	-0.0000
9369903	0.1186
782931962	-0.0000
332153697	0.1926
91271140	0.2181
819563601	0.2181
445594757	0.0736
110790533	-0.0000
778863671	-0.0000
769200714	-0.0000
784136858	-0.0000
28808619	-0.0000
397289724	-0.0000
430349382	-0.0000
778208691	-0.0000
327559277	-0.0000
36939337	-0.0000
79101369	-0.0000
94259710	-0.0000
456475710	-0.0000
410794101	-0.0000
23439290	0.2181
60785437	0.2181
418311495	-0.0000
794818412	0.4877
803878489	0.3272
425630821	0.1575
370501042	0.2162
825250478	-0.0000
152748903	-0.0000
336749	-0.0000
69965273	-0.0000
771142792	-0.0000
488844661	0.2003
609018035	-0.0000
809732272	0.2181
133127662	0.3457
25357488	0.1395
450410712	-0.0000
101156951	0.2181
37236056	0.1418
366755103	0.3272
824881622	-0.0000
725069248	-0.0000
138611478	0.1575
106460784	0.2181
439446165	0.2063
824255372	0.2003
132462523	0.3864
330490429	0.3024
769410123	-0.0000
371255813	0.2003
804128776	-0.0000
10322986	-0.0000
786052361	-0.0000
351097139	-0.0000
77233079	-0.0000
423778377	0.2181
85636266	0.2003
802415835	-0.0000
375562042	-0.0000
409270774	-0.0000
106786665	0.2003
15500539	-0.0000
332067830	-0.0000
770264183	0.2181
138601323	0.2181
442503148	0.2181
820266333	0.2181
333029691	0.2376
155994038	0.2181
82752568	-0.0000
772405182	-0.0000
6229746	-0.0000
24995934	0.1575
435074237	-0.0000
116895217	-0.0000
807884860	-0.0000
751178145	-0.0000
427422970	0.2003
105514933	-0.0000
820365827	0.2181
7156638	-0.0000
421989243	-0.0000
138152070	-0.0000
816328761	0.2181
45858207	0.2990
357768709	-0.0000
4245326	-0.0000
777284656	0.1290
825037370	-0.0000
823370208	-0.0000
114315423	-0.0000
712612940	-0.0000
93231470	-0.0000
728339843	0.2003
825149183	-0.0000
821990737	0.2181
393800588	-0.0000
62986263	-0.0000
350396692	-0.0000
727885985	0.2181
729171666	0.3319
739860630	-0.0000
429568372	-0.0000
373416399	-0.0000
345465415	-0.0000
797862583	-0.0000
366089651	0.2181
716195210	-0.0000
449456755	0.2181
28497278	-0.0000
413328793	-0.0000
353332481	0.2181
9057688	0.2181
740946990	-0.0000
97127989	-0.0000
789768757	-0.0000
110673928	0.1718
763478529	-0.0000
65457291	-0.0000
154705835	-0.0000
763051574	0.2181
405349720	-0.0000
33081530	0.2181
822651869	-0.0000
151706742	-0.0000
825251628	0.0959
773196417	0.2003
388719382	-0.0000
326065866	-0.0000
806340592	0.1575
809430297	-0.0000
472327281	-0.0000
798998170	-0.0000
89608766	-0.0000
708565307	-0.0000
82632840	-0.0000
416100108	0.2181
797905971	0.2181
332344017	-0.0000
3391459	0.2181
94013093	0.2181
17115160	-0.0000
94817891	0.2181
813734737	0.1769
821805820	0.2181
4098051	-0.0000
79136230	0.1575
818620912	0.2003
399492530	0.3907
806276588	-0.0000
789613797	-0.0000
66198644	0.3596
779147792	-0.0000
761383759	-0.0000
797854207	-0.0000
7126190	-0.0000
825277873	0.2315
811363092	-0.0000
784789598	-0.0000
733089141	-0.0000
21918477	0.1769
787925857	-0.0000
727680240	-0.0000
2739494	0.2314
803090581	-0.0000
789068201	-0.0000
129249443	-0.0000
776928889	-0.0000
145750260	0.3160
823650932	-0.0000
825110631	0.2181
133484131	-0.0000
139841598	-0.0000
62849892	0.2181
55782102	-0.0000
439662905	-0.0000
744513001	-0.0000
137686744	-0.0000
14095697	0.2181
391203782	-0.0000
360465422	0.3272
331545586	0.2003
3991078	0.4333
739999495	0.4253
144725772	-0.0000
145424488	-0.0000
7946063	0.0903
103780704	0.2003
721674701	-0.0000
797838808	-0.0000
426737820	-0.0000
142567396	-0.0000
798281928	-0.0000
718082013	-0.0000
792193685	0.2003
337034270	-0.0000
821990715	-0.0000
824440327	0.2003
34415510	0.4362
397318976	-0.0000
364727954	0.2003
777080836	-0.0000
349460523	0.3272
815243109	-0.0000
340500427	0.2990
384842112	-0.0000
740935190	0.2003
750615324	-0.0000
108818631	-0.0000
374102912	-0.0000
154389934	0.2181
134118921	-0.0000
401229199	-0.0000
350179953	0.2990
75580386	-0.0000
824930649	-0.0000
737500939	-0.0000
391322444	-0.0000
16551076	-0.0000
475595213	-0.0000
824888854	0.2181
135339274	0.0675
14764368	-0.0000
7156425	-0.0000
810813867	-0.0000
94940750	-0.0000
733208389	-0.0000
321349074	-0.0000
471629440	-0.0000
822892610	-0.0000
107789756	0.3457
815312729	0.2003
86130753	-0.0000
731929685	-0.0000
365154390	-0.0000
391496	-0.0000
328538386	-0.0000
811329757	0.0992
483825955	0.2181
810079022	-0.0000
142273671	-0.0000
796985884	0.2181
476547800	-0.0000
30314511	0.2181
493905312	0.2181
825107145	-0.0000
339859982	-0.0000
356690033	-0.0000
751697584	-0.0000
825089592	0.2003
492313543	-0.0000
54534613	-0.0000
791774158	-0.0000
149195925	-0.0000
794818227	0.2181
725095487	-0.0000
328786613	-0.0000
805933569	0.2181
44045624	-0.0000
18586935	0.2181
466582250	-0.0000
9703755	-0.0000
824070014	-0.0000
823180762	-0.0000
823180761	0.2181
462639396	-0.0000
41000955	0.1575
89060278	-0.0000
825101409	-0.0000
817574548	0.2730
824346690	-0.0000
142626441	-0.0000
368887968	0.1186
423692763	0.2181
135757248	-0.0000
370533954	-0.0000
762624434	0.1769
89073112	0.2003
739408039	0.3319
825272461	-0.0000
803284484	-0.0000
791496716	-0.0000
446180267	-0.0000
27792265	-0.0000
31745389	-0.0000
367539709	-0.0000
96454472	0.2181
1402732	0.2172
93658608	-0.0000
478004661	0.2003
811364236	-0.0000
358351151	-0.0000
413368101	0.1418
815488522	-0.0000
793338495	-0.0000
717612918	0.2181
824874172	-0.0000
4340264	-0.0000
11836746	0.2003
738603491	-0.0000
821017066	-0.0000
823886060	0.3457
84234112	-0.0000
342801443	0.3007
95699905	0.4911
816552934	0.2181
823374094	-0.0000
102144991	-0.0000
499013346	-0.0000
430987081	-0.0000
19246629	-0.0000
47870590	0.3319
751935962	0.2990
29978669	-0.0000
131030682	-0.0000
804157013	0.2181
825107779	-0.0000
31133129	0.0602
416861416	-0.0000
747665449	-0.0000
825119839	-0.0000
342718040	0.1418
58658744	-0.0000
797841970	-0.0000
320633726	-0.0000
133567919	0.2181
71282663	0.2003
728954348	0.2181
131247177	0.2011
12421345	-0.0000
1649407	-0.0000
489670135	0.1769
413797095	-0.0000
825231526	0.2181
788036452	-0.0000
88651495	-0.0000
820882509	-0.0000
67464303	-0.0000
85860863	-0.0000
821803855	0.1769
63054153	-0.0000
20130517	0.2149
301014397	-0.0000
80351513	-0.0000
25529237	0.3457
455957388	-0.0000
351803337	0.1290
84851223	-0.0000
824880038	0.2003
15337284	-0.0000
738936763	-0.0000
21514076	-0.0000
6312545	-0.0000
152887387	-0.0000
131232690	-0.0000
2711639	-0.0000
820225298	0.2003
338108179	0.1575
326787307	-0.0000
38895054	-0.0000
460685498	0.2118
330246389	-0.0000
78448327	0.2181
81874990	0.1290
824073918	0.2181
432053835	-0.0000
760759087	-0.0000
365729364	-0.0000
491178149	-0.0000
64079553	0.2003
808117291	-0.0000
134695459	-0.0000
155138304	-0.0000
460070866	0.2181
809908886	0.2990
323460299	-0.0000
47360510	0.2003
816742460	0.1506
423326030	-0.0000
433455179	-0.0000
59684512	-0.0000
23501308	0.3520
774197484	-0.0000
4748678	0.2340
128816476	0.2003
408618279	-0.0000
823744948	-0.0000
332362	0.2003
94515884	0.3319
418015932	-0.0000
773854218	-0.0000
140176360	-0.0000
116470888	0.2003
117172743	0.2003
801653729	-0.0000
55579548	-0.0000
810204459	-0.0000
825277010	0.1769
780329089	-0.0000
3519952	-0.0000
29528620	0.2181
429338441	-0.0000
354271724	0.2181
781137099	-0.0000
474326097	-0.0000
22339784	-0.0000
154625651	0.2181
65888189	0.3457
27259890	-0.0000
118087726	0.2003
731993026	0.2003
153473203	-0.0000
487805675	-0.0000
154125407	-0.0000
33466387	0.2181
798527144	-0.0000
83626072	-0.0000
12421369	-0.0000
331677517	-0.0000
21423089	0.0427
5578593	-0.0000
797860391	-0.0000
92665836	-0.0000
825227427	-0.0000
825221744	-0.0000
819742672	-0.0000
399058836	-0.0000
133986602	-0.0000
775210727	-0.0000
22528581	0.3329
824888608	0.2181
331171184	0.4907
408574552	0.2181
825263674	-0.0000
325185698	0.1492
62583473	-0.0000
474385100	0.3909
433636355	-0.0000
6468413	-0.0000
355994688	-0.0000
816953171	-0.0000
7126969	0.1769
330747076	-0.0000
824112223	-0.0000
817585856	0.2990
412035579	0.2181
345040503	-0.0000
65605560	0.2181
768074225	-0.0000
819322216	-0.0000
78188641	0.2003
480819886	0.4184
789004199	0.2003
16702430	0.2181
118358958	-0.0000
808009451	-0.0000
55960207	-0.0000
129915938	0.2181
818164488	0.2181
825215409	-0.0000
791438034	-0.0000
401642600	-0.0000
825118696	0.2181
334991328	0.2181
805640464	0.2003
95332304	0.2181
433926274	0.2181
481387295	-0.0000
88830149	0.2118
817586160	-0.0000
825064769	-0.0000
781134078	-0.0000
328270309	0.4930
817780944	-0.0000
334880184	-0.0000
364255500	0.2990
359555907	-0.0000
814903032	-0.0000
723268006	-0.0000
139229445	-0.0000
93640014	-0.0000
807995113	-0.0000
389483455	-0.0000
796952296	0.2003
422820977	0.2003
11763131	0.1575
817142944	-0.0000
77460030	-0.0000
824310993	-0.0000
427646059	-0.0000
825238887	-0.0000
819568462	0.2181
11307764	-0.0000
335389703	0.2181
778380687	0.1418
816916686	-0.0000
492333250	-0.0000
818031498	-0.0000
492313528	-0.0000
822305071	-0.0000
151157081	-0.0000
145206336	-0.0000
418337617	-0.0000
825265288	0.2181
777357369	-0.0000
331080778	-0.0000
813181114	0.2181
420363544	-0.0000
825163630	0.3272
819803583	-0.0000
797668764	-0.0000
815035924	0.2003
751093223	-0.0000
819983088	-0.0000
782820394	0.2003
362834920	0.2181
720849292	-0.0000
96123194	-0.0000
19926991	0.2181
117566797	0.0810
801240441	0.2181
88428209	0.0771
435166774	-0.0000
816510898	-0.0000
63795545	0.3319
340473664	0.2003
134652478	-0.0000
738721887	-0.0000
67536021	-0.0000
455124004	-0.0000
454039059	0.2118
799299034	-0.0000
36758550	-0.0000
77504616	-0.0000
149630538	-0.0000
125964782	-0.0000
825177247	-0.0000
790164478	-0.0000
825230714	-0.0000
134368220	0.2003
326075661	0.2181
794818061	0.2181
772623011	-0.0000
155959474	-0.0000
712865491	0.2181
301748974	-0.0000
822040653	-0.0000
711277215	-0.0000
331814633	-0.0000
408015190	0.4362
371637751	-0.0000
741011067	0.3457
817585872	0.3909
824922074	-0.0000
396953397	0.3457
753261524	-0.0000
823608608	-0.0000
656327226	-0.0000
710971705	0.2181
823724618	0.4769
328354256	-0.0000
771150863	-0.0000
344800425	-0.0000
818175383	0.2181
591639391	-0.0000
89865946	-0.0000
400578589	-0.0000
90865453	-0.0000
3497520	-0.0000
815111691	0.2181
85020622	-0.0000
483124318	0.2181
361540652	-0.0000
47008497	0.2181
819802799	-0.0000
421619580	0.3457
817817817	0.2506
770178481	-0.0000
825139151	-0.0000
74856833	0.3457
722085264	0.2181
9930610	-0.0000
340116799	-0.0000
825108446	-0.0000
149170653	0.3457
394642461	0.2181
10796073	0.1575
71286671	-0.0000
100997432	0.2181
59379090	-0.0000
824411750	-0.0000
98439656	-0.0000
797849148	-0.0000
89874378	0.2807
131886883	0.2990
797667835	-0.0000
97820276	0.2003
825264133	0.2181
18609178	-0.0000
822468608	-0.0000
25787779	0.2181
818748079	-0.0000
823352888	-0.0000
10566667	0.3272
817468138	-0.0000
796275495	-0.0000
806603862	0.1769
84891166	-0.0000
729215801	-0.0000
445403722	-0.0000
69132706	-0.0000
749553020	-0.0000
326782549	-0.0000
12601621	-0.0000
816199373	0.2181
348960551	-0.0000
791331634	0.2181
353493796	-0.0000
494367920	-0.0000
11584249	-0.0000
820979731	0.3555
790715656	0.3272
818457533	0.2181
156819123	-0.0000
824972174	-0.0000
42811835	0.2181
326011456	-0.0000
23874405	-0.0000
453618761	-0.0000
93927431	-0.0000
812406694	-0.0000
791784372	-0.0000
452968108	0.2003
763466909	-0.0000
825156927	0.2181
805649704	-0.0000
92779657	0.2181
83161634	-0.0000
824897638	0.2181
825402205	-0.0000
771959514	0.3272
425789745	-0.0000
629511347	-0.0000
345830173	-0.0000
823197812	0.2833
825218543	-0.0000
326483385	0.3457
456394066	-0.0000
796109355	0.1418
379521639	0.2181
95875953	-0.0000
365651444	0.2181
815338939	-0.0000
823052335	-0.0000
399950163	-0.0000
825155011	-0.0000
810012122	-0.0000
40447279	-0.0000
784834	0.2181
722027942	0.2181
825333850	-0.0000
825117215	0.2181
368832943	-0.0000
84008179	0.2181
823942580	0.3378
18169764	0.2181
24594072	-0.0000
455068442	-0.0000
32976692	0.2181
754469956	-0.0000
762449536	-0.0000
781081740	0.1769
145341114	0.2181
43643515	-0.0000
824989823	0.2181
103602283	-0.0000
6877289	0.2181
485392016	0.2181
447946180	-0.0000
789437403	0.2181
96404349	-0.0000
763313842	-0.0000
417920718	0.2003
359590882	-0.0000
733881161	-0.0000
384368039	-0.0000
487628458	0.2003
823943485	0.4789
818093174	-0.0000
797861813	-0.0000
4481639	0.0528
6973540	-0.0000
146953913	0.2181
333633323	-0.0000
367606585	-0.0000
144814158	-0.0000
88931779	0.1186
390816840	0.2181
666506700	-0.0000
112224646	-0.0000
51484111	0.2181
479939411	-0.0000
150142383	-0.0000
823142485	-0.0000
426623356	-0.0000
22903016	-0.0000
32403904	0.2181
66888717	-0.0000
9494939	-0.0000
3353672	-0.0000
19607855	-0.0000
108456625	0.2181
786765517	-0.0000
432000941	-0.0000
81124795	-0.0000
40115861	0.3272
733131187	0.2003
790474699	0.2181
684223472	0.2003
133004231	0.2181
21696690	0.5064
776622223	-0.0000
59080101	-0.0000
823619858	0.2181
361377449	-0.0000
126607249	-0.0000
302130089	-0.0000
794922900	-0.0000
449647955	0.2181
388139050	-0.0000
797650158	-0.0000
479894530	-0.0000
53693051	-0.0000
324476412	-0.0000
441860561	0.2181
53199544	-0.0000
724691509	0.3457
797102209	0.3272
399256000	0.2003
822309655	-0.0000
824962838	-0.0000
711217204	-0.0000
824747602	-0.0000
431387826	-0.0000
108120006	-0.0000
815021739	-0.0000
375937994	0.1575
65633055	-0.0000
140104335	-0.0000
29541735	-0.0000
825138711	-0.0000
127177856	-0.0000
808656953	0.3066
120248981	-0.0000
459627985	-0.0000
30847033	0.2181
488679475	-0.0000
362931433	-0.0000
411776772	0.2003
90217978	-0.0000
752355916	-0.0000
820662274	0.2181
87722086	-0.0000
156017662	-0.0000
95827211	-0.0000
354165250	0.1769
408328770	-0.0000
351090255	0.2181
725599092	-0.0000
771151177	-0.0000
93050661	-0.0000
813771532	-0.0000
682112912	0.0763
342685187	0.1418
342685181	0.2003
820462373	-0.0000
455864694	-0.0000
813802684	-0.0000
824874914	-0.0000
825153615	-0.0000
88007877	0.2181
818766861	0.2181
12507672	-0.0000
78876625	-0.0000
145672505	-0.0000
88437699	-0.0000
792498940	0.2181
131885539	-0.0000
820886658	-0.0000
820203333	-0.0000
154638559	-0.0000
794818369	0.5460
91358660	0.2181
716721535	0.2181
769545067	-0.0000
412237400	-0.0000
766445659	0.2181
90883783	-0.0000
325973	0.1575
397902072	-0.0000
29141215	-0.0000
59290805	0.2181
374500747	-0.0000
17689191	0.2181
55993335	-0.0000
428439106	0.1186
119588970	-0.0000
60967840	0.1575
326495216	-0.0000
824942543	0.2990
817586219	-0.0000
6537459	0.2181
128944735	-0.0000
455951180	-0.0000
77009328	-0.0000
326852968	-0.0000
478219298	0.2003
357835527	-0.0000
257205	0.2181
143565243	0.2181
149259166	0.1769
814878803	0.2181
791163118	0.2118
712600831	-0.0000
94087547	0.2833
823892145	-0.0000
799068783	-0.0000
753455950	0.3272
15337158	-0.0000
708774213	0.2181
38001115	0.3457
824075672	-0.0000
759307868	0.2181
75838023	-0.0000
64600860	-0.0000
44023532	-0.0000
747156663	-0.0000
771144261	-0.0000
70972878	0.2181
825140913	0.2181
824928315	-0.0000
390458115	-0.0000
797842278	-0.0000
815992880	-0.0000
823651750	0.2181
52860498	0.2003
810867314	0.2003
473085196	-0.0000
73936259	-0.0000
797851330	-0.0000
770154934	0.1186
472439345	-0.0000
21956187	0.2181
751157306	-0.0000
341223969	-0.0000
12103604	-0.0000
388654781	0.2003
819805868	-0.0000
364666633	0.0790
148860210	-0.0000
825258070	0.3457
790563452	0.2181
409099323	-0.0000
81992610	-0.0000
792540491	0.2003
454712376	-0.0000
300962151	0.2003
105731580	0.2181
778238341	-0.0000
824802164	-0.0000
819413028	0.1769
471025944	-0.0000
19691934	-0.0000
771154694	-0.0000
759468643	0.2181
798362326	0.0582
119956849	0.2181
139962009	-0.0000
69328844	0.3457
84678818	-0.0000
784169534	-0.0000
129641590	-0.0000
799313042	0.1769
803025228	-0.0000
14366833	-0.0000
825161230	0.2181
824932888	-0.0000
430186206	-0.0000
18830291	-0.0000
425460448	-0.0000
825062083	0.1781
820727994	0.2181
11409574	-0.0000
440046335	-0.0000
813306813	-0.0000
74890559	-0.0000
25421730	0.2990
803277310	-0.0000
41588365	0.2181
806285389	-0.0000
129558933	-0.0000
19085383	-0.0000
65220219	0.3457
725648696	0.2181
155361488	-0.0000
809841835	-0.0000
721657179	-0.0000
470061710	-0.0000
26405025	-0.0000
79503702	-0.0000
151875715	0.2181
320917839	-0.0000
815850665	-0.0000
715852948	0.1418
60910730	0.1769
357883968	0.2181
139251921	-0.0000
32027745	-0.0000
816319714	-0.0000
94815573	0.2181
825208716	0.2181
348494954	-0.0000
809335686	-0.0000
72214386	-0.0000
825264343	-0.0000
803009078	0.2181
825045242	0.2181
82086644	-0.0000
454127300	-0.0000
136750604	0.0953
818453720	-0.0000
410836250	-0.0000
817707920	0.2181
727338329	0.2003
