723607507	-0.0000
341181721	-0.0000
64518884	-0.0000
147645927	-0.0000
327234795	-0.0000
398941508	0.2003
13698172	-0.0000
341409070	-0.0000
328807315	-0.0000
151559459	0.2181
816394610	-0.0000
65360944	-0.0000
140294354	0.2181
761812164	-0.0000
817035107	-0.0000
70407202	-0.0000
422377593	0.4192
824321175	-0.0000
437403213	-0.0000
823434317	-0.0000
711106171	-0.0000
346585507	-0.0000
357960837	-0.0000
760065648	-0.0000
44688082	-0.0000
90043697	-0.0000
816230925	-0.0000
788325793	-0.0000
708593796	-0.0000
410173210	-0.0000
378261587	-0.0000
816938471	-0.0000
767797853	0.1769
455877700	-0.0000
84506174	-0.0000
824670034	-0.0000
324458407	0.2181
762180634	0.3066
114887833	-0.0000
818292338	0.2181
418099060	-0.0000
27876187	-0.0000
778569763	0.2003
739532721	0.2118
746335178	-0.0000
779466761	-0.0000
737489780	-0.0000
824394095	0.2181
798433387	0.1418
723084197	-0.0000
800997742	0.1769
7750638	-0.0000
374496177	0.2181
9744853	-0.0000
824660471	-0.0000
76126269	-0.0000
490776459	0.3457
815014670	-0.0000
824409502	0.2181
625277583	-0.0000
684178917	-0.0000
148172501	-0.0000
493904661	0.2181
488679475	-0.0000
96672082	0.2270
329940972	0.2181
801400084	0.2181
4991445	0.2181
5312892	0.2181
820684084	0.2181
351010042	-0.0000
789546399	0.3182
410260972	-0.0000
151479082	-0.0000
824091972	0.2003
756648835	0.1769
801370686	-0.0000
81770389	-0.0000
461984183	-0.0000
439468732	0.3007
93401915	-0.0000
753249796	-0.0000
820548981	-0.0000
139206831	-0.0000
339029691	-0.0000
815177563	0.3457
439144269	0.2181
824168196	-0.0000
27701501	-0.0000
492221911	0.1769
300851823	-0.0000
150835414	-0.0000
151250423	-0.0000
27016220	-0.0000
485370076	-0.0000
796700076	-0.0000
365411859	-0.0000
144611032	-0.0000
334465413	-0.0000
342685124	-0.0000
787441667	-0.0000
823873351	-0.0000
472876438	0.2181
11128319	0.2181
824328349	-0.0000
142554151	-0.0000
798935515	-0.0000
18439895	-0.0000
390396937	0.2181
429285475	0.3272
153012679	-0.0000
824455045	-0.0000
401200717	0.1575
378508604	-0.0000
824489284	0.2181
817685239	-0.0000
331356156	0.2003
324809395	-0.0000
135032429	0.2181
493643340	0.1186
17715893	0.2181
2192669	-0.0000
87607463	0.2181
394882810	0.2003
58045094	-0.0000
799200563	0.3457
109856650	-0.0000
44629796	-0.0000
784330748	-0.0000
80624368	-0.0000
14826474	-0.0000
766877186	-0.0000
751852262	0.2181
430429913	0.2181
766705173	-0.0000
815600060	0.2181
824463221	0.1575
455309872	-0.0000
82432679	0.0352
816878985	-0.0000
368913635	-0.0000
348969455	-0.0000
487243393	-0.0000
97355263	-0.0000
765622376	0.1859
331622148	-0.0000
492164553	-0.0000
34783984	0.2181
7126985	0.1290
347990607	-0.0000
484318248	-0.0000
784544220	0.2181
349108150	-0.0000
151253530	-0.0000
403828953	-0.0000
49451710	-0.0000
814499608	-0.0000
153847884	-0.0000
736076836	-0.0000
824715654	-0.0000
344602085	-0.0000
359281401	-0.0000
768873208	0.2181
414966294	-0.0000
730333528	-0.0000
778815489	-0.0000
13232460	0.2181
395643939	-0.0000
801638361	-0.0000
466524271	-0.0000
824638395	-0.0000
484431356	-0.0000
81460202	-0.0000
818724954	-0.0000
105586199	-0.0000
345830173	-0.0000
329281075	0.2003
325781932	-0.0000
753266707	-0.0000
106496127	-0.0000
808953536	0.2181
403074589	-0.0000
38550330	0.2181
67915838	-0.0000
88179596	0.1883
817843316	-0.0000
418545705	0.2003
342685105	0.2506
342685100	0.2003
450362761	-0.0000
342685108	0.2003
152445127	-0.0000
50495665	-0.0000
355688945	0.1418
818201912	-0.0000
393073105	0.1023
102601034	-0.0000
129923576	0.2181
15843752	-0.0000
300308707	-0.0000
105271078	-0.0000
823662070	-0.0000
487243820	-0.0000
774050102	0.2730
810515475	-0.0000
813662405	0.2181
12454555	-0.0000
21862076	-0.0000
92975728	-0.0000
812096262	-0.0000
335511135	-0.0000
777172827	0.1667
141432506	-0.0000
795519912	-0.0000
524107668	0.3272
397886705	-0.0000
490463548	-0.0000
118715099	0.3272
405067343	-0.0000
43275562	-0.0000
719238091	0.3284
462578348	-0.0000
812605847	0.2506
88790998	-0.0000
349663966	-0.0000
351612233	0.2181
476464444	-0.0000
151741042	-0.0000
321274464	-0.0000
715468574	0.3272
42306153	0.3756
148660305	-0.0000
752749789	0.2162
426954796	-0.0000
327826514	0.1883
824394580	0.2181
411461292	-0.0000
807215870	-0.0000
824370170	0.2181
820547888	0.2181
746999423	-0.0000
481163057	-0.0000
824286588	0.2181
746767504	0.2181
146383936	-0.0000
782267974	-0.0000
372165548	-0.0000
97004116	-0.0000
805961327	-0.0000
446784481	-0.0000
132764377	0.2082
98135967	0.2990
441251497	-0.0000
134061506	-0.0000
819501911	0.2181
113205285	0.2181
149026063	-0.0000
344142562	-0.0000
48743897	-0.0000
794815205	0.2181
72026732	-0.0000
381655707	0.1769
818282905	-0.0000
139872312	-0.0000
69533470	-0.0000
765019295	-0.0000
349323720	0.4192
485004017	-0.0000
444631359	-0.0000
131791566	-0.0000
79131769	-0.0000
18062914	-0.0000
83980375	-0.0000
669473106	0.1098
40651355	-0.0000
484431373	-0.0000
320570071	0.2181
822474997	0.2003
64934428	0.1769
323361469	-0.0000
824332125	-0.0000
801386315	-0.0000
329414041	-0.0000
349870730	-0.0000
723930573	-0.0000
107878257	0.2181
815260497	0.2181
821820855	-0.0000
419969835	-0.0000
455020157	-0.0000
592007853	-0.0000
65273926	-0.0000
763440361	0.1186
87986231	-0.0000
628547567	-0.0000
734177893	-0.0000
823431748	-0.0000
818201930	0.2181
122771411	-0.0000
14307648	-0.0000
761717304	0.2181
8024483	0.1769
824459968	0.3457
752559064	-0.0000
759978620	0.2181
459547818	-0.0000
35252271	-0.0000
824408051	0.2003
822182851	-0.0000
722009831	-0.0000
407121954	-0.0000
56884480	0.3272
65427967	-0.0000
410975101	0.2181
104540525	-0.0000
723770062	-0.0000
134778976	-0.0000
89634640	-0.0000
78354017	0.5704
779506185	-0.0000
326330978	-0.0000
455509898	0.2181
32166897	-0.0000
787635473	-0.0000
85356042	-0.0000
719700096	-0.0000
725319101	-0.0000
824475039	-0.0000
718773707	-0.0000
101657509	0.2181
345988289	0.2181
333849791	-0.0000
63128874	0.2181
452678718	0.4931
821755046	-0.0000
824296406	-0.0000
89545343	-0.0000
82776803	-0.0000
391929360	0.4192
78668032	0.2919
481616371	0.2181
431577650	-0.0000
156567842	-0.0000
64431726	0.2181
767699036	-0.0000
340064077	-0.0000
455025353	-0.0000
736606573	-0.0000
777425222	0.2181
362868543	-0.0000
302191973	0.1769
354142237	-0.0000
784628098	-0.0000
137509599	-0.0000
455025414	-0.0000
32724864	0.3644
787030106	0.1418
794815226	-0.0000
376239030	-0.0000
824433825	-0.0000
151261156	-0.0000
712242819	0.1769
791311743	0.2181
683872083	-0.0000
151714753	-0.0000
9529648	-0.0000
819565732	0.2082
117266300	-0.0000
821827313	-0.0000
810823484	-0.0000
129915938	0.2181
823250012	-0.0000
824431672	-0.0000
772940269	0.1635
824471013	-0.0000
765515022	0.2003
801299127	0.4362
389412147	0.2670
63739619	-0.0000
412448640	-0.0000
792509	0.2181
52600921	0.2003
13148910	0.2181
464748784	-0.0000
373003947	-0.0000
740401115	-0.0000
360988724	-0.0000
64698191	-0.0000
824043761	0.2181
31628919	-0.0000
813307201	0.2181
824254308	0.3457
11699829	-0.0000
133703000	-0.0000
824516203	0.3272
108689872	0.2181
19550719	-0.0000
78213057	-0.0000
149512237	0.2181
95875953	0.2181
487243294	-0.0000
53476614	-0.0000
20963878	-0.0000
1872294	-0.0000
12437649	-0.0000
431493872	0.3909
360970141	-0.0000
729543240	0.0602
322650814	-0.0000
432000941	-0.0000
145861520	-0.0000
768886331	-0.0000
17411263	-0.0000
117004318	-0.0000
817299791	-0.0000
824290160	-0.0000
727525164	-0.0000
732121557	-0.0000
16954921	-0.0000
82653461	-0.0000
90183531	0.2181
152390762	0.2181
423525142	-0.0000
3497520	-0.0000
461601148	-0.0000
332781488	-0.0000
785416790	-0.0000
7873403	-0.0000
55777846	0.2181
454984620	-0.0000
345940822	0.2825
31875571	0.2003
712402980	0.3262
432430499	-0.0000
634907798	0.1023
12522364	0.1769
718949492	0.1769
32134630	-0.0000
746521322	-0.0000
809841835	-0.0000
20321341	0.3457
492040441	-0.0000
38001115	0.2181
397852528	-0.0000
817949069	0.2181
810352293	-0.0000
320746794	-0.0000
449113614	-0.0000
776017561	-0.0000
34259548	-0.0000
323304747	0.2181
37426805	0.4018
822621553	-0.0000
18576861	0.2181
822262678	-0.0000
824456623	0.2181
815866903	0.2181
792266822	0.2181
36918151	-0.0000
335140275	-0.0000
39814273	-0.0000
330754973	-0.0000
824315403	-0.0000
122408997	-0.0000
404880681	0.2181
824638845	0.2181
361746428	-0.0000
110194431	-0.0000
351711355	-0.0000
121783355	0.2181
757497593	0.1883
431179682	-0.0000
2370864	0.2181
814427267	-0.0000
824678509	-0.0000
39981765	-0.0000
65457291	-0.0000
108483993	0.2003
19461819	-0.0000
335018237	-0.0000
351973643	-0.0000
335187656	-0.0000
86873514	-0.0000
820026773	-0.0000
824471696	-0.0000
49473124	-0.0000
77919373	0.2003
712195723	-0.0000
132932371	-0.0000
327130927	-0.0000
361905299	-0.0000
153929088	0.2181
740906584	-0.0000
112279607	-0.0000
405349720	0.1769
403173926	-0.0000
733957300	0.4192
754563136	0.1186
772404905	-0.0000
784830257	-0.0000
775526689	0.2003
672706262	0.2181
75164386	0.2082
810386659	-0.0000
58718548	-0.0000
335484160	0.0853
86831844	-0.0000
820537850	-0.0000
104070573	-0.0000
361698880	-0.0000
142119146	0.2730
823177731	-0.0000
817857211	0.2181
824556901	-0.0000
756658510	-0.0000
820085156	-0.0000
810042265	0.2181
83524021	-0.0000
321619496	-0.0000
10983558	-0.0000
492313571	-0.0000
778220348	-0.0000
43261116	0.3457
822926488	-0.0000
824340039	-0.0000
816367752	-0.0000
795221934	-0.0000
817676224	0.2003
487221472	-0.0000
822648035	0.2181
736611350	-0.0000
103131300	-0.0000
823871722	0.2118
712590621	-0.0000
824109218	-0.0000
86578189	0.1418
823682829	-0.0000
811792405	0.2118
790573393	-0.0000
480747703	-0.0000
802186204	0.1098
823586237	-0.0000
813560811	0.2181
824085732	-0.0000
82391993	-0.0000
84023703	-0.0000
788231479	0.2181
19071972	-0.0000
83936875	0.2181
805681030	0.2181
824346702	-0.0000
29101759	-0.0000
823569291	0.2181
793109790	-0.0000
17121739	-0.0000
387954945	0.2181
749964394	-0.0000
805456479	-0.0000
40919514	-0.0000
362905566	-0.0000
29936254	-0.0000
151374515	-0.0000
69526009	0.3457
364500036	-0.0000
474838877	-0.0000
55441055	-0.0000
411576438	0.3630
2423606	-0.0000
119088081	0.2003
780887372	-0.0000
779316227	-0.0000
343805125	0.2990
460317184	0.2181
385739659	0.1418
623135662	-0.0000
437131315	-0.0000
797245666	-0.0000
804161745	-0.0000
425990161	-0.0000
795333749	0.2181
24052524	-0.0000
457935365	-0.0000
801292611	0.2003
7126620	-0.0000
824668466	-0.0000
300771174	-0.0000
134956002	-0.0000
808993843	0.2063
128251000	-0.0000
487243431	-0.0000
824644277	-0.0000
439141165	-0.0000
739591482	-0.0000
817939264	-0.0000
792181955	-0.0000
39825895	-0.0000
491935004	-0.0000
102107027	-0.0000
807972458	0.2181
37643088	0.1186
439446130	0.4532
4614563	0.1769
731630222	0.1575
5051048	-0.0000
156594892	-0.0000
10986918	-0.0000
11973814	-0.0000
783936500	-0.0000
802018990	0.2181
153041901	-0.0000
720960993	0.4362
25617241	-0.0000
342685098	0.2003
18620926	-0.0000
824370936	0.2181
492076913	-0.0000
142209500	0.2003
425655755	0.1575
649329010	-0.0000
142142016	-0.0000
824134141	-0.0000
776863030	0.1769
394138227	-0.0000
492160066	-0.0000
13442030	0.2181
492313552	-0.0000
492313555	0.1186
824463979	-0.0000
42643233	0.2181
153977396	0.2181
115309636	-0.0000
812347973	0.0853
70979053	0.2506
31653637	0.2181
25135706	-0.0000
17387330	-0.0000
324874407	-0.0000
788336274	-0.0000
89148802	-0.0000
457423158	-0.0000
824480748	0.1769
480747727	-0.0000
320772842	0.2181
726189419	0.2181
151835523	0.2181
90301516	-0.0000
88504632	-0.0000
150525159	-0.0000
731684989	-0.0000
824329793	0.2181
431049477	-0.0000
794699027	-0.0000
824430828	0.2181
77277040	-0.0000
113307900	-0.0000
70438070	0.3096
100344344	-0.0000
764082488	0.2990
150539402	-0.0000
425590422	0.2003
98313679	-0.0000
632544710	-0.0000
74247919	0.2003
813922666	-0.0000
824234654	-0.0000
757898613	0.1575
816197614	0.3272
94909028	0.4192
300456993	-0.0000
778863621	-0.0000
476128442	0.1752
796087953	-0.0000
726306703	-0.0000
824544454	-0.0000
358112813	0.1418
762139478	-0.0000
377030506	0.3446
774814772	-0.0000
377030509	-0.0000
414095443	0.2181
133003549	-0.0000
400878718	-0.0000
823908887	0.2181
365395641	0.2181
133603653	-0.0000
358128468	-0.0000
323839918	-0.0000
14825242	0.2181
821237159	0.4463
487243107	-0.0000
776356513	0.2181
756326493	0.3405
767280586	-0.0000
24049464	-0.0000
131372041	-0.0000
803029392	0.2118
155117068	0.2297
768163731	-0.0000
824335168	-0.0000
490043702	-0.0000
25592111	-0.0000
803627405	-0.0000
126545546	-0.0000
646285743	-0.0000
96169965	0.1769
144228984	0.1769
469486	0.2181
464344919	0.2181
65370392	-0.0000
824346518	-0.0000
146561083	-0.0000
410541027	0.0391
814409022	0.1575
780577589	-0.0000
787411491	-0.0000
823904947	-0.0000
760856430	0.2003
468938310	0.3212
365959006	0.1140
480681033	-0.0000
754931811	-0.0000
818268958	0.3457
772839655	-0.0000
358210884	0.1575
808169579	-0.0000
50043296	-0.0000
821794541	-0.0000
37507793	0.2181
143800967	0.1769
93401340	0.2181
387436102	-0.0000
815429676	0.2118
341463251	-0.0000
81543117	-0.0000
5478703	-0.0000
816120623	0.4362
378504342	-0.0000
152476715	-0.0000
143776012	-0.0000
15534500	-0.0000
149550710	-0.0000
806836379	-0.0000
154770352	0.2181
142187701	0.2181
129766425	0.2181
20931614	-0.0000
794492097	0.3457
24082562	0.2003
3336024	-0.0000
421418653	-0.0000
824373852	0.1236
341801082	-0.0000
790916970	-0.0000
43800958	0.2181
814616126	0.2181
325570324	-0.0000
820059757	0.2118
344485713	-0.0000
70486690	-0.0000
147653870	-0.0000
105794524	-0.0000
345639374	-0.0000
436337424	0.0369
130410881	0.3630
725069248	-0.0000
429428679	-0.0000
144063632	0.3657
824695561	-0.0000
744346498	0.2172
65849404	-0.0000
91028419	0.2181
7127020	0.2613
746339568	-0.0000
818048366	0.2003
811691887	0.2118
79555875	-0.0000
720793773	-0.0000
7126190	-0.0000
71119277	-0.0000
824323660	0.2003
39299701	-0.0000
92865257	0.2181
98034812	0.2181
813154814	0.2003
79320293	0.2003
150869653	-0.0000
822771125	0.3272
824328585	-0.0000
79210365	-0.0000
816234392	0.2181
52188089	0.2181
335678036	-0.0000
93686621	-0.0000
748181539	-0.0000
97465684	-0.0000
79917347	-0.0000
823917463	0.2181
770451675	-0.0000
824349741	0.2181
427731581	-0.0000
115910191	-0.0000
736033906	-0.0000
331174748	0.1769
819039601	0.2181
85865319	0.1418
71744728	-0.0000
132812083	-0.0000
797780832	-0.0000
824659303	-0.0000
59890229	-0.0000
101618945	-0.0000
79948729	0.2003
155211317	-0.0000
761390976	0.2073
12748729	-0.0000
799302106	-0.0000
44885468	-0.0000
685311561	-0.0000
321559646	-0.0000
126721499	-0.0000
818201747	-0.0000
445199256	-0.0000
42027681	0.3182
87979587	0.2181
430872212	-0.0000
90296792	0.2181
141749852	0.2181
823309225	0.1186
824655567	0.2181
712754987	-0.0000
586516198	0.2003
362149312	0.2003
799454736	-0.0000
38944789	-0.0000
133928839	0.2181
727554220	-0.0000
89093959	-0.0000
99849111	-0.0000
786340739	0.2181
811594097	-0.0000
794816556	-0.0000
29001154	-0.0000
121374827	-0.0000
823942580	0.3158
13521916	0.2003
795319667	-0.0000
726942265	0.2181
799582398	-0.0000
44477107	0.1769
733131187	0.2181
794033928	-0.0000
88365003	-0.0000
357759579	-0.0000
155648137	0.2181
771677144	0.2064
824445595	0.1575
90519312	0.2181
155336157	0.2181
5906647	-0.0000
801983495	-0.0000
824428572	0.2181
11469362	-0.0000
40172670	-0.0000
824449435	0.2181
798749444	0.1769
330054730	-0.0000
421801716	0.2181
333208530	0.3007
824310845	0.2181
56019753	-0.0000
466411963	-0.0000
750611967	-0.0000
408551	0.1290
824442806	-0.0000
823276115	0.3574
819851307	0.2003
339704755	-0.0000
80810125	0.2003
364383299	-0.0000
789492503	-0.0000
150579653	-0.0000
824301187	-0.0000
364304922	-0.0000
128098233	-0.0000
34914536	0.1769
824622994	-0.0000
751075797	0.2003
105691624	-0.0000
821815778	-0.0000
492076068	0.3457
481716425	-0.0000
72550206	0.2181
90905295	-0.0000
13590144	0.2003
776971150	-0.0000
760756061	-0.0000
810457180	0.2181
487243289	-0.0000
487243286	-0.0000
391315379	0.2003
129950680	0.2670
23187649	0.2181
824339307	-0.0000
451939374	-0.0000
824700315	0.2181
150971251	-0.0000
90581834	-0.0000
380900122	-0.0000
302032761	-0.0000
359103870	-0.0000
14038566	-0.0000
46138421	0.2181
300575124	0.1023
28959317	-0.0000
780833752	0.1769
358680377	-0.0000
435122455	0.2181
824651558	-0.0000
418480394	-0.0000
26584561	-0.0000
740668268	-0.0000
824413858	-0.0000
336582263	-0.0000
819512062	-0.0000
75074604	0.2118
358549053	-0.0000
154998472	-0.0000
424944865	-0.0000
143258296	-0.0000
818226456	-0.0000
655966208	-0.0000
820217000	0.2181
355455894	-0.0000
454984740	-0.0000
84890778	0.2003
454984748	-0.0000
10863725	0.0959
821595257	0.2181
767921212	-0.0000
464024976	0.2181
343790312	-0.0000
11171290	0.2011
824417598	-0.0000
461042631	0.2181
824166512	-0.0000
783612204	-0.0000
370269498	-0.0000
823879587	0.1575
75260278	-0.0000
818201806	-0.0000
436907572	-0.0000
149235028	-0.0000
366466475	-0.0000
40624502	-0.0000
150456598	0.2181
823811392	-0.0000
95320770	0.3182
772323615	0.2181
138713288	0.2990
492222022	-0.0000
815944637	0.2181
823635011	-0.0000
36866799	0.2003
73920654	-0.0000
487243182	-0.0000
821531036	0.2003
790917087	-0.0000
51684580	-0.0000
741401412	0.3457
321974876	-0.0000
387956135	0.2181
80436338	0.2181
820464511	-0.0000
715647830	-0.0000
758838215	0.2181
641970670	-0.0000
767223231	0.2181
90806848	0.2181
346630454	0.1575
708605647	0.2181
363050616	-0.0000
749716106	0.2730
764531881	0.3272
685853371	-0.0000
823276981	0.6042
824469609	-0.0000
418338521	-0.0000
383515231	-0.0000
96704689	0.2003
134677671	0.2003
719581281	0.3182
459813516	-0.0000
139760903	-0.0000
357336112	-0.0000
21539418	-0.0000
75063678	0.2181
332319906	-0.0000
817784696	-0.0000
753048119	-0.0000
751184311	-0.0000
155091021	-0.0000
111725613	0.0290
824228468	0.1418
824332816	-0.0000
781780748	-0.0000
142211326	-0.0000
144360694	-0.0000
22838696	-0.0000
786363281	-0.0000
458424291	-0.0000
811128284	0.4438
323847453	-0.0000
60054428	0.2181
47971154	-0.0000
824118101	-0.0000
15423366	0.2181
439453041	0.2181
366225247	-0.0000
30769932	-0.0000
803912354	0.2181
12202198	-0.0000
138543504	-0.0000
824259638	0.2181
146534389	-0.0000
95703921	-0.0000
416271662	0.2181
719448749	-0.0000
84776575	-0.0000
407753731	-0.0000
492436821	-0.0000
432924509	0.2003
123212631	0.2181
26140985	-0.0000
31074701	-0.0000
751470842	0.3457
440349482	-0.0000
419564523	-0.0000
824250440	0.2181
126606582	0.3909
81834945	0.2003
591637733	-0.0000
53579302	-0.0000
490979562	-0.0000
815214296	-0.0000
142938025	0.2266
802706873	0.2181
45934831	-0.0000
824323604	-0.0000
122112301	0.2181
794815345	-0.0000
710870685	-0.0000
36817567	0.3007
819507952	0.2181
823539779	-0.0000
824689111	-0.0000
131134408	-0.0000
787242639	-0.0000
824718250	-0.0000
346062282	-0.0000
361392055	-0.0000
114288189	-0.0000
378507311	-0.0000
378507310	-0.0000
823401007	-0.0000
824181184	0.2181
414680332	-0.0000
433703046	-0.0000
807191179	-0.0000
29167736	-0.0000
824531915	0.0959
819607202	-0.0000
370591616	0.3457
821892277	-0.0000
356941523	-0.0000
24022370	-0.0000
121192970	0.2181
140508120	0.2181
492077862	-0.0000
823493429	0.2181
361244946	-0.0000
776154749	0.2181
793627157	-0.0000
490979481	0.2181
745546484	-0.0000
790714986	0.3457
755588377	0.0959
29705749	-0.0000
3257295	0.2003
812520072	0.2181
138463470	-0.0000
348097224	-0.0000
818226464	-0.0000
487628447	0.2003
814635981	0.4192
797965621	-0.0000
691352574	0.2181
122838304	0.2181
29562894	0.2181
800169764	0.2181
74287554	-0.0000
34729743	0.2181
796885800	-0.0000
152430475	0.2003
153509153	-0.0000
762010932	0.1734
794045677	-0.0000
771003263	-0.0000
21050321	0.2181
32167339	0.4006
490431406	0.1769
802554253	-0.0000
346592423	-0.0000
398061990	-0.0000
219724	-0.0000
136506270	0.2003
140275184	-0.0000
824564506	-0.0000
754441501	-0.0000
27939365	-0.0000
329711220	-0.0000
822301667	0.2181
752535987	-0.0000
773615796	-0.0000
139963749	-0.0000
759747089	-0.0000
60335524	-0.0000
454984704	-0.0000
393771774	-0.0000
145043134	-0.0000
822743457	-0.0000
745328548	-0.0000
455020067	-0.0000
44311660	0.1769
88519777	-0.0000
417460384	0.2181
344553518	-0.0000
156541423	0.3272
425777348	0.2181
389665128	0.2181
69742140	-0.0000
95758046	-0.0000
13330089	0.2181
771687176	-0.0000
148521880	-0.0000
404412362	-0.0000
98112987	0.4184
816491691	0.2181
816753757	-0.0000
814451530	0.2181
132356764	-0.0000
805653364	0.2003
802532310	-0.0000
824676085	-0.0000
5158586	-0.0000
722809521	0.1769
38547778	0.2181
119731018	-0.0000
76881892	-0.0000
824468073	0.2181
823590121	-0.0000
816650867	0.2181
823779952	-0.0000
321288932	0.2003
492224919	-0.0000
6812825	-0.0000
726420355	0.0810
101265648	-0.0000
493904457	0.2181
751713070	-0.0000
824315096	0.2181
56373677	-0.0000
639379169	0.2181
808011992	0.2181
824660280	-0.0000
766160202	0.0771
36861993	-0.0000
812848433	0.2181
37603685	-0.0000
811329757	-0.0000
787859489	-0.0000
811032067	0.2181
144965668	-0.0000
717818633	-0.0000
457965910	-0.0000
402841302	-0.0000
410666860	0.1883
773923702	0.6042
812615259	-0.0000
487243221	0.1575
756098771	-0.0000
814588770	0.2181
778863547	0.1098
77028579	0.2181
154821075	-0.0000
818854176	0.2181
816092077	-0.0000
780031394	-0.0000
492160097	-0.0000
321329766	0.3272
96876432	-0.0000
417261429	-0.0000
466919278	-0.0000
811467041	0.2181
325956093	-0.0000
329642612	-0.0000
771991203	-0.0000
137952497	0.5500
137185126	0.2890
96198261	0.3272
739658324	-0.0000
106159325	0.2181
377894488	-0.0000
711789678	-0.0000
821259510	0.2181
399645911	-0.0000
771948419	-0.0000
821747271	-0.0000
489003259	-0.0000
794816008	0.1769
760705213	-0.0000
97390990	-0.0000
71074152	0.2181
766951030	-0.0000
824466470	-0.0000
7126396	0.1084
488808300	-0.0000
805105713	-0.0000
812795430	-0.0000
824620351	-0.0000
424246893	0.3457
793300715	-0.0000
39800009	-0.0000
98257144	-0.0000
110106938	-0.0000
9727001	0.1225
7125138	0.1098
801714742	0.4184
824422747	0.2181
4181075	-0.0000
22537550	0.2061
346349447	0.2003
76845950	-0.0000
425989723	0.2063
58412721	0.3272
400020810	0.2181
114922125	-0.0000
84219703	-0.0000
793921755	0.2730
782283854	-0.0000
785100115	-0.0000
358668509	0.2181
396838482	0.1769
383727674	0.2003
824572747	-0.0000
3661026	0.2181
141854061	0.2181
824115596	-0.0000
730944415	0.1290
491621387	-0.0000
82345769	-0.0000
554317329	-0.0000
14211378	-0.0000
96462123	-0.0000
775267022	-0.0000
361877350	0.2181
138405852	0.2181
11532828	-0.0000
23874405	-0.0000
640101254	-0.0000
487243205	-0.0000
143957044	-0.0000
740329076	0.2181
765716290	-0.0000
794816810	-0.0000
768906906	0.2181
811677242	0.1098
746187814	-0.0000
767080972	-0.0000
810393683	-0.0000
398671664	-0.0000
17556743	0.2003
119229571	-0.0000
476930608	-0.0000
47597876	-0.0000
721864520	-0.0000
437460191	0.3272
794815045	0.2181
353566330	-0.0000
138530865	0.3272
17704417	-0.0000
324374857	-0.0000
817620603	-0.0000
821843053	0.2181
202570	-0.0000
19477713	-0.0000
820517638	-0.0000
95027152	-0.0000
824609196	-0.0000
331866692	0.1769
763786519	-0.0000
407564684	0.1922
813427419	-0.0000
103896381	0.2181
108585257	-0.0000
781828155	0.2181
779245585	-0.0000
393873353	0.2181
151328702	0.2181
22697309	-0.0000
823611604	-0.0000
818055459	0.2181
106237152	0.3319
491935808	-0.0000
823292838	-0.0000
73450293	-0.0000
324797236	-0.0000
51959069	-0.0000
764280629	-0.0000
811104179	0.0736
487243071	-0.0000
35955243	-0.0000
493904609	-0.0000
684437277	-0.0000
53872102	-0.0000
758335684	-0.0000
300905560	-0.0000
798417806	-0.0000
359647705	-0.0000
729100361	0.1686
824476063	-0.0000
334959258	-0.0000
493904672	-0.0000
493904676	-0.0000
88941981	0.2181
765718134	-0.0000
155872606	-0.0000
31553786	-0.0000
758724401	0.2181
780548740	0.2181
344899224	0.3272
824174326	0.2181
90299228	0.2181
818286077	-0.0000
721942638	-0.0000
716199554	-0.0000
447477754	0.3155
142422189	-0.0000
804678253	0.2003
750484185	-0.0000
326588510	0.2315
688629812	-0.0000
792601379	-0.0000
821760929	0.2181
821340268	0.4192
812220595	-0.0000
349685633	0.2003
733063362	-0.0000
456189120	-0.0000
792851308	-0.0000
341600526	-0.0000
2008909	-0.0000
94353774	0.2181
65078683	-0.0000
723249844	0.1844
824507074	0.2990
135850476	0.2181
328977610	-0.0000
333292707	0.2168
355997108	-0.0000
775051807	0.1883
19809850	0.3218
819735449	0.2181
393873276	0.2181
98007797	0.2181
765459365	-0.0000
112187000	0.2181
27845493	-0.0000
361608810	-0.0000
817018001	-0.0000
751559726	-0.0000
798217918	0.2990
448965757	-0.0000
26072369	0.2181
156448130	0.2181
711978247	0.2181
128327695	-0.0000
145260354	-0.0000
146384724	0.4362
405376736	0.2003
354392248	0.1769
74991765	0.2536
151040595	-0.0000
90246958	-0.0000
824525487	0.2181
364566729	-0.0000
157078108	-0.0000
739796641	-0.0000
150201793	0.1575
823857709	-0.0000
726585340	0.1769
379919184	0.2003
93658608	-0.0000
112119288	-0.0000
405895022	0.2181
7126578	-0.0000
3783808	-0.0000
824624709	-0.0000
1399327	-0.0000
302177700	-0.0000
328159708	-0.0000
93326847	-0.0000
795064927	-0.0000
376999150	0.1290
724384410	0.2181
824317570	0.2118
753637918	-0.0000
35380124	0.1769
125838986	-0.0000
85407500	-0.0000
815041319	-0.0000
24398188	-0.0000
493904652	0.2003
766189705	-0.0000
455025137	-0.0000
337137331	-0.0000
824690471	-0.0000
743074612	-0.0000
135694973	-0.0000
154429659	-0.0000
25274851	-0.0000
492076125	0.2181
2302282	0.2181
734536101	0.2181
390739682	0.2181
814955821	-0.0000
104244273	-0.0000
10154379	-0.0000
28603498	-0.0000
88290140	0.4362
818969243	-0.0000
328435192	-0.0000
817303277	-0.0000
816764148	-0.0000
488211123	0.2181
156818722	-0.0000
795462617	-0.0000
824679974	-0.0000
746339464	-0.0000
6408468	0.2181
746470551	-0.0000
361761319	-0.0000
481716423	-0.0000
813917666	-0.0000
821791281	0.2181
824631550	-0.0000
60835879	-0.0000
437212891	-0.0000
725113607	0.2003
764288454	-0.0000
823760328	-0.0000
824441574	-0.0000
816865283	-0.0000
111944765	-0.0000
460268866	-0.0000
824397907	-0.0000
684232039	0.2181
60667996	-0.0000
429674361	-0.0000
333531486	-0.0000
416051664	-0.0000
824184683	-0.0000
762096589	-0.0000
105402793	0.2003
463718824	0.2003
109607421	0.2181
148346451	-0.0000
88900820	0.4184
790916766	0.0810
128639412	-0.0000
818162277	-0.0000
378348148	0.1418
407559164	-0.0000
813731247	-0.0000
824645504	-0.0000
99218432	-0.0000
415960164	-0.0000
111390440	0.3457
69898185	0.2181
335305057	-0.0000
454984695	-0.0000
352289563	-0.0000
813423987	-0.0000
824645686	-0.0000
734507021	-0.0000
779106128	-0.0000
333875617	0.1686
301164094	0.2181
783820377	0.2181
431985396	0.4559
432475172	-0.0000
818429109	-0.0000
346783321	-0.0000
493904630	-0.0000
381467021	-0.0000
480820375	0.5937
96893243	-0.0000
146804207	0.0959
14713877	-0.0000
455025448	-0.0000
320739239	-0.0000
823997044	0.2181
504761013	-0.0000
143006584	0.1575
360367710	0.2181
755544383	-0.0000
328928186	-0.0000
300598220	-0.0000
86224435	0.2003
149192186	-0.0000
4913030	-0.0000
785851687	0.3630
94596001	-0.0000
455020101	-0.0000
64504757	-0.0000
796109355	0.2613
2875959	-0.0000
684495970	-0.0000
44819548	0.3457
452233828	-0.0000
350340692	-0.0000
29978669	-0.0000
484431341	-0.0000
800315804	-0.0000
409385911	-0.0000
413923840	-0.0000
141310777	0.2181
492221923	0.2181
406492889	0.4027
715490550	-0.0000
821334846	-0.0000
334633650	-0.0000
352834140	-0.0000
103125538	0.1769
20437718	0.3823
78574980	-0.0000
63740813	0.2181
329241708	-0.0000
824324359	-0.0000
325114602	0.2181
98487218	-0.0000
9223664	-0.0000
19647521	-0.0000
811645779	-0.0000
818201907	-0.0000
475129435	-0.0000
824331583	0.1769
734981369	-0.0000
321387131	-0.0000
810650695	0.4184
820567412	-0.0000
53536181	-0.0000
801977535	-0.0000
41044574	-0.0000
3634852	-0.0000
301441984	-0.0000
511991703	-0.0000
435671019	-0.0000
84557433	0.2181
356060914	-0.0000
461299822	0.2003
17150228	-0.0000
455025301	0.1290
329950754	0.1418
455276003	0.2390
409285595	0.2003
378451335	0.2118
824321392	-0.0000
375530229	0.2181
716664859	0.2003
824174981	0.1667
480333506	-0.0000
3353955	-0.0000
134009973	0.4911
71228112	0.2181
800509383	0.3182
722061628	0.1769
23203818	-0.0000
69303838	-0.0000
783489088	-0.0000
142923433	-0.0000
717173610	-0.0000
820266374	-0.0000
822856657	0.2003
371812798	-0.0000
149740126	0.2181
326136555	0.3772
436611296	-0.0000
746086865	-0.0000
824610720	-0.0000
330438784	0.2181
824348540	0.2181
821642202	0.2181
93726823	0.2181
61900213	-0.0000
810162000	-0.0000
824358470	-0.0000
815022386	-0.0000
334754153	0.4362
17733130	-0.0000
328451832	-0.0000
128446921	0.2181
488691812	-0.0000
29542478	-0.0000
487243998	-0.0000
749602752	-0.0000
824486105	-0.0000
342188728	0.5171
132176917	-0.0000
19516958	-0.0000
132437348	-0.0000
327225532	-0.0000
347324932	-0.0000
74386655	-0.0000
2739494	0.2143
824415181	-0.0000
824569679	0.2181
794696560	0.2181
759454505	-0.0000
818766005	0.3457
398560290	-0.0000
360832087	0.4362
445773	-0.0000
105643591	-0.0000
391964577	-0.0000
817769735	-0.0000
824564756	-0.0000
824503197	-0.0000
145672505	0.4192
824327625	0.2181
493904458	-0.0000
484431360	-0.0000
423213054	-0.0000
59032355	-0.0000
45234801	0.2181
74979526	0.2663
331785378	-0.0000
799742283	0.2003
152646377	-0.0000
59976757	-0.0000
44638642	0.2181
116482136	0.2181
349709971	0.2181
454157704	-0.0000
50591513	-0.0000
15109447	0.0675
116540586	-0.0000
729408638	-0.0000
79551801	0.2177
54884844	0.2181
732483544	0.2003
822097595	0.2003
151403621	-0.0000
151667816	-0.0000
337975093	-0.0000
47651877	0.2003
412086452	0.2181
824561011	0.2181
60611708	-0.0000
492224896	-0.0000
323596067	-0.0000
127222373	-0.0000
51257705	-0.0000
417138521	0.1575
768416847	-0.0000
51027955	0.2003
57040303	-0.0000
824401806	-0.0000
492049196	-0.0000
6905228	-0.0000
57567001	-0.0000
146639512	-0.0000
824333514	0.2181
746340162	-0.0000
492224877	0.1769
361106515	-0.0000
453600067	-0.0000
88400068	-0.0000
96676868	-0.0000
77755147	0.3457
358646846	-0.0000
119504754	-0.0000
824530166	-0.0000
88666959	-0.0000
724036391	-0.0000
747172426	0.3259
36730786	0.1418
823958638	-0.0000
121418192	0.3457
487448409	0.1098
723540866	-0.0000
94194510	-0.0000
103739257	0.2181
95127268	-0.0000
32806830	-0.0000
440110632	-0.0000
723394000	-0.0000
327714308	-0.0000
78890843	-0.0000
823245564	0.1769
782931962	-0.0000
332153697	0.2181
44165834	0.2181
131340520	0.3319
824340368	-0.0000
155305876	-0.0000
739304553	-0.0000
778208691	-0.0000
548957331	0.2003
79101369	-0.0000
2857130	0.1769
94259710	0.2003
760196795	-0.0000
422731052	0.2181
814395212	-0.0000
824327600	-0.0000
130391693	-0.0000
790461876	-0.0000
24484828	-0.0000
795193134	-0.0000
370501042	0.2587
789505336	-0.0000
93174704	-0.0000
386897884	0.2181
770954483	-0.0000
87089127	0.2730
780351912	-0.0000
727071331	-0.0000
488844661	0.2181
824640254	-0.0000
755680729	-0.0000
766810035	-0.0000
25357488	0.2315
823835049	-0.0000
65380773	0.2181
155925255	-0.0000
37236056	0.3676
426693893	0.2181
407773923	-0.0000
823563006	0.1290
322489324	-0.0000
345159646	-0.0000
132462523	0.0959
125400673	-0.0000
345658389	-0.0000
381684199	0.1290
142573207	-0.0000
791628036	-0.0000
324840535	0.2181
117707109	-0.0000
77233079	-0.0000
815656095	-0.0000
432630915	-0.0000
147562274	-0.0000
54757662	-0.0000
824293859	-0.0000
810695493	-0.0000
11789766	0.1769
70469662	-0.0000
13007931	0.1635
106786665	-0.0000
113288302	-0.0000
150008711	-0.0000
413245448	-0.0000
816205607	-0.0000
140887629	0.1769
474023933	-0.0000
824650977	-0.0000
98968839	0.2867
372017167	0.2181
763602574	0.2181
484431448	-0.0000
131684199	-0.0000
824324400	0.2003
487243360	-0.0000
88566733	-0.0000
3737628	-0.0000
6229746	-0.0000
24995934	0.2003
487242942	-0.0000
44713638	-0.0000
10434379	-0.0000
824620206	0.2181
28780762	0.2181
812386129	-0.0000
356451667	0.2003
824469451	-0.0000
454339872	-0.0000
723666938	-0.0000
56669324	-0.0000
756098784	-0.0000
824409548	-0.0000
353435865	-0.0000
4512970	-0.0000
794815259	0.2181
794815255	-0.0000
420228612	-0.0000
6149754	0.2990
128380404	0.4362
823283625	0.2003
320456533	-0.0000
457979115	-0.0000
819339473	-0.0000
822572254	0.2181
824525723	0.2181
134620309	-0.0000
794815873	0.2181
82233352	-0.0000
816443097	0.2990
22945917	-0.0000
821990737	0.2162
452566370	-0.0000
62986263	-0.0000
365691981	-0.0000
63991105	0.2181
801732956	0.2181
41243114	0.4792
750049057	-0.0000
808986056	0.2003
810354850	-0.0000
772080240	-0.0000
143766851	-0.0000
52502929	-0.0000
582125974	-0.0000
35286616	-0.0000
94847889	-0.0000
460844845	0.1769
79048963	0.4362
42953490	-0.0000
455020106	0.2181
740946990	-0.0000
11466544	-0.0000
762277987	-0.0000
726252989	0.2181
334178074	-0.0000
492221981	-0.0000
140945180	-0.0000
399919117	-0.0000
131518334	-0.0000
345356446	-0.0000
820361829	-0.0000
819884232	-0.0000
371874902	0.2003
326065866	-0.0000
409250181	-0.0000
413932575	-0.0000
824579008	0.2181
749887126	-0.0000
31344024	-0.0000
361625982	-0.0000
144983179	0.2181
738827119	-0.0000
378184079	0.2181
677023312	0.2181
786734760	-0.0000
789608267	-0.0000
79136230	0.1023
330690230	0.4192
399492530	0.3319
778919443	0.2181
806276588	-0.0000
66198644	0.3472
779147792	-0.0000
438242184	0.2181
326628298	-0.0000
824387324	0.2181
20011547	-0.0000
130314319	0.2181
148503929	-0.0000
492313568	0.1769
373604506	-0.0000
492313560	-0.0000
811363092	0.2003
383636166	-0.0000
751033665	-0.0000
820817190	-0.0000
21918477	0.2990
817428077	-0.0000
387636468	-0.0000
133930327	-0.0000
94087547	-0.0000
300857116	-0.0000
818201712	0.2003
823127216	0.2181
824473583	0.3457
744513001	-0.0000
752405345	-0.0000
137686744	0.2181
76845825	0.2181
320747765	-0.0000
146629838	-0.0000
87527803	-0.0000
824680916	0.2181
440553562	0.3457
819627565	-0.0000
806982637	-0.0000
625586530	0.2181
3991078	0.2990
145424488	-0.0000
824674572	-0.0000
487243937	-0.0000
131997732	-0.0000
301188181	0.2181
798281928	-0.0000
157176984	-0.0000
824440327	0.2003
40131929	-0.0000
34415510	0.2003
28554134	-0.0000
417443157	0.2181
340500427	0.1575
384842112	-0.0000
94325286	-0.0000
781067925	-0.0000
56903804	-0.0000
818230710	0.4362
425990171	-0.0000
410135981	-0.0000
794815473	-0.0000
638015066	0.2181
811949804	0.2149
58187420	0.1769
346690274	-0.0000
800260653	-0.0000
824523672	0.2181
810079022	-0.0000
800401023	0.1769
23009704	-0.0000
331165253	-0.0000
96411084	-0.0000
59345724	-0.0000
16551076	0.1888
337626391	0.2181
475595213	-0.0000
135339274	0.0771
7156425	-0.0000
38331582	-0.0000
791815604	0.2003
812538196	0.3989
342957643	-0.0000
47469077	-0.0000
492222057	0.2181
816302313	-0.0000
405171027	-0.0000
111644959	0.3378
737075945	0.2003
8050124	-0.0000
360403800	-0.0000
712694477	-0.0000
25338594	-0.0000
87291214	-0.0000
820076630	-0.0000
20896348	0.1575
748401418	0.2181
349054486	-0.0000
86130753	0.2118
392168475	-0.0000
11985473	0.1769
90548535	-0.0000
132695413	-0.0000
824005438	0.2181
121092726	-0.0000
824518484	0.2181
802996866	-0.0000
765684216	0.1769
392267122	-0.0000
765847453	0.1575
300302874	0.2003
730004290	0.2003
692004696	-0.0000
85074971	-0.0000
327728466	-0.0000
328786613	-0.0000
805933569	0.2181
749908316	0.2181
44045624	-0.0000
138846849	-0.0000
155672302	-0.0000
334147145	0.1769
819820116	-0.0000
351497497	-0.0000
487243328	-0.0000
817574548	0.2118
142626441	0.1623
53131455	-0.0000
363801177	-0.0000
368887968	-0.0000
121753270	-0.0000
800362403	-0.0000
86775139	-0.0000
739408039	0.5460
437595116	0.1769
79622452	-0.0000
791496716	-0.0000
446180267	-0.0000
823880039	0.2181
71054369	-0.0000
824604678	-0.0000
1595904	0.1922
58572503	-0.0000
815488522	0.2003
824135161	-0.0000
824280783	-0.0000
348599303	-0.0000
800869296	-0.0000
821482622	-0.0000
120519396	0.1769
750799462	-0.0000
62406204	-0.0000
738603491	-0.0000
146301618	0.2181
823886060	0.4018
84234112	-0.0000
342801443	0.3182
153633443	0.2003
479264273	0.2181
463366044	0.2003
499013346	0.2181
98741457	0.2181
430987081	-0.0000
57038367	-0.0000
453260617	-0.0000
150416383	0.2118
364083998	-0.0000
366235105	-0.0000
821529506	-0.0000
407099950	0.3433
146489588	0.2181
90584021	-0.0000
330282892	-0.0000
818226392	-0.0000
31133129	-0.0000
88261235	-0.0000
330001879	-0.0000
747665449	-0.0000
120795970	0.2181
746465405	-0.0000
394101776	0.2181
390458115	-0.0000
144456406	-0.0000
326732197	0.2003
813738364	0.2181
156606090	-0.0000
131247177	0.0771
809448986	-0.0000
133025387	-0.0000
12421345	-0.0000
110217444	0.2003
357759749	-0.0000
459864021	-0.0000
824511139	-0.0000
772086828	0.1602
156871590	-0.0000
88651495	-0.0000
126487585	0.0959
20130517	0.2181
30252688	-0.0000
103707927	-0.0000
823891955	0.2181
16749359	0.2181
425572683	0.2118
454984720	-0.0000
351803337	0.2181
758154025	-0.0000
802746891	0.2181
775400283	0.2181
98756003	-0.0000
410852740	-0.0000
626465809	-0.0000
712052888	-0.0000
69106407	0.2181
65171496	0.2181
101708192	-0.0000
79010866	0.2181
338108179	-0.0000
780038490	0.2181
38895054	-0.0000
364622245	0.2003
414235719	-0.0000
134139372	0.1769
426902411	-0.0000
460685498	-0.0000
72587051	-0.0000
97127989	-0.0000
104758585	0.2003
156289	-0.0000
137147256	-0.0000
365729364	-0.0000
824345784	-0.0000
491178142	-0.0000
427941933	-0.0000
378497641	-0.0000
378497640	0.3457
378497643	0.3306
84569077	-0.0000
817015373	-0.0000
20164153	-0.0000
41063840	-0.0000
824328016	-0.0000
724449994	-0.0000
47360510	0.2181
446418995	-0.0000
89023432	-0.0000
816742460	0.1781
51829013	-0.0000
321199735	0.1418
88528257	-0.0000
144599286	-0.0000
23501308	0.3182
373678254	-0.0000
4748678	0.1290
94328655	0.1290
824631816	-0.0000
824492425	-0.0000
417274165	-0.0000
462463846	-0.0000
824407658	-0.0000
813068967	-0.0000
126496270	0.2181
101980665	0.2003
775433430	-0.0000
93129229	-0.0000
824443321	0.2003
390569816	0.3272
361303545	-0.0000
27259890	-0.0000
373430464	0.2003
102038057	-0.0000
824632040	0.1769
451196771	0.2181
789958870	-0.0000
739441619	0.2003
735031024	-0.0000
13602008	-0.0000
760640449	-0.0000
154541920	-0.0000
728955014	-0.0000
83626072	-0.0000
29419709	-0.0000
484431294	-0.0000
343545824	0.2181
12421369	-0.0000
331677517	-0.0000
5578593	0.1769
138192938	0.2181
8921864	0.2181
715302082	-0.0000
447902192	0.2181
7392501	-0.0000
12817231	-0.0000
824624829	-0.0000
14958911	-0.0000
9539602	-0.0000
344254536	0.2181
824386582	0.2181
652860465	-0.0000
727638239	-0.0000
22528581	0.2063
789378288	0.2181
823969364	0.2181
806275583	0.3272
492076945	0.2181
807308142	0.2151
87986474	-0.0000
68800534	-0.0000
818437522	-0.0000
353493796	-0.0000
131126263	0.2181
355994688	-0.0000
15921276	0.2990
92779657	0.2003
7126969	0.2990
817769698	-0.0000
127518567	-0.0000
821672774	-0.0000
817929211	-0.0000
823679755	0.2181
762686338	-0.0000
818287736	0.2172
144409968	-0.0000
824112223	-0.0000
60796312	-0.0000
476944946	0.1575
813110248	-0.0000
740903607	0.1098
811452435	0.3457
65605560	-0.0000
23967636	-0.0000
423811263	0.2003
491502292	-0.0000
369839914	0.2003
300015101	-0.0000
353376956	0.2181
118737106	0.1186
761911361	-0.0000
88578183	-0.0000
819335515	-0.0000
93824994	-0.0000
791438034	-0.0000
820374480	0.2181
769179261	-0.0000
328270309	0.4429
418237159	-0.0000
824415144	0.2181
731023186	-0.0000
109152222	-0.0000
807995113	-0.0000
328371026	0.2990
91260935	-0.0000
131591538	0.4192
824310993	0.1418
11307764	-0.0000
824460695	-0.0000
12229089	0.1290
724409382	-0.0000
360864685	0.2181
818226469	-0.0000
818226465	-0.0000
806560274	0.2181
99163737	0.2181
816100601	-0.0000
333719792	0.2181
374308943	0.2948
129230209	-0.0000
18719558	-0.0000
97329754	0.2181
143477664	0.2003
418337617	-0.0000
110695243	-0.0000
819360270	-0.0000
326874000	-0.0000
30450287	-0.0000
805227362	-0.0000
139471607	0.2730
818201832	-0.0000
86744113	-0.0000
751093223	-0.0000
89330012	-0.0000
736471020	-0.0000
362834920	0.5638
824307293	-0.0000
80983625	0.1769
486220048	-0.0000
785421851	-0.0000
13871086	0.1575
143420301	-0.0000
435166774	-0.0000
63795545	-0.0000
393545879	-0.0000
417707693	-0.0000
134652478	-0.0000
454039059	0.2003
794815999	0.4911
740805529	-0.0000
824460591	-0.0000
824625695	0.2003
20312937	-0.0000
36758550	-0.0000
149630538	-0.0000
147344916	-0.0000
711257332	-0.0000
43142005	-0.0000
790164478	0.3457
35823348	0.2003
89393902	-0.0000
100231192	-0.0000
91358163	-0.0000
772623011	-0.0000
818937582	-0.0000
822040653	-0.0000
824327493	-0.0000
824550127	-0.0000
441864112	-0.0000
362491001	-0.0000
376606754	-0.0000
824558709	-0.0000
396953397	-0.0000
82307326	-0.0000
425682149	-0.0000
740195927	-0.0000
823724618	0.2181
18420551	-0.0000
13818072	0.2181
824327941	-0.0000
487243290	-0.0000
89865946	-0.0000
90865453	-0.0000
68562760	0.2003
391261712	-0.0000
765936860	-0.0000
824546107	0.2181
778359031	-0.0000
361540652	-0.0000
823604511	-0.0000
770178481	-0.0000
379618218	-0.0000
74856833	-0.0000
331171184	0.2003
456559977	0.2181
811664134	-0.0000
370933122	0.3272
486241199	-0.0000
103579145	0.2181
130659326	-0.0000
455025269	-0.0000
10796073	0.2181
812092580	-0.0000
78677325	0.1883
819935028	-0.0000
824340188	-0.0000
365914877	-0.0000
786070060	-0.0000
90971955	-0.0000
822468608	-0.0000
818748079	0.3457
796973891	0.2181
49582256	-0.0000
451511179	-0.0000
348209716	-0.0000
824085317	-0.0000
747779510	-0.0000
62583473	-0.0000
639925250	0.2003
122884215	0.2181
43807145	-0.0000
359918711	0.2003
80007792	-0.0000
710951409	-0.0000
822036548	-0.0000
817280395	0.3272
823824940	-0.0000
93529231	0.2181
326011456	0.2003
409940159	-0.0000
824540259	-0.0000
824467909	0.2506
818201811	-0.0000
822924034	0.5259
445403722	-0.0000
772893095	0.1888
36470239	0.2181
490510775	-0.0000
396996695	0.2506
824410344	-0.0000
824315737	-0.0000
823197812	0.1769
64901964	-0.0000
17244453	0.1769
728179789	0.1575
62079275	-0.0000
117385009	-0.0000
824413056	-0.0000
6871416	-0.0000
399950163	-0.0000
156241016	-0.0000
121642296	0.2181
92928940	-0.0000
824439114	-0.0000
818303139	0.2181
824730135	-0.0000
22037954	-0.0000
443013	0.1769
775023145	0.1157
386256062	0.3272
814457599	0.2181
103602283	-0.0000
417920718	-0.0000
812315181	-0.0000
359590882	-0.0000
753449652	0.2181
43330827	-0.0000
40969485	0.2181
795329534	-0.0000
766628566	-0.0000
148091002	-0.0000
322219407	0.1883
4481639	0.0930
6973540	-0.0000
116513817	-0.0000
818537195	-0.0000
815652231	-0.0000
824089953	0.3457
824732479	0.2181
139613211	0.1418
397250984	-0.0000
796951781	-0.0000
321424987	0.2003
62413474	-0.0000
820659826	-0.0000
156787223	-0.0000
326676422	0.2181
22903016	-0.0000
821396046	-0.0000
106939174	-0.0000
824318543	0.2181
368095739	-0.0000
406531767	-0.0000
781502249	-0.0000
156842206	-0.0000
19607855	0.2082
50207957	0.2181
712091521	0.2003
81124795	-0.0000
50009985	-0.0000
368957329	-0.0000
455020059	-0.0000
301627140	0.2181
762115586	0.1418
776166010	0.2181
21696690	0.2003
824483143	0.2181
146624340	0.2003
332713534	-0.0000
44382417	-0.0000
782089561	-0.0000
740376327	-0.0000
98307739	-0.0000
126607249	0.2003
478833426	-0.0000
302130089	-0.0000
388139050	-0.0000
806132034	0.2181
789226380	0.3066
419600914	-0.0000
54311768	0.3457
12213199	-0.0000
435408793	0.2181
6132323	-0.0000
823652854	-0.0000
436034109	0.2581
378507306	-0.0000
824325588	0.2181
790933908	-0.0000
794815535	0.3272
37256382	-0.0000
62088749	-0.0000
145503266	0.2181
75061228	0.1769
63723569	-0.0000
808213495	0.2181
9812803	-0.0000
824463383	-0.0000
300920103	-0.0000
7670278	-0.0000
404761389	-0.0000
459627985	-0.0000
824201907	-0.0000
816568831	0.1418
824427260	-0.0000
90629990	0.2181
326515377	-0.0000
411776772	0.1769
819035980	-0.0000
820662274	-0.0000
55145529	-0.0000
87722086	-0.0000
815910138	-0.0000
51240552	0.4683
779924516	-0.0000
823228803	0.3457
89320237	0.2181
487246326	-0.0000
425871180	-0.0000
682112912	-0.0000
778861950	0.3272
392602997	-0.0000
799376511	0.2181
493904586	-0.0000
822518842	-0.0000
818787458	0.2990
27001171	-0.0000
792498940	0.2181
152212429	-0.0000
813557703	-0.0000
801101712	-0.0000
374033677	-0.0000
449530568	-0.0000
153415728	-0.0000
812266911	-0.0000
101559532	-0.0000
119024084	-0.0000
88386555	-0.0000
89997586	-0.0000
58243920	-0.0000
746339371	-0.0000
90883783	-0.0000
454984732	-0.0000
709137870	-0.0000
18491447	0.2181
119011153	0.2181
78687120	-0.0000
88851215	0.3457
491935789	-0.0000
7381754	-0.0000
59799518	-0.0000
90131553	0.2181
345318426	-0.0000
428439106	0.2003
747597550	-0.0000
321278617	-0.0000
93231470	0.2315
810026954	-0.0000
23587001	-0.0000
26354014	-0.0000
818291595	0.2181
84677040	-0.0000
57765065	-0.0000
824501925	0.2181
138523512	0.1769
795819232	0.2181
818201852	-0.0000
806613405	0.2181
300894707	0.2181
146294985	-0.0000
487628394	0.2181
791163118	0.2003
145608890	0.0764
15337158	-0.0000
492222180	0.4702
83156162	0.2181
379617544	0.1769
822578446	-0.0000
824438464	-0.0000
75838023	-0.0000
64600860	-0.0000
795005086	0.2181
437301803	-0.0000
787505367	-0.0000
824620698	-0.0000
423089248	-0.0000
462241650	-0.0000
824498091	-0.0000
359926838	0.3272
747156663	-0.0000
24673829	0.2181
822855365	-0.0000
359106502	0.4184
326364985	-0.0000
346710058	-0.0000
792294757	0.2181
24607892	0.3457
52860498	-0.0000
810867314	0.2181
301398020	-0.0000
121115779	-0.0000
473085196	-0.0000
487243234	-0.0000
814042823	-0.0000
770154934	0.2506
726795513	0.2181
769191419	-0.0000
367097491	-0.0000
141622065	0.1769
121022346	-0.0000
386549346	-0.0000
813928642	-0.0000
46493484	-0.0000
723268006	-0.0000
75311989	-0.0000
34203154	0.2181
12103604	-0.0000
128251829	0.3457
29418927	-0.0000
126536254	-0.0000
364666633	-0.0000
62228461	0.2181
455367445	-0.0000
30299098	0.3616
300373945	-0.0000
736701085	-0.0000
738605147	-0.0000
492221962	0.3457
84141112	0.2118
819413028	-0.0000
784537253	-0.0000
824502063	-0.0000
824492054	-0.0000
822007870	-0.0000
806774205	-0.0000
824553550	-0.0000
767058939	-0.0000
811701417	-0.0000
759468643	0.3272
798362326	-0.0000
811244559	-0.0000
711846707	-0.0000
92728713	0.1769
796782227	0.2003
775578574	-0.0000
737041527	-0.0000
355081273	0.2181
803025228	0.2990
487442846	0.2142
824136307	-0.0000
41740152	-0.0000
11409574	-0.0000
489241333	-0.0000
358665748	-0.0000
20192274	-0.0000
458172105	-0.0000
426186382	-0.0000
154722602	-0.0000
425989737	-0.0000
768738206	-0.0000
155361488	-0.0000
134075376	-0.0000
86331998	0.2181
83420945	-0.0000
813211358	-0.0000
823233239	-0.0000
488211673	0.2181
23749547	-0.0000
320917839	-0.0000
148203218	-0.0000
794815915	-0.0000
58145706	-0.0000
753307576	0.2181
121334503	0.2003
536199121	-0.0000
814572648	0.2181
728815736	-0.0000
822257800	-0.0000
72214386	0.0675
820431192	-0.0000
73597689	0.1769
811111093	-0.0000
726702265	0.2181
331311317	0.2181
49401356	0.3272
356022413	-0.0000
