782309409	-0.0000
435644761	0.2149
147645927	0.2003
825346223	-0.0000
329101464	0.2003
24302707	-0.0000
59666599	0.2181
3729368	-0.0000
734817400	-0.0000
300353321	0.2003
797650272	-0.0000
769049027	-0.0000
44688082	-0.0000
90043697	-0.0000
6824112	0.1290
464226774	0.2003
341167010	-0.0000
333439749	-0.0000
105989573	-0.0000
54666123	-0.0000
822262678	-0.0000
33251244	-0.0000
320648836	-0.0000
729258018	0.2181
818340106	-0.0000
737489780	-0.0000
457876662	-0.0000
17217278	0.1769
379730262	-0.0000
92958230	0.1458
800997742	0.1023
7750638	-0.0000
35918681	-0.0000
108907391	0.2003
490776459	0.3457
779771510	-0.0000
802756098	0.2181
42916972	0.2003
684178917	-0.0000
814613223	-0.0000
717982905	-0.0000
27114116	-0.0000
148172501	0.2390
423632414	-0.0000
96672082	-0.0000
329940972	0.2181
365540310	-0.0000
820912443	-0.0000
3849396	-0.0000
152695249	-0.0000
811469750	-0.0000
761385254	-0.0000
97038392	-0.0000
328751202	-0.0000
156926853	-0.0000
805898888	-0.0000
815919480	0.3457
721379141	-0.0000
801230871	-0.0000
394340554	-0.0000
454986491	-0.0000
81770389	-0.0000
351109614	0.2181
106469828	-0.0000
141214382	0.2181
805854132	-0.0000
737490585	-0.0000
825381380	-0.0000
765450305	-0.0000
623433503	-0.0000
27016220	-0.0000
100344638	0.2181
825362128	0.2003
825367335	0.2181
741467937	0.3272
492436939	-0.0000
114963704	-0.0000
18439895	0.2181
147196761	-0.0000
825608394	-0.0000
78289885	-0.0000
134339092	-0.0000
425129964	0.3272
821574714	-0.0000
324809395	0.2181
324859678	-0.0000
807728411	0.2181
2192669	-0.0000
87607463	-0.0000
16839322	0.3457
823785962	-0.0000
58045094	0.1418
140718416	0.3182
152146964	-0.0000
799302106	-0.0000
825343149	-0.0000
155648462	0.2082
817586012	-0.0000
797655684	-0.0000
823709884	-0.0000
364952948	-0.0000
358605329	-0.0000
82432679	0.0427
423920145	-0.0000
729671026	0.2181
791850161	0.2181
765622376	0.2181
151543686	0.2181
25712553	-0.0000
825463103	0.2181
138237438	-0.0000
425719750	-0.0000
413826040	0.3272
149571219	-0.0000
7126985	-0.0000
347990607	0.2003
821796372	-0.0000
403828953	0.0368
803025228	-0.0000
340633299	0.1575
825465426	0.2181
815528591	0.2181
814499608	-0.0000
823873544	0.2181
68034863	-0.0000
81301501	-0.0000
492374332	-0.0000
823839395	-0.0000
797530240	-0.0000
21824591	-0.0000
816452556	0.1575
825189775	-0.0000
811779741	-0.0000
816696408	0.2003
488884101	-0.0000
135636708	-0.0000
795913858	-0.0000
772754552	0.2181
458515162	-0.0000
805674231	-0.0000
753266707	-0.0000
106496127	-0.0000
825395371	-0.0000
109307043	-0.0000
140886090	0.3630
350728046	-0.0000
818013031	0.2181
427228616	-0.0000
155668219	-0.0000
130440199	-0.0000
801292078	-0.0000
75558047	0.2181
156868974	-0.0000
400648226	0.1769
73421922	0.2181
773258180	0.2181
824245334	-0.0000
40607954	-0.0000
331677517	-0.0000
393073105	-0.0000
458825621	-0.0000
325831865	0.2181
460874975	0.2181
21862076	-0.0000
378454914	-0.0000
155548866	-0.0000
777172827	-0.0000
716307014	-0.0000
820278535	-0.0000
492222354	-0.0000
524107668	0.3182
301005303	-0.0000
819296906	0.2181
825337786	-0.0000
141196661	-0.0000
719238091	-0.0000
462578348	-0.0000
733543518	-0.0000
798232934	0.3050
357709478	-0.0000
93087090	0.2181
60902516	-0.0000
725683160	-0.0000
27091224	-0.0000
454039059	0.2181
21640826	-0.0000
321274464	-0.0000
92720781	-0.0000
788127340	-0.0000
60372653	0.2181
819262383	-0.0000
426954796	-0.0000
11058979	0.2833
411461292	0.2003
792270597	0.2181
2206112	0.2181
752169475	0.2181
352747616	0.1575
794819185	0.2181
641231190	0.2181
37651032	-0.0000
73010238	0.2181
89616556	-0.0000
825397957	0.3007
685897755	0.1575
763337017	0.2003
811961940	-0.0000
113205285	-0.0000
738693594	0.1098
149026063	-0.0000
344142562	-0.0000
764018467	-0.0000
125670304	-0.0000
797648838	-0.0000
345577979	0.2003
74998304	-0.0000
125665701	-0.0000
765976099	-0.0000
5001040	-0.0000
491981149	0.3272
806356701	-0.0000
329241708	-0.0000
21381109	-0.0000
153164118	-0.0000
349323720	0.3319
91306068	-0.0000
18062914	-0.0000
793667678	-0.0000
152796634	0.2181
810619663	-0.0000
793892502	-0.0000
320570071	-0.0000
822474997	-0.0000
64934428	0.2730
797538700	-0.0000
366107706	-0.0000
367014878	-0.0000
75061228	-0.0000
813885642	0.1575
821679133	-0.0000
321868637	-0.0000
112804619	0.2003
335496415	-0.0000
146735920	-0.0000
23958731	-0.0000
424419028	0.2181
455069765	-0.0000
87986231	-0.0000
22425952	-0.0000
491552985	-0.0000
813918186	-0.0000
14307648	-0.0000
436614959	-0.0000
816342295	0.2003
31705370	-0.0000
340131214	-0.0000
787643721	-0.0000
357258068	-0.0000
411413876	0.2118
746464988	0.1575
825532941	-0.0000
155698240	-0.0000
759834128	-0.0000
822182851	-0.0000
330676489	-0.0000
738865703	-0.0000
56884480	0.2181
797649661	-0.0000
65427967	0.0959
82969875	-0.0000
89794699	-0.0000
766849251	-0.0000
78354017	0.4525
77442132	-0.0000
797654024	-0.0000
825335851	-0.0000
369923118	-0.0000
782320648	-0.0000
127900918	-0.0000
36475244	0.1883
321657358	-0.0000
52303841	-0.0000
824184314	0.2212
108327719	-0.0000
816944474	-0.0000
820372490	-0.0000
776317143	-0.0000
133655134	-0.0000
492164572	-0.0000
26671204	-0.0000
121342202	0.2181
789611061	-0.0000
440356503	-0.0000
821755046	-0.0000
383035932	-0.0000
432319181	0.2181
391929360	0.3457
51875966	0.1769
78668032	-0.0000
740349884	0.1769
421507375	-0.0000
824426326	-0.0000
57038367	-0.0000
342087463	0.2181
823182287	-0.0000
814906851	0.2181
334991843	-0.0000
32724864	0.5878
797839456	-0.0000
809908886	0.2003
825344097	0.2297
77650683	-0.0000
737303639	-0.0000
3568966	-0.0000
712242819	-0.0000
455041937	-0.0000
9529648	0.3909
818462819	-0.0000
377408677	-0.0000
751697619	-0.0000
151432324	-0.0000
772940269	0.1186
724186521	-0.0000
492567178	0.2181
418143012	-0.0000
494012715	0.2181
412448640	-0.0000
152368417	-0.0000
10322986	-0.0000
799664303	-0.0000
797545690	-0.0000
152526701	-0.0000
825520967	0.2702
359732512	0.2003
323174359	-0.0000
144091615	0.3007
11699829	-0.0000
83524021	-0.0000
133862613	-0.0000
12170323	-0.0000
797836542	-0.0000
492436950	-0.0000
367872311	-0.0000
357578881	0.3457
773278364	-0.0000
797546272	-0.0000
797541609	-0.0000
818200243	0.2181
783742998	-0.0000
73470503	0.2003
95801985	0.1769
684936234	-0.0000
418545302	-0.0000
431992354	-0.0000
431493872	-0.0000
146877025	-0.0000
395475137	-0.0000
461274561	-0.0000
426831525	-0.0000
432000941	-0.0000
117004318	-0.0000
143698181	-0.0000
810354850	-0.0000
300443591	0.2003
28395413	0.2181
56107383	0.2003
825539100	-0.0000
21545158	-0.0000
143506715	-0.0000
437248623	-0.0000
825326614	-0.0000
129836010	-0.0000
102572216	-0.0000
94020469	-0.0000
77996377	0.2003
817586206	0.2181
139700238	0.2003
804496004	-0.0000
712402980	0.4259
458764974	-0.0000
349663966	0.2181
18010258	-0.0000
6388612	-0.0000
135385374	0.2181
718949492	-0.0000
477677188	0.2181
20321341	0.4911
79503702	0.2181
825367725	-0.0000
355204832	-0.0000
139964653	0.2990
87156325	-0.0000
825525413	-0.0000
810352293	-0.0000
729677096	-0.0000
825327422	-0.0000
34259548	-0.0000
413044746	-0.0000
825331366	0.2003
811810940	-0.0000
810156654	-0.0000
663328403	-0.0000
458266455	-0.0000
622544479	0.2118
345635319	-0.0000
825556775	-0.0000
454288981	-0.0000
130840506	0.1186
814427267	-0.0000
39981765	0.1575
351973643	-0.0000
32992724	-0.0000
96494264	0.1769
19101232	0.2003
468716914	-0.0000
812231860	0.1942
300308707	0.3817
6515236	0.2003
505857357	0.2181
782519776	0.3457
366465903	-0.0000
455069587	-0.0000
805961327	-0.0000
756490337	0.2181
420373283	0.2181
761390976	0.2118
329633091	0.3182
816825247	0.2181
738619764	0.2181
817317247	0.1769
75164386	0.2003
104070573	-0.0000
101344803	-0.0000
43795265	0.2181
345318059	-0.0000
817857211	0.1769
795252326	-0.0000
145099912	-0.0000
820085156	-0.0000
825539473	-0.0000
492313571	0.2181
492313570	-0.0000
456033513	-0.0000
454986607	-0.0000
809516890	-0.0000
332781488	0.1575
321661677	-0.0000
797836994	-0.0000
811792405	0.1290
48212673	0.2181
790573393	0.2027
809471499	-0.0000
427373982	-0.0000
30187256	-0.0000
781355091	0.2003
372512752	-0.0000
320774880	-0.0000
105506652	-0.0000
751293589	-0.0000
328996668	0.2181
455611872	-0.0000
140680263	0.2003
802023566	0.1769
782300726	0.2181
108485019	-0.0000
348945	-0.0000
424119992	-0.0000
414547443	-0.0000
718523875	-0.0000
29936254	0.3337
69970264	-0.0000
321772395	-0.0000
22418384	0.0832
792524132	-0.0000
817301937	-0.0000
813922666	-0.0000
797649988	-0.0000
810057194	-0.0000
780887372	-0.0000
755062175	-0.0000
347184050	0.1575
795872030	0.3457
385739659	-0.0000
817007287	-0.0000
773809235	0.2003
420710954	0.2181
748118939	-0.0000
109918078	-0.0000
801292611	0.4735
7126620	-0.0000
456108699	-0.0000
409626934	0.2082
128251000	0.2181
823939961	0.4341
331870572	-0.0000
419127135	0.2181
97912816	0.2181
84005371	-0.0000
300019691	-0.0000
334648299	0.2181
355664046	-0.0000
487628250	-0.0000
816975579	0.3272
99936842	0.2181
27000083	-0.0000
491552839	-0.0000
439446130	0.0959
797649538	-0.0000
4614563	0.3426
95881321	0.2003
39846072	0.2181
459137567	0.2181
823281741	0.2181
10986918	-0.0000
712229059	-0.0000
825546013	-0.0000
10107812	-0.0000
825288265	-0.0000
81318736	0.2181
786980138	-0.0000
632954365	-0.0000
81312139	0.2181
142209500	0.2118
825410448	-0.0000
46583803	0.2003
351117546	0.2181
379521684	0.2181
711928681	-0.0000
795602214	-0.0000
738635318	-0.0000
741046046	0.1769
790917008	-0.0000
492313552	0.2162
797544146	-0.0000
94480595	0.2181
36754426	-0.0000
69631689	-0.0000
825316399	-0.0000
813035532	-0.0000
29142655	0.1418
480819886	-0.0000
817585883	-0.0000
786674865	0.2181
455117294	-0.0000
401420793	-0.0000
301387718	-0.0000
5385835	-0.0000
421072367	0.2181
823405985	0.2003
815940135	-0.0000
119029270	0.2181
808875233	-0.0000
817215711	-0.0000
726189419	-0.0000
151835523	-0.0000
825396683	-0.0000
326654744	-0.0000
155138355	0.1575
825451646	0.2003
90301516	-0.0000
56011918	-0.0000
825345741	-0.0000
354247005	-0.0000
53764602	0.2181
431049477	-0.0000
455069685	-0.0000
432778678	0.2181
823139728	-0.0000
120982681	0.2181
70438070	-0.0000
378826141	-0.0000
77033109	-0.0000
809812430	-0.0000
788033555	-0.0000
808471035	-0.0000
797654187	-0.0000
804594739	-0.0000
62279567	0.2003
797543091	0.2181
154594012	-0.0000
40285487	-0.0000
813917840	-0.0000
825296799	-0.0000
114316749	-0.0000
147732286	-0.0000
821412369	-0.0000
821237159	0.2181
54668575	-0.0000
758335684	-0.0000
86632517	-0.0000
756326493	0.2181
622726294	0.2181
24049464	-0.0000
131372041	-0.0000
470385429	0.2181
23548189	-0.0000
758947093	0.2181
803029392	0.2003
155117068	0.2999
723921695	0.2181
491552814	-0.0000
27535951	0.2003
797555411	-0.0000
803627405	-0.0000
126545546	-0.0000
824949281	-0.0000
810635258	-0.0000
66233923	0.2181
144228984	-0.0000
464344919	0.2181
65370392	-0.0000
157364138	-0.0000
135694973	-0.0000
823434480	-0.0000
26265065	-0.0000
814409022	0.2003
121240931	0.2003
825420673	-0.0000
768701082	0.2003
355404496	0.2181
140761888	-0.0000
468938310	-0.0000
809620285	-0.0000
491171152	0.4192
142413686	-0.0000
80045194	0.2181
461438250	-0.0000
734038072	0.2003
415158866	-0.0000
754931811	-0.0000
776525144	-0.0000
36280540	-0.0000
51043279	-0.0000
772839655	-0.0000
86224435	0.2003
151974576	0.2003
480819863	-0.0000
813260963	-0.0000
7118835	0.2003
102788186	-0.0000
815429676	-0.0000
772053360	-0.0000
819322241	-0.0000
60842898	-0.0000
394754531	0.3457
156549970	0.1418
49758829	-0.0000
816120623	0.5064
60888569	0.2181
825346145	-0.0000
492164599	-0.0000
412195407	0.1769
16559316	0.4362
142693376	-0.0000
97325242	0.2181
740274729	0.2181
398129708	-0.0000
45737874	0.1769
480411286	-0.0000
825359722	0.2181
824662350	-0.0000
825305402	-0.0000
24082562	0.4848
438839672	0.2003
301277444	-0.0000
111434512	-0.0000
437257608	-0.0000
820059757	0.1575
772032045	-0.0000
458059462	0.2181
825392786	-0.0000
779105595	-0.0000
797540697	0.1290
130410881	0.2003
725069248	-0.0000
429428679	-0.0000
825335935	0.2181
465143995	-0.0000
491553237	-0.0000
140707680	0.2003
335389703	0.2003
50894983	-0.0000
7127020	0.1781
334518710	-0.0000
790737804	-0.0000
7126190	-0.0000
729867941	-0.0000
683851183	-0.0000
808824459	-0.0000
364423541	-0.0000
138760488	0.2181
328743287	-0.0000
642904712	0.3457
71119277	-0.0000
144004133	-0.0000
808993843	0.3006
350179953	-0.0000
797648404	-0.0000
825334745	-0.0000
825366481	-0.0000
478976472	-0.0000
492258869	-0.0000
422931865	-0.0000
84927928	-0.0000
109856650	-0.0000
769616295	0.2181
392319708	0.4362
823363452	0.2003
70872084	-0.0000
29896534	-0.0000
93686621	-0.0000
818564616	-0.0000
79917347	-0.0000
716222884	-0.0000
763087083	0.2162
736033906	-0.0000
21066834	-0.0000
816339885	0.1575
85865319	0.2670
357556262	-0.0000
71744728	-0.0000
817780957	-0.0000
157385284	-0.0000
35851039	-0.0000
60891642	0.2730
480819842	-0.0000
82464678	-0.0000
825446526	-0.0000
806272250	-0.0000
814726972	-0.0000
808118221	-0.0000
818765158	-0.0000
93879041	0.3457
98022603	-0.0000
822290629	-0.0000
16986422	0.2003
40447201	-0.0000
817586160	0.2181
53721586	0.2181
360123103	0.1781
6870381	-0.0000
818597604	0.1098
65347426	0.2181
750527194	-0.0000
300156551	-0.0000
824915153	-0.0000
825325617	-0.0000
42776076	0.2833
141749852	-0.0000
12333215	-0.0000
23552585	-0.0000
123643886	-0.0000
812413307	-0.0000
823666701	-0.0000
825391694	0.2181
16505501	-0.0000
748080007	-0.0000
777252445	0.1290
354049254	-0.0000
822847996	-0.0000
797862685	-0.0000
323630278	0.2181
747779510	0.1942
786340739	0.4192
1205543	0.2181
126573902	0.2181
715684406	0.2003
491552836	-0.0000
753537691	-0.0000
29001154	-0.0000
89405104	0.2181
328739154	0.2003
13521916	0.3272
412575893	-0.0000
733131187	0.3909
825329058	-0.0000
379381150	-0.0000
9926544	0.1769
357759579	-0.0000
818499135	-0.0000
99234901	-0.0000
771677144	0.2051
381885188	-0.0000
825222866	-0.0000
5906647	0.1290
130949736	-0.0000
684581260	-0.0000
21347	-0.0000
760251346	-0.0000
16981021	-0.0000
761073068	0.1575
789410061	-0.0000
813373257	-0.0000
25608490	-0.0000
53166960	-0.0000
13700499	-0.0000
31240315	0.2181
408551	0.3247
766450653	-0.0000
71621547	0.2181
487628394	0.2003
823052335	-0.0000
80810125	0.3097
491553060	-0.0000
40520367	-0.0000
810919069	0.2003
433629465	0.2593
816780399	-0.0000
147899640	0.1575
44279566	-0.0000
734031557	-0.0000
751696931	-0.0000
28986833	0.2181
751075797	-0.0000
388448498	-0.0000
105691624	0.3457
806583266	-0.0000
791600045	-0.0000
27223260	0.2168
323568987	-0.0000
19821504	0.2181
93646337	-0.0000
760756061	-0.0000
24645394	0.0810
45739816	-0.0000
57310315	-0.0000
376787835	-0.0000
88018347	-0.0000
823433238	-0.0000
815366726	0.2181
825376018	0.2181
90581834	-0.0000
380900122	0.2270
825379777	-0.0000
43395806	0.4192
34415510	0.4010
806157923	0.2181
31665133	0.1769
757371302	0.2181
324091040	0.3272
749007558	0.1769
792471276	-0.0000
823522752	-0.0000
86255622	-0.0000
75074604	-0.0000
813977924	0.2003
737042971	0.2181
18590279	-0.0000
825381999	0.2003
676111946	-0.0000
825331922	-0.0000
415569363	-0.0000
818520235	-0.0000
154998472	0.0427
24301719	0.2181
818982961	-0.0000
134778976	0.1769
799045445	0.2181
10863725	-0.0000
825343621	-0.0000
825329017	-0.0000
64018429	-0.0000
343790312	-0.0000
11171290	-0.0000
818883788	-0.0000
783612204	-0.0000
805489088	0.2181
139845001	0.2003
436907572	-0.0000
825563760	-0.0000
95320770	0.4184
825549021	-0.0000
485391709	-0.0000
772323615	-0.0000
10932060	-0.0000
1141840	-0.0000
19918146	-0.0000
379327880	-0.0000
754563136	-0.0000
151585203	-0.0000
814095824	0.2181
321974876	-0.0000
825335691	0.2181
55052702	-0.0000
356057047	0.2181
491938024	-0.0000
430882395	0.2181
3247087	-0.0000
139081834	-0.0000
85319123	-0.0000
749716106	-0.0000
320015272	0.2181
132997651	0.2003
90154041	-0.0000
817172911	0.1769
825319623	-0.0000
300456993	0.1418
762139478	-0.0000
458498305	-0.0000
485234756	-0.0000
719581281	-0.0000
434312864	-0.0000
825164407	-0.0000
813972090	-0.0000
817586242	0.2181
825368901	-0.0000
154831595	0.1290
761472450	-0.0000
111725613	-0.0000
35424461	-0.0000
824936477	0.2181
325723733	-0.0000
430967090	0.2835
431877785	-0.0000
370523789	-0.0000
22615849	-0.0000
2040806	0.3457
43298457	-0.0000
323847453	-0.0000
825549273	0.2181
460752043	-0.0000
47971154	-0.0000
817639630	-0.0000
790952356	0.5260
461120850	-0.0000
30769932	-0.0000
138543504	0.2181
825335222	0.1575
765170470	-0.0000
783925247	0.2003
404034856	0.2181
432011297	0.0472
435318109	-0.0000
424163355	-0.0000
794996022	-0.0000
819258866	-0.0000
368992558	-0.0000
753193917	0.2003
76570286	-0.0000
136045125	-0.0000
129960264	-0.0000
55179438	-0.0000
825267813	-0.0000
803313144	-0.0000
419564523	0.3457
821550671	-0.0000
126606582	0.5998
81834945	-0.0000
438176355	-0.0000
85593414	-0.0000
485516390	-0.0000
142938025	0.3272
806284935	-0.0000
815431461	-0.0000
787448366	-0.0000
11598327	-0.0000
727730491	-0.0000
422016372	-0.0000
69346544	0.2181
145528772	0.0545
147140529	-0.0000
101717304	-0.0000
803413369	0.2181
408921080	-0.0000
489548833	-0.0000
823863512	-0.0000
150525159	-0.0000
793656944	0.3007
825381046	0.3272
788777748	-0.0000
90069102	-0.0000
346062282	-0.0000
361392055	-0.0000
130293838	-0.0000
797555515	-0.0000
154227419	-0.0000
88519777	-0.0000
822048486	-0.0000
140661940	0.2181
86279582	-0.0000
373440988	0.2181
395962041	0.2181
825436354	0.2181
484430894	0.2003
144418408	-0.0000
106142276	-0.0000
77891457	0.2181
825407374	0.1769
819607202	0.1769
5012505	0.2181
820556067	-0.0000
93349593	0.1186
747052498	-0.0000
60624690	0.2003
767500552	-0.0000
785879735	-0.0000
333521257	-0.0000
37818129	0.2003
461409561	0.1290
87048009	-0.0000
770253576	-0.0000
328291800	0.3914
408574552	0.2181
815040278	-0.0000
748077635	-0.0000
421542056	0.3272
342685191	0.2990
23675835	0.3457
26072369	0.1769
771003263	-0.0000
32167339	0.4641
806123477	-0.0000
451316569	-0.0000
6214226	-0.0000
365541464	-0.0000
810695121	-0.0000
219724	-0.0000
454986563	-0.0000
25362036	0.2181
485759900	-0.0000
737099801	0.2003
752535987	0.2149
685998881	0.2082
60335524	-0.0000
464245661	0.2181
804465282	-0.0000
301758615	-0.0000
824668130	-0.0000
2213621	0.3155
115244437	-0.0000
817586085	0.2990
760262726	0.2003
156541423	0.3272
414919734	-0.0000
29760421	0.2181
148521880	-0.0000
391722607	-0.0000
711566467	-0.0000
98112987	0.2181
1270449	-0.0000
98413266	0.2181
140718902	0.2181
23337269	-0.0000
133069810	0.0853
25060067	-0.0000
490683557	0.2003
119731018	0.2181
685893669	-0.0000
6812825	-0.0000
825125332	0.2003
152646377	-0.0000
789471445	0.2003
825411825	-0.0000
814757910	0.2181
23254722	-0.0000
824114440	-0.0000
131615679	-0.0000
14234629	0.2181
812416600	-0.0000
9369903	0.1418
103493559	-0.0000
824854267	-0.0000
766743609	0.1418
797642338	-0.0000
815023214	-0.0000
773923702	0.6535
899616	-0.0000
812615259	-0.0000
815159803	-0.0000
373398142	-0.0000
492307848	-0.0000
154821075	0.2181
125466798	-0.0000
461485055	-0.0000
796804202	0.2181
825379066	-0.0000
88745443	-0.0000
491552913	-0.0000
763522067	0.2181
88900820	0.2181
365492922	-0.0000
823900218	-0.0000
121669599	0.2181
811932311	-0.0000
325956093	-0.0000
137952497	0.4192
137185126	-0.0000
806502076	-0.0000
134647805	-0.0000
11664762	-0.0000
797540090	-0.0000
762029161	-0.0000
718682903	0.1575
825506622	-0.0000
807365667	0.2181
410718371	-0.0000
805840449	0.1186
278015	-0.0000
129709981	-0.0000
825530284	-0.0000
49612133	-0.0000
454955121	-0.0000
454986586	-0.0000
817585983	0.2181
825347732	-0.0000
97390990	-0.0000
732486432	-0.0000
83935184	-0.0000
813763542	-0.0000
83980375	-0.0000
7126396	0.1492
806137857	0.2181
455526156	0.2181
789426401	-0.0000
40115861	0.2181
492258245	-0.0000
724272276	-0.0000
372850178	-0.0000
9727001	0.0912
782968171	0.2181
7125138	0.3641
65114440	-0.0000
780329089	-0.0000
4181075	-0.0000
812034393	-0.0000
22537550	0.0418
97939875	0.1769
824888608	-0.0000
813452935	-0.0000
63912034	-0.0000
773624065	0.2003
807923092	-0.0000
825399796	-0.0000
114922125	0.2181
711872430	-0.0000
820223555	-0.0000
33620058	-0.0000
492224935	-0.0000
459291511	0.3182
454930929	-0.0000
822075657	-0.0000
61753203	-0.0000
24471245	-0.0000
115923328	0.1769
301629205	-0.0000
797548669	0.1883
770230220	-0.0000
814600064	0.2181
450650070	0.2181
49940440	-0.0000
375181528	0.2003
790952432	0.2181
807991614	0.2181
734693268	-0.0000
824928327	0.1575
352625199	-0.0000
328970974	0.0853
787946365	0.1290
815455116	-0.0000
114865601	-0.0000
23874405	-0.0000
424797852	-0.0000
101697782	-0.0000
749293750	-0.0000
825319318	-0.0000
351856636	-0.0000
78424833	-0.0000
23938864	-0.0000
414780520	-0.0000
436698348	-0.0000
473552501	-0.0000
17556743	0.2003
37150974	-0.0000
490709973	-0.0000
805634740	-0.0000
155672302	-0.0000
736332877	-0.0000
825489982	-0.0000
59187478	-0.0000
331866692	0.1769
822578446	0.1769
118715099	0.3457
805902556	0.1769
813427419	-0.0000
133625441	-0.0000
36077283	0.2181
636208944	-0.0000
108585257	-0.0000
814809168	0.1769
17410266	-0.0000
794818532	0.2181
342685199	0.2498
768505029	-0.0000
73450293	-0.0000
765662488	-0.0000
792938010	-0.0000
9662536	-0.0000
804179019	-0.0000
790049965	-0.0000
811104179	0.1769
817586224	0.5500
817586225	0.3457
101329343	0.2181
797546548	-0.0000
797546018	0.1575
32564065	0.2181
101068457	-0.0000
300905560	0.1236
27515550	0.3457
722514841	0.2003
84163474	-0.0000
359647705	-0.0000
729100361	0.2011
825404076	-0.0000
302156448	0.2181
16888308	-0.0000
115920233	-0.0000
40422528	-0.0000
820341478	-0.0000
344899224	0.2181
29864613	-0.0000
751697685	0.1781
825479487	-0.0000
417770360	-0.0000
797555869	-0.0000
716199554	-0.0000
405353018	-0.0000
97536873	-0.0000
329034070	0.2990
140870179	0.2181
825190200	0.2181
342023872	-0.0000
787003623	0.4718
87599446	0.1844
410879954	-0.0000
818745653	-0.0000
333748023	-0.0000
688629812	-0.0000
96631780	-0.0000
822724277	-0.0000
825326214	0.2181
821340268	-0.0000
384346786	0.2181
797539652	0.2003
824482473	-0.0000
799946642	-0.0000
43292910	-0.0000
94353774	0.3289
18977879	-0.0000
363914269	0.1290
723249844	-0.0000
49078669	-0.0000
801269800	-0.0000
328977610	-0.0000
775051807	0.1667
110492267	-0.0000
420817419	-0.0000
817586569	-0.0000
817018001	0.2181
87609449	-0.0000
92650648	-0.0000
485376269	-0.0000
101120904	-0.0000
130600042	0.3036
454955309	-0.0000
332164247	0.2003
149341661	-0.0000
140290557	-0.0000
13377667	0.2003
140707511	0.2181
327826514	0.2825
57890202	0.2149
74991765	-0.0000
750569227	-0.0000
157078108	-0.0000
9027117	0.1769
109042335	-0.0000
335484160	0.3066
86831844	-0.0000
748419417	-0.0000
8614881	-0.0000
785040515	-0.0000
62376592	0.4362
335139320	-0.0000
478004661	-0.0000
66217662	-0.0000
817586024	0.1769
753592382	-0.0000
824194344	-0.0000
72110997	0.0418
136611216	-0.0000
7126578	0.0771
125468269	-0.0000
405250227	0.1883
813536658	-0.0000
825009393	-0.0000
70013796	-0.0000
300367904	0.2181
60602622	-0.0000
20437718	0.4900
35380124	0.2181
456039848	0.2181
85407500	-0.0000
413344427	-0.0000
815041319	-0.0000
126367233	-0.0000
14485614	0.2003
57026296	-0.0000
2704946	-0.0000
382221333	-0.0000
1291999	-0.0000
651707856	0.1186
1475784	-0.0000
99092214	-0.0000
373361820	0.2181
812797817	-0.0000
825381895	-0.0000
825513537	0.2181
151436143	-0.0000
425995410	0.2003
420964420	0.2181
744107722	0.2181
149194664	0.2181
28603498	-0.0000
88290140	0.3272
777551913	-0.0000
40565624	-0.0000
438791398	-0.0000
807381284	0.2003
140138212	-0.0000
328435192	-0.0000
816764148	-0.0000
156818722	-0.0000
31085455	-0.0000
825396803	-0.0000
825337895	0.2181
809942124	-0.0000
722824958	-0.0000
94878659	0.2181
361761319	-0.0000
325789338	-0.0000
391186020	-0.0000
756098866	-0.0000
11672745	0.2003
147049026	-0.0000
725113607	-0.0000
814643443	0.1769
764288454	-0.0000
84951103	-0.0000
65589210	-0.0000
82351263	-0.0000
11396848	0.2003
429674361	-0.0000
437584621	0.2181
492222342	0.1769
144610666	0.3182
721789776	0.2181
328934045	-0.0000
57312214	-0.0000
122573004	-0.0000
736987146	0.2181
760650883	-0.0000
461441074	0.4362
380677830	0.1290
817585923	-0.0000
99218432	-0.0000
46329781	0.0810
819262392	-0.0000
488527581	-0.0000
68559374	-0.0000
333875617	-0.0000
431985396	0.4649
825147080	-0.0000
371504151	-0.0000
825358442	-0.0000
723584432	0.3272
685220050	-0.0000
403405238	-0.0000
817586080	0.2003
431384872	0.2003
2213926	-0.0000
797568659	-0.0000
504761013	-0.0000
755544383	-0.0000
328928186	-0.0000
149472676	-0.0000
391491023	-0.0000
765865428	0.2181
122472019	0.2003
811153276	0.2181
67767698	-0.0000
785851687	0.3272
807691873	0.2181
144907808	0.2003
64504757	-0.0000
796109355	0.2022
721680148	-0.0000
684495970	0.1098
823938918	0.5564
38254147	-0.0000
819971230	0.2003
383193635	0.2003
825416039	-0.0000
413923840	-0.0000
2278789	-0.0000
802044843	-0.0000
419102020	0.1418
87722086	-0.0000
789767478	-0.0000
374137784	0.1575
492379978	0.2181
156017662	-0.0000
356913768	-0.0000
78574980	-0.0000
825367146	-0.0000
31133129	0.0736
98487218	-0.0000
98320443	0.2181
825391072	-0.0000
822588862	-0.0000
748784555	0.2181
823945805	0.5198
821467896	-0.0000
460404285	-0.0000
804915348	0.2181
127562587	-0.0000
41044574	-0.0000
126951151	0.2181
301441984	0.1575
492222368	-0.0000
66844835	-0.0000
138003705	-0.0000
492222361	-0.0000
825393826	-0.0000
721949415	0.2181
87175174	-0.0000
55578213	0.2181
920696	-0.0000
463609076	-0.0000
26927606	-0.0000
148629346	-0.0000
82964119	-0.0000
378451335	0.2149
342287534	0.2118
19516958	-0.0000
801797758	0.1575
136301556	-0.0000
105643591	-0.0000
484458821	-0.0000
809720667	-0.0000
26286344	-0.0000
797650592	-0.0000
12693911	-0.0000
818295533	-0.0000
822314856	0.2181
794614754	-0.0000
771149730	-0.0000
70128829	-0.0000
425265320	0.2181
783489088	-0.0000
376142391	-0.0000
142923433	0.1769
326136555	-0.0000
413360632	-0.0000
737375614	-0.0000
86534390	-0.0000
1879301	-0.0000
815775261	-0.0000
812237189	-0.0000
75709644	-0.0000
87482672	-0.0000
455041923	0.2003
416100108	-0.0000
398019609	0.1769
825336322	0.2181
762993930	0.2181
825271246	0.2181
347324932	-0.0000
2739494	0.2061
817585901	0.3457
825629908	-0.0000
825387680	-0.0000
360832087	0.4192
379131709	-0.0000
825318661	-0.0000
808324978	-0.0000
300077779	-0.0000
74628481	-0.0000
461893777	-0.0000
825333200	-0.0000
327568586	0.2181
30699799	-0.0000
809602037	0.2181
74979526	0.2063
432058311	0.2181
492345074	-0.0000
357578899	-0.0000
363492916	0.2181
144392076	-0.0000
122143910	-0.0000
770166851	0.2181
79551801	-0.0000
328933284	0.2730
401402801	0.3817
19074992	0.1418
801127300	0.2003
93129229	-0.0000
813374342	0.4362
134009973	0.3272
120006617	-0.0000
337975093	0.0959
138231734	-0.0000
825103575	0.1290
417138521	-0.0000
768416847	-0.0000
57040303	-0.0000
825528613	0.2181
146639512	-0.0000
484430773	-0.0000
454165028	-0.0000
823143367	-0.0000
82948749	0.2181
825540504	0.3457
766505416	0.1727
420449145	-0.0000
96676868	-0.0000
726269201	-0.0000
140760217	0.2181
358646846	-0.0000
387947812	-0.0000
753799329	-0.0000
819066746	-0.0000
712716309	-0.0000
131685592	-0.0000
722033687	-0.0000
823697859	-0.0000
94194510	0.2181
810989178	-0.0000
95127268	-0.0000
90914811	0.3457
32806830	-0.0000
791968516	0.2181
471672264	-0.0000
147051158	-0.0000
723394000	-0.0000
728446432	0.2181
782931962	-0.0000
332153697	0.2172
750571338	-0.0000
44165834	0.2181
716211307	-0.0000
765370490	-0.0000
110790533	0.2181
491553089	-0.0000
13054601	0.2003
778208691	0.1844
79101369	-0.0000
797656247	-0.0000
397238200	0.2118
52078758	-0.0000
418311495	-0.0000
144075402	-0.0000
803878489	0.2181
815201592	-0.0000
825344762	-0.0000
370501042	0.2506
813928524	-0.0000
825175698	0.1769
329265101	-0.0000
455069719	-0.0000
455069716	-0.0000
18659451	-0.0000
325956053	-0.0000
25357488	0.2297
127604497	0.1575
37236056	0.1883
152533788	-0.0000
20461985	-0.0000
825569963	-0.0000
362000103	0.2181
439446165	-0.0000
132462523	0.3272
330490429	0.3272
371255813	-0.0000
31947565	0.1575
415230075	0.1575
825549099	-0.0000
147562274	0.3457
454955299	-0.0000
325973	-0.0000
713307967	0.3457
106786665	0.2003
797554748	-0.0000
25143848	-0.0000
825396979	-0.0000
155508866	0.2181
37637121	0.2181
44168215	-0.0000
760488351	0.2181
111525230	0.2003
328945027	0.2181
6229746	-0.0000
365623270	0.2181
153398050	0.2181
758118970	-0.0000
795838334	-0.0000
825410306	-0.0000
7156638	-0.0000
771148681	-0.0000
365215125	0.2181
353435865	-0.0000
492258998	-0.0000
388072674	-0.0000
421691352	0.3457
45858207	0.2315
825324880	0.2181
825366068	0.2181
49017466	-0.0000
301033349	0.2003
812401215	-0.0000
347225977	-0.0000
156537896	0.3319
365508453	0.2181
15852394	0.2181
452566370	-0.0000
729171666	0.2181
71929294	0.2181
41243114	-0.0000
825430795	0.2181
797548043	-0.0000
79048963	-0.0000
797653374	-0.0000
825316220	-0.0000
789768757	-0.0000
110673928	0.4628
726252989	0.3272
797590139	0.1769
344883931	0.2003
64466731	-0.0000
754048585	-0.0000
405349720	-0.0000
825488745	-0.0000
825205182	0.2181
101301830	-0.0000
140155043	-0.0000
79320293	0.3272
151706742	-0.0000
440260470	0.3457
726020215	0.2181
487628267	0.2181
41256806	0.1942
494407964	-0.0000
825536142	-0.0000
4753417	-0.0000
413932575	-0.0000
89608766	-0.0000
82632840	-0.0000
818453588	-0.0000
342188728	0.3272
797905971	0.2181
485376316	-0.0000
766491222	-0.0000
399876734	-0.0000
383156862	-0.0000
818155783	0.1290
79136230	0.2082
399492530	0.3906
806276588	-0.0000
789613797	0.2181
66198644	0.4252
779147792	-0.0000
492313568	-0.0000
454986613	-0.0000
825283814	-0.0000
454986615	-0.0000
816154144	0.3457
63651979	0.2181
708819254	-0.0000
825426707	-0.0000
21918477	0.1575
787925857	-0.0000
87168919	-0.0000
55740041	-0.0000
93815978	0.2181
808117291	-0.0000
798514515	0.2181
145750260	0.3272
825500297	-0.0000
487660416	-0.0000
133484131	-0.0000
139841598	0.0903
62374156	-0.0000
744513001	-0.0000
759454505	-0.0000
58403052	0.3319
33460699	-0.0000
484430847	-0.0000
752405345	-0.0000
375950096	0.2181
43440999	-0.0000
413329050	-0.0000
684632204	0.2181
402166583	-0.0000
391203782	-0.0000
130588212	-0.0000
825250478	0.1769
398160760	0.2181
801468252	-0.0000
16124134	0.2003
331545586	-0.0000
3991078	0.4617
739999495	0.3657
152419707	-0.0000
823129612	-0.0000
426568970	0.2181
761635190	0.2181
758006411	-0.0000
333412324	0.2003
798281928	-0.0000
737248713	-0.0000
397318976	-0.0000
416628975	-0.0000
815243109	-0.0000
777328177	-0.0000
340500427	0.2003
77178932	0.2181
370269498	0.0853
740935190	-0.0000
823176917	0.2181
108818631	-0.0000
300588785	-0.0000
367159230	-0.0000
810712532	0.1883
807983709	-0.0000
79298981	-0.0000
82479599	0.2003
492224929	-0.0000
825364536	0.2181
811949804	-0.0000
21789356	-0.0000
763524428	0.2181
824075672	-0.0000
797554610	-0.0000
355048980	-0.0000
454986808	-0.0000
112012667	-0.0000
331165253	-0.0000
16551076	-0.0000
825329314	0.1575
475595213	-0.0000
7156425	-0.0000
342969914	0.2181
823851384	-0.0000
561090738	0.2181
814662692	-0.0000
380270914	-0.0000
348553343	0.2181
460664916	-0.0000
20896348	-0.0000
401082366	-0.0000
97170102	-0.0000
715794600	0.2181
367057052	-0.0000
461422750	0.2181
487628020	0.2181
820056777	-0.0000
811329757	0.1575
64600860	-0.0000
150914085	-0.0000
342685204	0.1769
765684216	0.2181
720022727	0.2181
766999083	0.2181
30314511	0.3378
736321108	-0.0000
12468531	0.2181
778002267	0.2990
825554066	-0.0000
438232881	-0.0000
491553038	-0.0000
825327736	-0.0000
478926775	-0.0000
328786613	-0.0000
805933569	0.1575
44045624	0.2003
761277849	0.1575
824385653	-0.0000
825427671	0.1769
817574548	0.2118
68776783	-0.0000
142626441	0.0771
484430865	-0.0000
21032840	-0.0000
365828690	0.2181
343485933	-0.0000
423692763	0.2003
149434909	-0.0000
739408039	0.2181
821769893	0.2181
446180267	-0.0000
96454472	-0.0000
413808758	-0.0000
767701497	0.2003
722543418	0.2181
88897452	0.2181
432397716	0.2181
467076953	-0.0000
825228206	0.2181
4340264	-0.0000
11836746	-0.0000
456347645	0.2181
738603491	-0.0000
780689620	-0.0000
712344152	0.2181
823886060	0.2181
84234112	-0.0000
342801443	0.1098
499013346	0.2181
797545436	-0.0000
430987081	0.1769
747172455	0.4115
749051636	0.2181
492379332	-0.0000
407099950	0.1253
802089302	-0.0000
899498	0.2003
752656668	0.2181
335258034	-0.0000
455209147	-0.0000
74178248	-0.0000
776775456	-0.0000
824908798	-0.0000
131247177	0.0649
12421345	-0.0000
801309708	-0.0000
762105487	0.5821
816416558	-0.0000
505657261	0.1769
825363205	-0.0000
489670135	-0.0000
356506912	0.2181
772086828	0.4362
719917788	0.0485
88651495	0.1781
29456534	0.2181
822732298	-0.0000
797554897	-0.0000
454280958	-0.0000
774812037	0.3457
351803337	0.3272
84851223	0.2181
822251552	-0.0000
492222385	-0.0000
492222384	-0.0000
15337284	-0.0000
738936763	-0.0000
6312545	-0.0000
792120108	-0.0000
626465809	-0.0000
820657840	-0.0000
803828291	-0.0000
46109196	-0.0000
68310518	-0.0000
15109447	0.3247
770154934	-0.0000
809244775	-0.0000
152936342	0.4192
456417633	0.2181
460068479	0.2003
813471226	-0.0000
79262828	-0.0000
61167341	-0.0000
399679588	-0.0000
362095736	-0.0000
492164581	-0.0000
423326030	-0.0000
378129289	-0.0000
424172329	-0.0000
23501308	-0.0000
776551352	0.2181
4748678	-0.0000
771148049	-0.0000
69964733	0.2990
116470888	-0.0000
330289147	-0.0000
74970797	-0.0000
320799947	-0.0000
773786711	-0.0000
494367863	-0.0000
390569816	0.4845
361303545	-0.0000
118087726	0.1186
729622688	0.2181
822919155	-0.0000
153473203	0.2003
123082512	-0.0000
458797125	0.2181
75281247	-0.0000
454986512	-0.0000
487249736	0.2181
24167125	-0.0000
370718163	0.2181
825352166	-0.0000
83626072	-0.0000
29419709	-0.0000
12421369	-0.0000
822025898	0.2181
12103604	-0.0000
21423089	0.0563
404358900	-0.0000
5578593	-0.0000
753278033	-0.0000
353943408	0.2003
92665836	0.3272
492258877	-0.0000
825320919	0.1769
797837093	-0.0000
366986833	-0.0000
487568327	-0.0000
22528581	0.2162
491552847	-0.0000
491552845	-0.0000
100393402	-0.0000
331171184	0.2990
825470618	-0.0000
809089935	-0.0000
447634591	-0.0000
407836008	0.1575
377606900	-0.0000
62583473	-0.0000
474385100	0.2003
803374490	-0.0000
433636355	-0.0000
825315626	-0.0000
15921276	0.2181
7126969	0.2003
445590573	0.2003
68493533	-0.0000
790948257	0.1769
51666060	-0.0000
491553071	-0.0000
825556970	-0.0000
78092374	0.2181
345040503	-0.0000
768074225	-0.0000
480819858	-0.0000
85278893	0.1290
824962838	-0.0000
811370295	0.2181
484430824	-0.0000
484430825	0.0959
118737106	0.2181
129000540	0.2082
480819582	-0.0000
350606372	-0.0000
129915938	0.2181
459366251	-0.0000
485079819	-0.0000
791438034	-0.0000
825317410	0.2181
81992610	0.3457
734837541	-0.0000
328270309	0.5500
766147437	-0.0000
432032791	-0.0000
133495651	-0.0000
418237159	-0.0000
824946163	0.1769
153667820	-0.0000
685358773	-0.0000
765317412	-0.0000
355081273	-0.0000
328371026	0.2181
772022932	-0.0000
818719257	-0.0000
102117119	-0.0000
11307764	-0.0000
143715640	-0.0000
31259944	0.2003
455877700	0.2181
25589462	-0.0000
383727674	-0.0000
374308943	0.2003
8456376	0.2181
815148214	-0.0000
823821047	-0.0000
99438947	-0.0000
115626908	0.2181
815035924	0.2730
813063107	-0.0000
10181699	-0.0000
362834920	-0.0000
484117986	0.2181
117566797	-0.0000
818527504	-0.0000
435166774	-0.0000
120880052	-0.0000
63795545	-0.0000
134652478	0.2181
368182892	-0.0000
456865857	-0.0000
433232297	-0.0000
454440934	0.1769
825284315	-0.0000
36758550	-0.0000
77504616	-0.0000
80000652	-0.0000
790164478	-0.0000
454305608	0.2181
44023532	0.2181
725668699	-0.0000
79859555	-0.0000
772623011	-0.0000
824907014	-0.0000
368462570	0.2181
822040653	0.2181
759160789	-0.0000
825150745	-0.0000
824559475	-0.0000
794819087	-0.0000
99264821	0.2003
772454004	-0.0000
424281688	-0.0000
817586113	0.2990
792161195	0.2003
823724618	0.3909
95152955	-0.0000
344800425	-0.0000
591639391	-0.0000
89865946	-0.0000
90865453	-0.0000
769581741	-0.0000
3497520	-0.0000
483124318	0.2003
821994875	-0.0000
770178481	-0.0000
825139151	0.2990
74856833	0.2003
803864514	0.2181
322050479	0.2003
825505299	-0.0000
10796073	-0.0000
389359287	0.2003
812092580	-0.0000
36730786	-0.0000
107457721	0.2003
98439656	0.4911
74392097	-0.0000
84187319	0.2181
89874378	-0.0000
615223907	0.2181
131886883	0.1752
675862501	-0.0000
816498098	-0.0000
822468608	0.2003
825457744	-0.0000
25787779	-0.0000
812574159	0.2181
111047424	-0.0000
68800534	-0.0000
84891166	-0.0000
9901879	-0.0000
749553020	0.2003
492164607	-0.0000
492164604	-0.0000
820301395	0.2181
89971562	-0.0000
147761148	0.0675
364155965	-0.0000
824953141	-0.0000
353493796	-0.0000
825508061	-0.0000
329922398	-0.0000
825415057	0.2181
140344179	-0.0000
678454320	-0.0000
817586257	0.1575
817586256	0.4362
385026909	-0.0000
814563371	0.3457
823814295	-0.0000
809235110	-0.0000
820233552	0.3406
451148911	-0.0000
824858125	-0.0000
811844340	0.1769
67782355	-0.0000
805649704	-0.0000
815651019	-0.0000
779203628	0.1023
740329076	-0.0000
99395088	-0.0000
823197812	0.1186
807245799	-0.0000
328722853	0.1418
141534916	-0.0000
450170488	0.2003
433629385	-0.0000
776701098	0.0513
69198530	-0.0000
22239184	-0.0000
322920428	-0.0000
399950163	-0.0000
816568365	-0.0000
40447279	-0.0000
784834	0.2181
788347709	-0.0000
84008179	-0.0000
90677227	-0.0000
807434575	-0.0000
764142013	-0.0000
459721120	-0.0000
25129729	-0.0000
825317109	-0.0000
301769617	-0.0000
823649932	-0.0000
824989823	-0.0000
797556527	0.1418
451084617	-0.0000
103602283	-0.0000
616917934	-0.0000
139301656	0.1769
5495336	-0.0000
417920718	-0.0000
43330827	-0.0000
819234279	-0.0000
767699176	-0.0000
823943485	0.5107
338951644	-0.0000
778710118	-0.0000
430515674	0.2003
468936676	-0.0000
149973823	-0.0000
4481639	0.0853
803684849	-0.0000
5420245	0.1769
718045551	-0.0000
333633323	0.2181
300703367	-0.0000
139613211	-0.0000
132922520	-0.0000
454986716	-0.0000
53992934	0.2181
321424987	0.2003
789085894	-0.0000
812669843	-0.0000
488877694	-0.0000
418628414	0.2003
792080011	-0.0000
454986571	-0.0000
22903016	0.1186
354459808	-0.0000
825225725	-0.0000
825545569	0.2181
9494939	-0.0000
825403389	-0.0000
5930389	-0.0000
801295973	-0.0000
50009985	-0.0000
455985141	-0.0000
799243065	-0.0000
731601	-0.0000
13196899	-0.0000
78188641	0.2181
423416545	0.2181
147750075	0.1883
388631974	-0.0000
126607249	0.0582
818679027	0.2003
2330921	-0.0000
825418782	0.2003
767258334	0.4184
324858899	0.2181
730510647	-0.0000
782397231	-0.0000
740970888	0.2003
5236574	0.0903
758007604	0.2181
356540791	-0.0000
22272930	-0.0000
435770152	0.2181
65633055	-0.0000
738886779	0.2003
145503266	-0.0000
29171480	-0.0000
6644054	-0.0000
9812803	0.2181
327719599	-0.0000
815036993	-0.0000
759176214	0.2003
357558506	-0.0000
96265941	0.2181
747052488	-0.0000
488679475	-0.0000
480819698	-0.0000
411776772	0.3457
420254253	-0.0000
793059334	0.2181
820662274	-0.0000
805907488	-0.0000
774547471	-0.0000
51240552	0.3909
425871180	-0.0000
813771532	0.3319
682112912	-0.0000
342685187	-0.0000
820462373	0.3338
142839841	-0.0000
813942458	-0.0000
351901656	0.2181
12507672	-0.0000
464666844	0.2181
145672505	0.1418
798617555	-0.0000
792498940	0.2181
801101712	0.1769
825315258	-0.0000
751749600	-0.0000
794818369	-0.0000
91358660	-0.0000
129711861	-0.0000
80814882	-0.0000
320570849	-0.0000
716721535	0.2181
7022631	-0.0000
751617400	-0.0000
463085851	0.2003
15207181	0.3457
89592189	-0.0000
356638368	-0.0000
797394623	0.2181
97592217	-0.0000
791933101	-0.0000
717055011	0.3457
7381754	-0.0000
817586074	0.2118
817586077	0.4490
43785969	-0.0000
725121236	0.2181
817586219	0.2181
82534291	0.2181
92659834	0.2181
44753858	0.2181
138523512	-0.0000
130527528	-0.0000
378443965	-0.0000
811201950	0.2181
1980201	0.2181
791163118	0.3395
94087547	0.2181
15337158	-0.0000
135339274	-0.0000
95332304	-0.0000
810079022	-0.0000
355514002	0.2181
741005403	-0.0000
747156663	-0.0000
154657257	-0.0000
797655929	-0.0000
800751638	-0.0000
52860498	0.2181
812112214	0.2181
460685498	-0.0000
137045465	0.1769
726795513	0.2730
779603054	-0.0000
59474570	-0.0000
824638463	-0.0000
392479972	-0.0000
771408970	-0.0000
331134077	-0.0000
21956187	-0.0000
134759578	0.2181
341223969	-0.0000
331857014	-0.0000
807972291	-0.0000
330195351	-0.0000
797381525	-0.0000
793531347	-0.0000
364666633	0.1531
825258070	0.1575
87089127	-0.0000
791780600	-0.0000
806588218	0.2003
820374480	0.2181
364255500	-0.0000
821387498	0.3457
805942545	-0.0000
822913783	0.2181
488844661	0.1769
825392194	-0.0000
24824041	-0.0000
759468643	0.2118
61280367	-0.0000
381769082	0.2181
92728713	-0.0000
817585979	0.2003
143400594	-0.0000
84678818	-0.0000
133124195	-0.0000
734505672	-0.0000
137789924	0.1418
363553033	-0.0000
817586055	0.5064
644723534	0.2181
2608509	-0.0000
684017661	0.2181
817586235	0.2003
36402714	-0.0000
360452373	0.3272
786888491	0.2003
114532381	-0.0000
66002381	0.3182
149492542	-0.0000
155361488	-0.0000
797648549	-0.0000
26405025	-0.0000
89115340	-0.0000
770636103	0.2181
792738335	-0.0000
95079377	-0.0000
820203333	-0.0000
23749547	-0.0000
720048526	-0.0000
18793801	-0.0000
332331969	0.2181
79664906	-0.0000
143677939	-0.0000
825011718	-0.0000
798012734	-0.0000
818684339	-0.0000
776638471	-0.0000
794818758	0.2181
721894164	-0.0000
797555726	-0.0000
388108227	0.2003
792062634	0.2181
771153676	-0.0000
84800960	-0.0000
72214386	0.0563
820023180	-0.0000
825389121	0.2003
348494954	-0.0000
825378101	-0.0000
822426278	0.2181
93992534	-0.0000
810495132	-0.0000
