723607507	-0.0000
727336184	-0.0000
395775216	-0.0000
822520436	0.3272
79898627	0.2003
771138821	-0.0000
364938361	-0.0000
35461535	-0.0000
793575796	0.2003
1033429	-0.0000
395968853	0.2181
147645927	-0.0000
327234795	0.2181
757411391	-0.0000
480820220	-0.0000
816394610	0.2003
786879867	-0.0000
24302707	-0.0000
29946643	-0.0000
756098855	-0.0000
753776322	-0.0000
323436811	-0.0000
422377593	0.5460
463563743	-0.0000
755220776	-0.0000
807486149	-0.0000
51951813	0.2181
428003842	-0.0000
746799049	-0.0000
44688082	-0.0000
351106200	-0.0000
90043697	-0.0000
816230925	-0.0000
454986009	-0.0000
813654707	-0.0000
805674231	-0.0000
458273759	-0.0000
3259105	0.2181
84506174	-0.0000
43321890	0.2181
361104284	-0.0000
329297854	-0.0000
6521942	-0.0000
54666123	-0.0000
710994643	-0.0000
390220528	0.1575
347282866	0.3457
797863656	-0.0000
426798233	-0.0000
825001579	-0.0000
320648836	0.0602
699174912	-0.0000
126494749	-0.0000
818340106	-0.0000
104158528	-0.0000
720998367	0.2181
379730262	0.2181
800997742	0.2730
74598589	-0.0000
385655487	-0.0000
797859816	-0.0000
490776459	0.5064
121412067	-0.0000
684178917	-0.0000
24630554	-0.0000
823595155	-0.0000
148172501	0.2181
824909426	-0.0000
825011880	-0.0000
801400084	0.3272
812910398	-0.0000
824935204	-0.0000
811469750	-0.0000
133237138	0.2181
379489797	-0.0000
824900532	0.2118
12124597	-0.0000
758300436	-0.0000
327125863	-0.0000
156926853	-0.0000
149628935	0.2181
106257903	-0.0000
733230648	-0.0000
815919480	0.2990
807449868	-0.0000
821499211	-0.0000
824091972	-0.0000
81770389	-0.0000
439468732	0.1769
93401915	-0.0000
138160084	-0.0000
762365530	-0.0000
352242523	0.2181
17640474	0.2181
812225549	-0.0000
777357369	-0.0000
40447328	-0.0000
143318671	-0.0000
28254673	-0.0000
333003817	0.1769
27016220	-0.0000
824916707	-0.0000
758268548	-0.0000
818003418	-0.0000
760756061	-0.0000
716026088	-0.0000
783025787	-0.0000
438673655	0.2003
717745315	0.2181
342685126	-0.0000
11128319	0.2003
797861671	-0.0000
1778035	-0.0000
17934181	0.2181
133603653	-0.0000
63849624	-0.0000
824776402	-0.0000
797854416	-0.0000
52439179	-0.0000
480474177	-0.0000
62678892	0.2181
821574714	0.3457
324809395	-0.0000
824884307	-0.0000
786617290	0.1769
84767478	-0.0000
823785962	-0.0000
150085646	-0.0000
825119033	-0.0000
109856650	-0.0000
80624368	-0.0000
329876500	0.2181
115626908	0.2003
796772879	-0.0000
23008186	0.2003
103544849	-0.0000
780548740	0.2181
766705173	-0.0000
629951575	-0.0000
13521916	0.2003
82432679	0.0903
749383435	-0.0000
765622376	-0.0000
331622148	-0.0000
361549876	-0.0000
47769015	-0.0000
326405546	0.2011
762094051	-0.0000
149375715	-0.0000
10395291	0.2181
7126985	0.1769
805648452	0.2181
795956755	-0.0000
22452043	0.2181
428543487	0.1186
403828953	-0.0000
825109342	-0.0000
340633299	-0.0000
31405789	-0.0000
796166085	0.2489
815528591	0.2315
814499608	0.2181
405506535	-0.0000
824917094	-0.0000
825011206	0.2181
434768322	-0.0000
816496743	-0.0000
824939010	0.1667
411295762	0.3457
85286073	0.2181
79505048	0.3182
684495970	-0.0000
49303537	0.3457
15360138	-0.0000
96672082	0.3430
778893988	-0.0000
106496127	-0.0000
800295573	0.3272
6384147	-0.0000
716199554	-0.0000
815228333	0.1769
95998379	0.2181
6812825	-0.0000
768015219	-0.0000
783990122	-0.0000
799418970	0.2181
825025403	0.2003
40607954	-0.0000
823654344	0.2003
819598080	-0.0000
393073105	0.3338
115217489	-0.0000
824137400	0.2181
777172827	0.2118
524107668	-0.0000
361750920	0.2181
118715099	0.2003
825027466	-0.0000
86261115	0.2181
462578348	0.2181
812362110	-0.0000
454986041	-0.0000
740736179	-0.0000
20126285	0.2181
816363583	-0.0000
922917	0.3319
106328968	-0.0000
52378462	0.1575
321274464	-0.0000
782519776	0.3160
42306153	0.2181
33090069	-0.0000
367905951	-0.0000
74170086	-0.0000
61906200	-0.0000
345216275	0.2181
823878552	-0.0000
148660305	0.2181
818226516	-0.0000
426954796	-0.0000
327826514	0.1186
11058979	0.1418
49921386	-0.0000
60602622	0.2003
812364180	-0.0000
70117394	0.2181
492852932	-0.0000
795295304	0.2181
389954243	0.2181
814254546	-0.0000
35711997	0.0485
788789353	-0.0000
441251497	-0.0000
492222103	0.2523
134009973	0.2181
113205285	-0.0000
810995493	-0.0000
777625038	-0.0000
149026063	-0.0000
824874529	0.2181
148579658	0.2181
125670304	-0.0000
824656874	-0.0000
21381109	0.2181
761124791	-0.0000
820940186	-0.0000
349323720	0.5064
794818113	-0.0000
807464946	-0.0000
797857669	-0.0000
75576539	-0.0000
18062914	-0.0000
12650121	0.2181
83980375	-0.0000
102373478	-0.0000
44047193	-0.0000
62751184	-0.0000
822474997	-0.0000
64934428	-0.0000
328452593	-0.0000
825019467	0.2181
824959361	0.2181
136933500	0.2181
142265019	0.4192
75061228	-0.0000
762330509	-0.0000
463060545	-0.0000
755992840	-0.0000
751982445	0.2181
803914367	-0.0000
825025643	0.2003
94144813	-0.0000
720025797	-0.0000
798433387	0.2181
358445268	-0.0000
770636423	-0.0000
326191641	-0.0000
455041132	0.0959
760105798	-0.0000
806167301	-0.0000
734177893	-0.0000
63204915	-0.0000
59225090	-0.0000
335161951	-0.0000
122771411	-0.0000
14307648	0.1290
28452990	0.2181
70097395	0.2181
774951546	-0.0000
55132162	0.2181
805057304	-0.0000
140092778	-0.0000
411413876	0.2003
811863245	-0.0000
761926957	-0.0000
759834128	-0.0000
822182851	-0.0000
797862583	-0.0000
56884480	0.2826
798538386	0.2003
421468873	-0.0000
78354017	0.3922
454985975	-0.0000
436677377	-0.0000
824879435	-0.0000
815016586	0.2181
112454116	-0.0000
33746152	0.2118
81902840	-0.0000
331670565	-0.0000
74116460	-0.0000
818228438	0.1575
95334443	0.2181
762333837	0.2181
138176395	-0.0000
79859555	-0.0000
478569343	0.2181
142119146	0.2181
824836963	-0.0000
801994995	-0.0000
333292707	0.1769
368462570	-0.0000
806337616	-0.0000
413824408	-0.0000
89137390	0.1888
472398325	-0.0000
758580630	-0.0000
29504315	-0.0000
753465288	-0.0000
78668032	0.3066
128295426	-0.0000
421507375	-0.0000
761722454	-0.0000
356434214	0.2181
342087463	0.3457
504790318	0.2003
32724864	0.1626
809908886	0.5064
825011022	-0.0000
824893847	-0.0000
12359110	0.2181
344375457	-0.0000
712242819	-0.0000
396953397	0.3457
879082	-0.0000
464658779	-0.0000
454951596	-0.0000
819777544	0.2181
753261524	0.2003
129915938	-0.0000
96676868	-0.0000
717306580	-0.0000
330249547	0.0903
814979190	0.2181
772851652	-0.0000
772940269	-0.0000
824871682	-0.0000
46354509	-0.0000
685005052	-0.0000
390022015	-0.0000
812287448	0.2003
72661682	-0.0000
36434344	0.2003
54916462	-0.0000
824945439	-0.0000
749502811	-0.0000
112014490	-0.0000
824851606	-0.0000
736353548	0.2181
480819966	-0.0000
787194771	-0.0000
144091615	0.2003
11699829	-0.0000
806122223	-0.0000
370950894	-0.0000
820078199	0.2181
753517981	-0.0000
783742998	0.3272
811483954	0.2181
825009862	-0.0000
6814364	-0.0000
431493872	0.2181
395475137	-0.0000
461274561	-0.0000
400730850	-0.0000
149032959	-0.0000
17411263	-0.0000
117004318	-0.0000
43640170	-0.0000
825112590	0.2181
750441908	-0.0000
490695253	0.2003
53521995	0.1575
90629990	0.2181
12505692	-0.0000
15369302	-0.0000
323671828	-0.0000
324031784	0.2003
823865591	-0.0000
17689191	0.3457
108036441	-0.0000
815843175	-0.0000
326526660	-0.0000
2025331	-0.0000
371253288	-0.0000
6984100	-0.0000
345940822	0.3272
825005034	0.1769
760360346	-0.0000
780472080	0.2181
38413075	-0.0000
65726517	-0.0000
323684866	0.2181
342691375	-0.0000
712402980	0.3066
824078278	-0.0000
751097146	0.2181
821744021	0.2181
449627689	-0.0000
741336124	-0.0000
32134630	0.1769
790562741	-0.0000
480820323	0.2181
809841835	-0.0000
818452714	0.2181
326320353	-0.0000
426162729	-0.0000
449862457	-0.0000
435969234	0.1883
98501495	-0.0000
350858626	0.2181
825188517	-0.0000
85028072	-0.0000
810352293	-0.0000
476029766	-0.0000
701169790	-0.0000
34259548	-0.0000
824858125	-0.0000
582777134	-0.0000
822262678	-0.0000
811810940	-0.0000
477654505	0.2003
89908591	0.2118
333646261	-0.0000
94157908	0.1769
25322895	-0.0000
155710976	0.2181
769821389	-0.0000
783477285	0.1700
46272238	-0.0000
622544479	-0.0000
151040595	-0.0000
379317571	-0.0000
121783355	-0.0000
824905839	0.2181
454288981	0.2181
814427267	0.1290
823419003	-0.0000
364952948	0.3457
108483993	0.3546
351973643	-0.0000
24724429	0.2181
457897141	-0.0000
96494264	0.4911
112928060	0.2181
77919373	0.3272
301172720	-0.0000
447361789	0.3457
812231860	0.1526
322557212	-0.0000
480819989	0.4362
121695798	0.2003
505857357	-0.0000
98410481	0.3457
805961327	-0.0000
423276799	-0.0000
733957300	0.3457
662408618	-0.0000
420373283	-0.0000
329633091	-0.0000
327370034	-0.0000
9135877	-0.0000
324365213	-0.0000
738619764	0.2181
394847167	-0.0000
75164386	0.3823
520450640	0.2181
718719440	-0.0000
769184166	-0.0000
820537850	-0.0000
463607823	-0.0000
104070573	-0.0000
771028620	-0.0000
823813238	-0.0000
813582964	-0.0000
817857211	-0.0000
150914055	0.1575
791674795	-0.0000
808923038	0.2003
448057829	0.2003
744110245	0.2181
138729298	-0.0000
138645397	-0.0000
816367752	-0.0000
795221934	-0.0000
95226484	0.2181
741079665	0.2181
486969334	-0.0000
419604960	-0.0000
480820008	-0.0000
753260408	-0.0000
811792405	0.2315
22028665	-0.0000
790573393	0.4839
66450351	-0.0000
788037656	-0.0000
82958567	0.2181
361363084	-0.0000
753446537	-0.0000
348447796	-0.0000
328996668	0.2181
822340060	-0.0000
824911417	0.2181
455611872	-0.0000
489054271	0.2181
7125630	-0.0000
793109790	-0.0000
108485019	-0.0000
824713122	-0.0000
741103778	-0.0000
424119992	0.1769
727280512	-0.0000
21945666	-0.0000
797503160	0.1769
117135569	-0.0000
17387330	-0.0000
118406061	-0.0000
465641678	-0.0000
133408933	-0.0000
93267608	-0.0000
819990375	-0.0000
392319708	0.2730
755062175	0.1186
87552656	-0.0000
790663610	-0.0000
347184050	-0.0000
23454066	-0.0000
817007287	-0.0000
824938380	-0.0000
796005090	0.2003
144880390	0.1769
801292611	0.2990
7126620	0.1023
824912688	-0.0000
824991950	0.2181
300771174	-0.0000
749663216	0.2181
822014501	-0.0000
808993843	0.3489
128251000	0.2118
82432882	-0.0000
492224856	-0.0000
824956683	-0.0000
7717374	0.2181
817128366	0.2181
5132887	-0.0000
792200416	-0.0000
385872197	-0.0000
349855098	-0.0000
27000083	-0.0000
823407660	-0.0000
439446130	0.2565
4614563	0.3817
95881321	-0.0000
5051048	-0.0000
139081834	0.2181
10986918	-0.0000
465839662	-0.0000
11973814	-0.0000
25617241	-0.0000
23663985	-0.0000
824902831	0.1418
16789416	-0.0000
363996773	-0.0000
808445518	-0.0000
110282986	-0.0000
36906467	-0.0000
797863080	-0.0000
13442030	0.3319
824890943	-0.0000
95789934	-0.0000
130179111	-0.0000
801397928	0.2181
80417325	-0.0000
343724414	-0.0000
423242510	-0.0000
786674865	0.2181
403793726	0.2181
353547349	0.2181
818757782	-0.0000
788336274	-0.0000
824928615	-0.0000
824955948	-0.0000
434502587	0.2181
151835523	0.2003
824915198	-0.0000
434656424	-0.0000
492256561	-0.0000
7131928	-0.0000
90301516	-0.0000
88504632	-0.0000
150525159	-0.0000
132997651	0.3272
90154041	-0.0000
747052476	0.1931
747052475	-0.0000
747052473	0.2003
790738992	-0.0000
70438070	-0.0000
721943556	0.2181
783377322	-0.0000
94439532	-0.0000
824909973	0.2181
817361664	-0.0000
94330817	0.2003
152386520	-0.0000
151907066	-0.0000
430102903	-0.0000
31974248	0.2181
426479130	-0.0000
797869250	-0.0000
114764684	0.1769
824939569	-0.0000
810404034	-0.0000
824890006	-0.0000
25551135	0.2181
421538950	0.2181
824565977	-0.0000
352625199	0.1575
83661097	0.2181
58902631	0.2181
823908887	-0.0000
813917840	-0.0000
493905137	0.2181
402877791	0.2181
79971723	0.2181
93854947	-0.0000
17704417	-0.0000
821237159	0.3272
54668575	-0.0000
153645337	-0.0000
641063158	0.2176
815389703	-0.0000
756326493	0.4184
767280586	-0.0000
24049464	-0.0000
33537432	-0.0000
131372041	0.0853
116388250	0.2181
42116901	-0.0000
825120245	-0.0000
803029392	-0.0000
475796749	0.4006
824992288	0.2181
794918849	-0.0000
439442102	-0.0000
479214934	0.1883
27535951	0.1575
803627405	-0.0000
658949786	-0.0000
141277679	0.2003
126545546	0.0959
737193659	0.2181
144228984	0.3182
2230786	0.2181
464344919	0.1769
65370392	-0.0000
423501427	-0.0000
806744413	-0.0000
806118995	-0.0000
135694973	0.1769
138253967	0.3457
814409022	0.2670
349712858	-0.0000
121240931	-0.0000
341364792	-0.0000
794322699	-0.0000
80045194	-0.0000
688357314	0.2181
365959006	0.3272
122573004	0.2181
754931811	-0.0000
88020177	0.1769
760035889	0.2181
772839655	-0.0000
121617810	-0.0000
50610378	0.2181
824883222	-0.0000
825059490	-0.0000
720061771	-0.0000
153086911	-0.0000
813260963	-0.0000
347871905	0.2181
46335336	-0.0000
824867790	-0.0000
301883322	-0.0000
29645594	-0.0000
142845556	0.2181
9720462	0.2181
794882080	0.2181
55247671	-0.0000
41005243	0.2003
786331312	-0.0000
357260110	-0.0000
372665533	-0.0000
86052357	-0.0000
26451259	0.3272
765977161	0.0903
16559316	0.2990
765608892	-0.0000
415825802	0.2825
476478639	-0.0000
480295673	0.2181
59885034	-0.0000
420895447	-0.0000
10410315	0.2003
782964364	-0.0000
17377567	-0.0000
122408997	-0.0000
809130084	0.1769
825028417	-0.0000
437257608	-0.0000
105321119	-0.0000
824984850	0.3457
85101636	-0.0000
436337424	0.0691
725069248	-0.0000
429428679	-0.0000
82625190	0.2181
40388924	-0.0000
771150571	-0.0000
824905859	-0.0000
785432416	-0.0000
324265031	0.4792
66373371	0.2181
368070028	-0.0000
7127020	0.2670
96938391	0.2181
811691887	-0.0000
79555875	-0.0000
375605716	0.1418
468728334	0.2181
734559423	-0.0000
823811537	-0.0000
683851183	-0.0000
93140399	-0.0000
142211326	-0.0000
642904712	0.2181
71119277	0.1922
776865241	-0.0000
331566598	-0.0000
79320293	0.2118
90286701	-0.0000
822573816	-0.0000
358389252	0.2181
799721705	-0.0000
822283689	-0.0000
683774508	-0.0000
761045442	-0.0000
824880143	0.1769
89073862	-0.0000
93686621	-0.0000
815187759	-0.0000
149630058	-0.0000
79917347	0.2181
823639281	0.2003
823860535	0.2181
716222884	-0.0000
87211047	-0.0000
821556286	-0.0000
763087083	-0.0000
805649704	0.2003
816339885	0.3457
150287874	0.3457
71744728	-0.0000
300007449	-0.0000
322996930	-0.0000
797858089	-0.0000
823885674	-0.0000
424461372	-0.0000
346128458	-0.0000
35851039	-0.0000
408618279	0.3272
476955890	0.2181
43440999	-0.0000
12748729	-0.0000
29468208	-0.0000
353938357	-0.0000
8739844	-0.0000
437206718	-0.0000
801090729	0.2162
42027681	0.2118
822290629	-0.0000
797968664	-0.0000
67835531	-0.0000
360123103	0.2151
39204193	0.2003
805585525	0.2181
360465422	0.2181
715543674	0.2181
799157552	0.2181
750527194	-0.0000
97329754	-0.0000
26678782	-0.0000
58153977	-0.0000
351417428	-0.0000
114044456	0.2003
766070857	-0.0000
824885310	-0.0000
823666701	-0.0000
824925528	0.2181
141374440	-0.0000
358853175	-0.0000
155361572	0.2181
431594987	-0.0000
88392443	0.4192
729379188	-0.0000
788261450	-0.0000
795878249	0.2181
334336285	0.2181
366225247	-0.0000
747779510	0.1372
151885313	0.2181
99849111	-0.0000
49397364	-0.0000
377993864	-0.0000
747156334	-0.0000
824867475	-0.0000
29001154	-0.0000
153285455	-0.0000
823942580	0.5945
412575893	-0.0000
817835216	-0.0000
737489999	-0.0000
824890043	-0.0000
480657067	-0.0000
357759579	-0.0000
378454909	-0.0000
771677144	0.3064
824919645	-0.0000
732680959	-0.0000
12452288	-0.0000
458654706	0.2003
748768539	-0.0000
5906647	-0.0000
140680005	-0.0000
761073068	-0.0000
46108345	-0.0000
817596497	-0.0000
89419285	-0.0000
109988227	0.2181
134383908	-0.0000
146553024	0.2181
789389388	0.2003
25608490	-0.0000
795037490	-0.0000
737041527	0.2003
750611967	-0.0000
408551	0.2990
744860566	-0.0000
766450653	-0.0000
16039934	0.2181
52508596	-0.0000
373505983	0.2181
819342562	-0.0000
80810125	0.5137
761465512	0.2003
433629465	0.1418
6909008	0.2003
782899000	-0.0000
147899640	0.2181
767322353	0.2181
150464037	-0.0000
389166650	-0.0000
751075797	-0.0000
374737572	-0.0000
27114116	-0.0000
641963111	0.2003
16537572	0.2003
818058700	-0.0000
1154294	-0.0000
51870801	-0.0000
327867937	-0.0000
399950163	-0.0000
25472659	-0.0000
129950680	-0.0000
797854863	-0.0000
82164195	0.2181
57310315	-0.0000
760262726	0.2181
814486781	-0.0000
90581834	-0.0000
380900122	0.2730
661514174	0.2181
133768611	-0.0000
808469141	-0.0000
31121216	-0.0000
820050948	-0.0000
786653212	-0.0000
757371302	-0.0000
23923580	-0.0000
726090995	-0.0000
436795323	0.1769
6824705	0.2181
381091352	0.2181
34783984	0.2181
418480394	-0.0000
480820031	0.3272
6953505	0.2003
821794115	0.2118
817011479	0.2990
355691621	0.2181
824614299	0.2181
154998472	-0.0000
44045624	-0.0000
791968828	-0.0000
819844662	-0.0000
487320312	-0.0000
495053328	-0.0000
824184314	0.1575
775252328	-0.0000
10863725	-0.0000
821595257	0.3457
771149936	-0.0000
803313144	-0.0000
767921212	-0.0000
15770310	-0.0000
343790312	-0.0000
11171290	0.2003
823606590	-0.0000
83650933	-0.0000
98997275	-0.0000
683952421	-0.0000
385803257	-0.0000
783612204	-0.0000
484318248	-0.0000
802785273	-0.0000
813912329	-0.0000
493138506	-0.0000
79942999	0.1769
819824504	-0.0000
335478358	-0.0000
300965944	0.2003
24855408	-0.0000
95320770	0.4253
87914371	-0.0000
454985991	-0.0000
151878333	0.2063
138713288	0.3457
823889734	-0.0000
19918146	0.2181
60022126	0.2003
365313467	0.2181
93899754	0.2990
761390976	0.3236
83977072	-0.0000
765424117	-0.0000
715611256	-0.0000
821531036	-0.0000
797853825	-0.0000
139212495	0.2181
339369460	-0.0000
741401412	-0.0000
142947925	-0.0000
85072373	-0.0000
36118508	-0.0000
758610072	-0.0000
430882395	0.2181
796062215	0.2181
494134495	-0.0000
708605647	0.3182
794818056	0.2181
749716106	-0.0000
764531881	0.2003
685853371	-0.0000
492372431	-0.0000
99239899	-0.0000
62553476	0.1290
825008103	0.2181
351212596	-0.0000
84579184	0.3457
120795909	-0.0000
140737533	-0.0000
300456993	-0.0000
71781333	-0.0000
762139478	0.2181
824899685	0.2181
824927928	0.2003
383515231	-0.0000
60814895	-0.0000
719581281	-0.0000
357336112	-0.0000
735980048	-0.0000
94902067	-0.0000
73995882	-0.0000
376449650	0.3457
97204298	0.2003
41115321	-0.0000
156549970	0.2506
818229599	-0.0000
797859948	-0.0000
87398205	-0.0000
99318104	-0.0000
131377111	-0.0000
824425782	0.1418
756420504	-0.0000
111725613	-0.0000
824228468	-0.0000
139290958	0.2181
21552202	0.2181
325723733	-0.0000
435235225	-0.0000
368915688	-0.0000
80570789	-0.0000
824723602	-0.0000
335678036	-0.0000
430967090	0.1290
431877785	0.2181
320595507	-0.0000
454951606	-0.0000
70980089	0.5944
331544393	-0.0000
323847453	0.1418
38003733	0.2181
824864600	-0.0000
47971154	-0.0000
817639630	0.2990
824801633	-0.0000
30769932	0.1186
807434348	-0.0000
146534389	-0.0000
461454880	-0.0000
432011297	0.0472
141250190	-0.0000
824783124	-0.0000
794996022	-0.0000
420043128	-0.0000
781943917	0.1290
25388378	0.2730
76570286	-0.0000
328743336	0.2003
26140985	-0.0000
129960264	0.3319
481387430	-0.0000
33956801	-0.0000
748345546	-0.0000
715497810	-0.0000
718531699	0.1769
419564523	0.3457
30875040	0.2181
815996563	-0.0000
126606582	0.1769
36866799	-0.0000
61747328	0.2118
142938025	0.2990
823766489	0.2181
787448366	-0.0000
814978029	-0.0000
46514771	0.2181
153958495	-0.0000
111261851	-0.0000
750492119	-0.0000
817811089	-0.0000
64454591	-0.0000
36817567	0.3457
685042231	0.2181
816498466	0.2181
86944417	-0.0000
793656944	-0.0000
778861983	-0.0000
797869370	-0.0000
131134408	-0.0000
88958125	-0.0000
346062282	-0.0000
361392055	-0.0000
825029564	-0.0000
824890744	-0.0000
154227419	0.2003
88519777	-0.0000
822005870	-0.0000
821279943	-0.0000
779257996	-0.0000
86279582	-0.0000
9027378	0.2181
751309886	0.2181
761601382	-0.0000
151307029	0.2181
50559905	0.2181
448519073	-0.0000
2617541	-0.0000
86205038	0.1962
819607202	-0.0000
767113010	0.2181
93349593	-0.0000
370591616	0.3457
825095251	-0.0000
111200995	-0.0000
824881136	-0.0000
788904641	-0.0000
141183540	-0.0000
359846724	-0.0000
328291800	0.5220
342957643	0.1575
352061165	-0.0000
396245291	-0.0000
480820255	0.2181
138463470	-0.0000
329888088	-0.0000
739157630	0.2181
396326768	0.2181
811699926	0.2181
480820075	0.5500
398483331	0.2181
771003263	0.0810
32167339	0.3841
806123477	0.2181
490431406	0.3182
780537062	-0.0000
365541464	-0.0000
219724	-0.0000
140275184	0.1290
74710963	-0.0000
751697703	-0.0000
407024788	0.0736
355974639	-0.0000
332985380	0.2181
816961748	-0.0000
95494640	-0.0000
7126396	0.1814
724296091	-0.0000
752535987	0.1290
781086986	-0.0000
464245661	-0.0000
750499371	-0.0000
765306917	-0.0000
353311870	-0.0000
645619674	-0.0000
2213621	0.1769
145043134	-0.0000
115244437	-0.0000
824889130	-0.0000
20896348	0.1769
361849432	-0.0000
330660185	-0.0000
347924282	-0.0000
103125538	-0.0000
99877248	-0.0000
148521880	-0.0000
324356541	-0.0000
98112987	0.3457
68987451	-0.0000
49983319	-0.0000
44198646	-0.0000
408823454	-0.0000
825060045	-0.0000
119731018	-0.0000
821362463	0.2181
142831621	-0.0000
471629580	-0.0000
141679229	-0.0000
458514808	-0.0000
23145076	-0.0000
766160202	0.2003
36861993	-0.0000
812848433	0.3272
332025970	-0.0000
9369903	0.1186
708503331	-0.0000
82913087	-0.0000
490823227	-0.0000
821701673	0.1418
773923702	0.4622
505894079	-0.0000
485516074	-0.0000
154821075	0.2181
122833184	0.2181
19476054	-0.0000
816092077	-0.0000
457154362	0.2181
88858946	0.2181
802372178	0.1769
82473334	-0.0000
96876432	-0.0000
750544798	-0.0000
480820278	0.2181
18439895	-0.0000
325956093	-0.0000
73421922	-0.0000
137952497	0.3909
629842505	-0.0000
104152559	-0.0000
106159325	0.2181
9664071	-0.0000
84143601	0.1942
653346265	0.1769
771948419	-0.0000
813301701	-0.0000
87827701	0.2181
141741504	-0.0000
334529338	0.2181
789952751	0.2181
766951030	0.2181
15155637	-0.0000
824810772	0.3362
42898067	-0.0000
96664213	0.0903
806137857	0.2181
410852740	-0.0000
823583863	-0.0000
53219369	-0.0000
150587565	0.2181
91214223	-0.0000
9727001	0.2102
7125138	0.3657
117172743	-0.0000
148076668	-0.0000
18518015	0.2181
823620164	-0.0000
4181075	-0.0000
64244745	-0.0000
54269152	0.2181
817929211	-0.0000
789146480	0.2181
793490622	-0.0000
801329421	-0.0000
114922125	0.2149
345385897	-0.0000
793921755	-0.0000
326352378	-0.0000
133941815	-0.0000
102730432	0.2181
492224931	-0.0000
821405849	-0.0000
782131147	0.1888
467400282	-0.0000
805302358	0.2181
24471245	-0.0000
735853202	-0.0000
115923328	-0.0000
801745591	-0.0000
27620834	0.3457
145712549	0.2003
344734750	0.2003
734693268	0.3007
825005152	-0.0000
14211378	-0.0000
824928327	0.3007
358192043	0.2181
328970974	0.1290
797874601	-0.0000
65147392	-0.0000
136787919	0.2181
760428036	-0.0000
3072681	-0.0000
816496574	-0.0000
112209201	-0.0000
23874405	-0.0000
149616181	0.2181
640101254	-0.0000
43073167	-0.0000
740329076	-0.0000
131243696	0.3182
811677242	-0.0000
137712753	-0.0000
824851940	0.1290
37982608	0.2181
127675883	-0.0000
78715856	-0.0000
767080972	-0.0000
88333346	-0.0000
442547323	-0.0000
683721085	-0.0000
17556743	0.2118
334634044	0.2181
824385653	-0.0000
63505231	0.3272
825042476	-0.0000
324374857	0.0959
817620603	-0.0000
817567780	0.2181
23876976	-0.0000
23863865	-0.0000
730244635	-0.0000
454951660	-0.0000
804256128	0.2003
331866692	-0.0000
822578446	0.2181
814204316	0.2181
805705877	-0.0000
746338210	-0.0000
101873528	-0.0000
97686325	-0.0000
824978166	0.2181
77560813	-0.0000
120678563	0.2181
824707446	-0.0000
410836250	0.2003
768505029	-0.0000
147080161	-0.0000
73450293	-0.0000
811104179	-0.0000
797288673	-0.0000
88790998	-0.0000
783486841	-0.0000
144173439	0.2730
825034018	0.2003
17217278	0.2833
789202967	-0.0000
770957421	-0.0000
300905560	0.1186
27515550	0.2181
765055479	-0.0000
359647705	-0.0000
729100361	0.2523
449479887	0.2181
451590053	-0.0000
765402071	0.2181
334959258	0.2181
16888308	-0.0000
359649901	-0.0000
350128429	0.2181
148218836	-0.0000
807418391	0.2181
761343982	-0.0000
330792781	-0.0000
344899224	-0.0000
480820153	0.2181
29864613	-0.0000
63793166	-0.0000
149551002	-0.0000
141510806	0.2181
90299228	-0.0000
16191688	0.2181
353764048	-0.0000
329034070	0.2181
813008872	-0.0000
89250551	0.2181
797869889	-0.0000
326588510	0.3950
786352978	-0.0000
301287144	0.2181
688629812	-0.0000
789965593	-0.0000
821340268	0.2181
824876599	0.2181
129637849	-0.0000
100203046	-0.0000
81489285	-0.0000
806410298	-0.0000
725901969	0.2181
480819914	0.2181
135918756	0.1769
94353774	0.3135
824286491	-0.0000
25632837	-0.0000
825110777	0.2003
151246567	-0.0000
120311385	-0.0000
723249844	-0.0000
775051807	0.2990
19809850	0.2181
342685131	0.2118
342685130	-0.0000
1519775	-0.0000
389412147	0.1575
817018001	0.1492
89148226	-0.0000
26072369	-0.0000
19633925	0.2181
715611578	0.2003
576798812	0.3457
817497365	0.2730
130600042	0.1769
814675619	-0.0000
644991005	-0.0000
824897740	-0.0000
446180267	-0.0000
480820094	0.2181
342534033	-0.0000
480819954	0.2181
349997535	-0.0000
491178149	0.2181
769861633	0.1769
157078108	-0.0000
812846526	0.2181
823189171	-0.0000
438550140	-0.0000
49929363	0.2063
458168931	-0.0000
335484160	0.0959
818787458	-0.0000
62376592	0.3457
66217662	-0.0000
823660362	0.1769
72110997	-0.0000
809684101	-0.0000
7126578	-0.0000
799550805	0.2181
99972957	0.2181
74694468	-0.0000
3783808	-0.0000
85060511	-0.0000
132127258	0.2181
93326847	-0.0000
731993026	0.2990
431155834	-0.0000
102122626	0.1575
771149552	-0.0000
7593161	-0.0000
87139470	-0.0000
10537149	-0.0000
85407500	-0.0000
300955444	-0.0000
683612191	0.2003
83638568	0.2003
774814772	-0.0000
324091414	0.2181
24398188	0.3457
823359463	-0.0000
57026296	-0.0000
88546706	0.2181
377639919	-0.0000
1475784	0.2003
49200981	0.2003
143406308	0.1186
130443368	-0.0000
789684408	-0.0000
141796841	-0.0000
764162616	-0.0000
104244273	-0.0000
59476080	-0.0000
145608890	-0.0000
819460119	-0.0000
28603498	-0.0000
88290140	0.2003
792847238	0.2181
353048659	-0.0000
126654264	-0.0000
410251211	-0.0000
85531180	0.2003
820286511	0.1575
825047997	-0.0000
23614563	-0.0000
807381284	0.2181
328435192	-0.0000
75636391	-0.0000
156818722	-0.0000
480819932	0.2181
447671907	-0.0000
128994058	-0.0000
809942124	-0.0000
797855112	-0.0000
818225997	-0.0000
746470551	-0.0000
138726787	-0.0000
512258216	-0.0000
361761319	-0.0000
536141243	0.2181
103173342	0.3457
822848666	-0.0000
723035178	-0.0000
117512243	-0.0000
725113607	-0.0000
109484838	-0.0000
764288454	0.1186
824329407	0.2181
19433047	0.2181
432894258	-0.0000
819351687	-0.0000
148864548	-0.0000
429674361	-0.0000
824234764	0.2181
394597446	-0.0000
37884680	0.2181
762096589	-0.0000
88823549	0.2003
148346451	0.2003
62301209	-0.0000
821300670	-0.0000
378348148	-0.0000
800719836	-0.0000
987880	-0.0000
824714494	-0.0000
26314458	-0.0000
99218432	-0.0000
459627985	0.3395
499013346	-0.0000
824912463	0.2670
17350012	-0.0000
46329781	0.3457
465800752	0.2181
488527581	0.2003
480680996	-0.0000
25615153	-0.0000
333962809	-0.0000
824829651	0.2181
741922035	-0.0000
333875617	-0.0000
329045194	-0.0000
431985396	0.2737
818710410	0.2181
344142562	-0.0000
418996446	-0.0000
824994091	-0.0000
480820138	0.4911
811753113	-0.0000
824911484	-0.0000
487871143	-0.0000
146804207	0.1023
825091987	0.2181
431384872	0.2003
9747726	0.2181
504761013	-0.0000
755544383	-0.0000
328928186	-0.0000
122472019	-0.0000
327441073	-0.0000
785851687	0.1769
27657167	0.2181
824067820	-0.0000
64504757	-0.0000
820662274	-0.0000
796109355	0.1418
728727242	-0.0000
439768583	-0.0000
458451782	-0.0000
407099950	0.3315
737059306	-0.0000
816198797	0.1769
404382463	-0.0000
413923840	-0.0000
762598576	-0.0000
788447661	-0.0000
101327266	-0.0000
480819955	-0.0000
328696259	0.2181
789767478	-0.0000
138648404	0.3272
301441984	-0.0000
440266203	0.2181
20437718	0.1575
807422251	-0.0000
433235436	-0.0000
373317159	-0.0000
485029970	0.2181
98320443	-0.0000
322486813	-0.0000
101329190	0.2003
32716456	-0.0000
16923336	0.2181
341805518	-0.0000
475129435	0.2181
335420341	0.2181
49955749	0.1290
328730557	0.1769
823508361	0.2181
374137784	0.2003
823635800	0.2181
454985968	-0.0000
454985964	-0.0000
822422234	-0.0000
363616598	-0.0000
809238180	-0.0000
67514915	0.2181
463609076	-0.0000
719685765	0.2181
813201930	-0.0000
748345581	-0.0000
378451335	-0.0000
19516958	-0.0000
35829659	-0.0000
795863678	-0.0000
809720667	-0.0000
818226522	-0.0000
134672419	-0.0000
818295533	0.1769
350208239	-0.0000
454942795	-0.0000
384288213	0.2003
783489088	-0.0000
156258662	-0.0000
376142391	0.2181
821761519	-0.0000
142923433	-0.0000
824850459	0.2181
716211307	-0.0000
371812798	-0.0000
25039538	-0.0000
326136555	0.1883
360461832	-0.0000
88241374	0.2181
816120623	0.4847
747350732	-0.0000
138561337	-0.0000
791831440	-0.0000
3153944	-0.0000
79131769	-0.0000
44818709	-0.0000
480820350	0.3457
424551048	-0.0000
824959882	-0.0000
97338578	0.2181
823030557	0.2003
95794304	0.3272
480978596	0.2181
334754153	-0.0000
154807188	-0.0000
41264616	0.2181
29542478	-0.0000
115391431	0.2181
824988044	0.2181
342188728	0.4192
398019609	0.2003
814957993	-0.0000
57890348	-0.0000
327225532	-0.0000
2739494	0.2690
42036203	-0.0000
727144478	-0.0000
759454505	-0.0000
818766005	0.1644
728024859	-0.0000
145672505	0.1577
153167488	-0.0000
824765507	-0.0000
9397355	-0.0000
459699406	-0.0000
755536854	-0.0000
19829125	-0.0000
763396386	-0.0000
45234801	-0.0000
809602037	0.2181
111027999	-0.0000
74979526	0.2181
389828592	-0.0000
825042168	-0.0000
762657584	-0.0000
820214834	0.4362
790365874	-0.0000
825134180	0.3272
88967698	-0.0000
485516416	-0.0000
15109447	0.2807
824488210	-0.0000
79551801	0.2043
328933284	0.0959
321122122	-0.0000
401402801	0.1769
801127300	0.2181
93129229	-0.0000
24719697	0.2003
799569530	0.2181
492222306	0.2003
346526241	0.2181
60611708	-0.0000
749186870	-0.0000
26929336	0.1769
817102826	0.2181
417138521	0.1992
60817423	-0.0000
137853085	0.2003
683909897	0.2181
80095344	0.1098
783065033	0.2181
146639512	-0.0000
454165028	-0.0000
801999828	-0.0000
659916910	-0.0000
766505416	0.1762
108800689	0.1023
77649608	0.3457
334963408	0.1769
458177260	-0.0000
814757910	0.2003
391282525	0.2181
463271502	-0.0000
358646846	0.0959
753799329	-0.0000
409104829	0.2003
36730786	-0.0000
460688125	0.2181
820092390	-0.0000
722033687	-0.0000
487448409	0.1769
36625661	-0.0000
341304678	-0.0000
823697859	-0.0000
492786	0.2730
328155	0.1769
448081408	0.2181
396996695	0.1418
824102408	-0.0000
95127268	-0.0000
22970616	0.2181
32806830	-0.0000
95202494	0.3272
754736931	0.2003
750380660	-0.0000
821276902	-0.0000
492222174	-0.0000
791432675	-0.0000
327714308	-0.0000
806264399	0.2181
5937029	-0.0000
156842206	0.1023
797854038	-0.0000
782931962	-0.0000
332153697	-0.0000
405425822	-0.0000
44165834	0.2181
321974822	-0.0000
821786879	-0.0000
776535462	0.2181
714066153	-0.0000
155305876	-0.0000
823752070	-0.0000
327559277	0.2181
548957331	-0.0000
79101369	-0.0000
94259710	0.2181
130391693	0.2003
824113891	0.2181
418311495	0.2181
812055298	-0.0000
388601136	-0.0000
68999560	-0.0000
108269005	-0.0000
774548463	0.2181
6645512	-0.0000
822254017	-0.0000
370501042	0.2787
77704947	0.1575
93174704	-0.0000
678311195	0.2181
82966335	-0.0000
55050163	-0.0000
609018035	-0.0000
131443627	0.2181
133127662	0.2162
25357488	0.0675
123056150	-0.0000
481387400	-0.0000
824888896	-0.0000
738936763	-0.0000
360452373	0.4018
392492530	0.2181
37236056	-0.0000
795295290	-0.0000
803551029	0.2181
138543504	-0.0000
823563006	-0.0000
796678869	-0.0000
132462523	0.3272
122051494	0.2181
95927819	-0.0000
492224871	0.2003
815015496	-0.0000
492222323	0.2181
103692117	-0.0000
813734737	-0.0000
80160442	-0.0000
154530294	-0.0000
758961879	-0.0000
88920648	-0.0000
154193209	-0.0000
24887185	-0.0000
386172839	0.1575
106786665	0.2181
815159803	-0.0000
780409209	-0.0000
350037420	-0.0000
73651932	-0.0000
15500539	-0.0000
140887629	0.2003
756016681	-0.0000
825065661	0.3457
817448886	0.2181
812346230	-0.0000
683947188	0.2181
98968839	-0.0000
794818023	-0.0000
138601323	0.2003
824883016	-0.0000
768873208	-0.0000
764338733	0.1769
111525230	-0.0000
820747747	0.3457
776885172	-0.0000
411461292	-0.0000
50346357	-0.0000
24995934	-0.0000
9606751	0.2181
798105928	-0.0000
751178145	-0.0000
7156638	0.2181
723666938	-0.0000
824848678	-0.0000
353435865	-0.0000
332809643	0.1575
18324641	-0.0000
17474458	-0.0000
45858207	0.2390
777284656	-0.0000
825037370	-0.0000
36559861	-0.0000
28027780	-0.0000
126700013	-0.0000
330351775	-0.0000
13044899	-0.0000
440438730	0.2181
347225977	0.2181
365508453	-0.0000
373129970	-0.0000
452566370	-0.0000
729171666	0.3272
41243114	0.4192
804138687	0.2181
778531834	-0.0000
332162179	0.3319
115401206	-0.0000
770225991	0.2181
810354850	0.2003
824128865	-0.0000
404769199	0.2181
430370414	-0.0000
37676777	0.2181
9057688	0.2181
79048963	0.2181
740946990	-0.0000
823438844	0.3457
788072282	-0.0000
341813330	-0.0000
65457291	-0.0000
395180393	0.3272
430258895	0.2181
360452683	-0.0000
440260470	0.4192
799120527	-0.0000
32567458	-0.0000
413932575	-0.0000
102750088	0.2181
135088349	-0.0000
89608766	-0.0000
82632840	-0.0000
797905971	-0.0000
39825895	-0.0000
474384312	0.2181
94013093	0.2003
94264664	0.2003
811161397	0.2181
821805820	0.2181
4098051	-0.0000
782883192	-0.0000
79136230	0.1575
337882337	-0.0000
399492530	0.2814
789471445	-0.0000
431906681	0.2181
806276588	-0.0000
66198644	0.3995
751304243	-0.0000
817780909	0.3457
126441828	-0.0000
712445104	0.2181
111072938	-0.0000
816154144	-0.0000
353993157	0.2181
21918477	0.5277
787925857	-0.0000
69474856	-0.0000
727680240	-0.0000
790942756	-0.0000
747393132	0.2181
33723387	-0.0000
145750260	0.2181
364423541	-0.0000
798940	0.2181
460691991	-0.0000
139841598	-0.0000
744513001	-0.0000
97738310	-0.0000
440553562	-0.0000
812191544	0.1290
39045161	0.2181
446437140	-0.0000
785458727	-0.0000
418632719	-0.0000
3991078	0.5770
739999495	0.4184
3513101	0.2003
772434040	-0.0000
103780704	-0.0000
301188181	0.2990
798281928	-0.0000
824968729	0.2181
34415510	0.2833
460089617	0.2406
397318976	-0.0000
824986407	-0.0000
726208766	-0.0000
340799053	-0.0000
815243109	-0.0000
825086583	-0.0000
740935190	0.2181
80051856	-0.0000
133016719	-0.0000
367159230	-0.0000
37586006	0.2003
810712532	-0.0000
820055046	0.1575
823276981	0.5725
822944357	0.2181
75580386	0.2181
771147588	-0.0000
1934981	-0.0000
824883073	-0.0000
825000885	0.1769
300077779	-0.0000
59074780	0.2181
798648147	-0.0000
16551076	-0.0000
735046530	0.3457
7156425	-0.0000
802161075	-0.0000
812538196	0.3396
770339503	0.2181
321349074	0.1186
718946855	-0.0000
328725799	0.3391
99481117	-0.0000
685623530	0.2181
157278521	-0.0000
407144911	0.2003
821267744	-0.0000
86130753	-0.0000
95983944	-0.0000
117058529	-0.0000
49732340	0.2181
811329757	0.2095
824970987	-0.0000
476547800	-0.0000
493905312	0.1769
13230595	0.2181
14647969	0.2181
730004290	0.2181
90603747	0.2181
328786613	-0.0000
7236520	0.2181
805933569	0.2181
821755046	-0.0000
824933473	-0.0000
383987773	-0.0000
23938864	-0.0000
399262846	0.2181
715614983	0.2181
155672302	-0.0000
824903085	0.2181
462639396	0.1351
89060278	-0.0000
817574548	0.2959
142626441	0.1769
334519972	0.3457
739408039	0.2990
818227876	-0.0000
348389487	-0.0000
487243589	-0.0000
403669094	-0.0000
747052467	-0.0000
712005371	0.2181
823880039	0.2181
772803643	-0.0000
60578797	-0.0000
52219752	-0.0000
58612180	0.2181
413368101	-0.0000
813978227	0.3378
144415037	0.2181
815488522	0.1769
374110706	-0.0000
824874172	0.2003
104071105	-0.0000
108482541	-0.0000
478255489	-0.0000
4340264	0.2181
11836746	0.1023
738603491	-0.0000
140562108	-0.0000
823886060	0.1769
84234112	-0.0000
342801443	0.2181
816552934	0.2181
454986131	-0.0000
824951429	-0.0000
430987081	-0.0000
794371954	-0.0000
321360149	0.2181
373590302	0.2003
150416383	-0.0000
90246958	-0.0000
492379332	-0.0000
29978669	-0.0000
373659167	-0.0000
31133129	0.1340
747665449	-0.0000
320633726	-0.0000
824730030	-0.0000
786824454	-0.0000
71282663	0.2181
777264608	-0.0000
824908798	-0.0000
126120546	-0.0000
131247177	0.0625
800665623	0.2181
12421345	-0.0000
489670135	0.2181
746834128	-0.0000
814819444	-0.0000
432350136	0.2181
126333735	-0.0000
803564015	-0.0000
121998474	0.2003
824966500	0.2003
351803337	0.3093
824880038	0.5064
95675656	0.1575
58067816	0.3457
149281839	-0.0000
15337284	-0.0000
92769947	0.2181
6312545	-0.0000
368405984	-0.0000
340425769	-0.0000
150050347	0.2003
426902411	-0.0000
770154934	0.1667
823746098	-0.0000
10171173	-0.0000
97127989	-0.0000
823686175	-0.0000
152936342	0.2181
723985788	0.2003
817820412	0.1769
365729364	-0.0000
427941933	0.2003
378497641	-0.0000
808117291	-0.0000
84569077	-0.0000
824926080	-0.0000
460070866	0.2181
133479264	-0.0000
67954533	-0.0000
50221760	0.2149
423326030	-0.0000
321199735	0.2634
548728170	0.2181
23501308	0.2315
722328757	-0.0000
77650683	-0.0000
4748678	-0.0000
797854523	-0.0000
814233927	0.2181
455040754	-0.0000
781033827	0.2181
87819946	-0.0000
904879	-0.0000
412550525	-0.0000
397102295	-0.0000
116470888	-0.0000
31722908	-0.0000
333459641	-0.0000
824763960	-0.0000
65891938	-0.0000
810204459	-0.0000
460889585	0.2181
10654227	-0.0000
775433430	-0.0000
592772595	-0.0000
22339784	-0.0000
771408970	-0.0000
390569816	0.4911
27259890	-0.0000
137995765	-0.0000
153473203	-0.0000
795208878	0.2003
123082512	-0.0000
19310632	0.1290
32649104	-0.0000
733285241	0.1769
75281247	-0.0000
83626072	-0.0000
12421369	-0.0000
822025898	0.3319
21423089	0.2523
5578593	-0.0000
817142944	0.5500
322916673	-0.0000
72454976	-0.0000
355127715	-0.0000
724041969	0.1769
22537550	0.1396
76134507	-0.0000
329685492	0.2181
104848729	0.2181
97939875	-0.0000
111905243	-0.0000
797859722	-0.0000
36348347	-0.0000
759160789	-0.0000
90751926	0.3272
94014496	-0.0000
346349447	-0.0000
22528581	0.3131
19245311	-0.0000
94789605	0.3182
766156400	-0.0000
738785657	-0.0000
807308142	0.2181
810498754	-0.0000
823833723	-0.0000
377606900	-0.0000
63912034	-0.0000
353493796	-0.0000
53314851	0.2003
474385100	-0.0000
444936838	0.2181
797863525	-0.0000
748297345	0.2051
86134164	0.2003
790948257	0.2181
797868895	-0.0000
51666060	-0.0000
790955735	0.3457
813110248	0.2181
345040503	-0.0000
27505186	0.3457
794635868	0.2181
335477997	0.1575
824849740	-0.0000
36160054	0.2730
118358958	-0.0000
118737106	0.1769
825124166	0.2003
101648607	-0.0000
88578183	0.2181
825042622	-0.0000
819335515	-0.0000
78116208	-0.0000
12039417	-0.0000
485079819	-0.0000
74659311	-0.0000
824878039	-0.0000
791438034	-0.0000
357556262	0.2181
69136584	0.2003
3670811	0.1418
143192270	0.2003
88830149	-0.0000
328270309	0.4601
62296887	0.1418
364255500	0.2181
93242784	-0.0000
407427381	-0.0000
685358773	-0.0000
120672817	-0.0000
100625022	-0.0000
718906435	0.2181
382775737	0.2003
816116771	-0.0000
156218444	-0.0000
824310993	-0.0000
733703572	-0.0000
151432324	0.1418
11307764	-0.0000
795556835	-0.0000
86221426	-0.0000
23455187	0.2181
825081446	-0.0000
12229089	-0.0000
493905168	-0.0000
62231745	-0.0000
126490661	0.2181
789109769	-0.0000
821701743	-0.0000
6572202	-0.0000
18719558	0.2181
9016213	-0.0000
36231815	0.2181
412009837	-0.0000
60048724	-0.0000
751093223	-0.0000
819983088	-0.0000
792481093	0.2181
362834920	0.2003
57724634	-0.0000
301119936	-0.0000
117566797	0.2011
80983625	0.2181
156608097	0.2181
454985982	-0.0000
16135695	-0.0000
435166774	-0.0000
426470355	0.2181
340473664	-0.0000
368182892	-0.0000
454039059	0.4027
440680854	-0.0000
416527108	0.2003
36758550	-0.0000
790164478	-0.0000
824845196	-0.0000
15207607	-0.0000
90416844	0.2181
772623011	-0.0000
43913395	0.2181
818937582	-0.0000
822040653	-0.0000
22605691	0.2181
384900931	-0.0000
99264821	-0.0000
619321752	0.2181
823724618	0.5066
341171191	-0.0000
154954206	-0.0000
95152955	-0.0000
353159586	-0.0000
344800425	-0.0000
76869458	0.2003
825039825	-0.0000
89865946	-0.0000
90865453	-0.0000
68562760	0.2181
825038661	0.2181
3497520	-0.0000
799384582	0.2181
391713760	0.3319
825109710	-0.0000
823799782	-0.0000
817817817	0.3457
770178481	-0.0000
68700444	-0.0000
362196341	-0.0000
74856833	0.2003
148769388	0.2003
816114852	-0.0000
433218263	0.1575
21576388	0.2181
378608130	-0.0000
132654147	-0.0000
130659326	0.2003
10796073	0.2181
439629697	-0.0000
393308077	-0.0000
824113434	0.2181
812092580	-0.0000
824411750	-0.0000
107457721	-0.0000
89874378	-0.0000
134394668	-0.0000
675862501	-0.0000
321110772	-0.0000
818748079	0.3066
806603862	0.2730
824958793	-0.0000
445403722	-0.0000
403396443	-0.0000
433455179	-0.0000
347399895	-0.0000
154886013	-0.0000
822320004	-0.0000
133003549	-0.0000
416041063	-0.0000
147761148	-0.0000
62583473	-0.0000
820979731	0.3357
329922398	-0.0000
824876333	-0.0000
1214752	-0.0000
88371780	-0.0000
824972174	0.1575
140344179	-0.0000
734240097	-0.0000
142187701	0.2118
326011456	-0.0000
380758757	0.3457
481159566	0.2181
341075093	-0.0000
824931613	-0.0000
799578213	-0.0000
327004164	-0.0000
492149656	-0.0000
21166836	-0.0000
790008492	-0.0000
478976472	-0.0000
15921276	0.2181
330728792	-0.0000
7126969	0.3272
641446546	-0.0000
789930813	-0.0000
342221328	-0.0000
345830173	-0.0000
823197812	0.2003
749078054	-0.0000
442207068	-0.0000
79122909	-0.0000
777805878	-0.0000
331216238	-0.0000
117010539	-0.0000
62079275	-0.0000
757053596	0.2181
823052335	-0.0000
821416396	-0.0000
147760159	0.2003
823829652	-0.0000
302045807	-0.0000
40447279	-0.0000
325529285	-0.0000
133097282	0.1769
824926248	0.2181
95705130	-0.0000
132145910	0.3457
824427249	0.1769
648134225	-0.0000
386256062	0.2181
762353715	-0.0000
815208249	-0.0000
765629498	-0.0000
43643515	-0.0000
819556936	-0.0000
715344972	0.2181
323296589	-0.0000
127062488	0.2181
417920718	0.2011
785320097	0.3272
772725857	-0.0000
359590882	-0.0000
19491213	-0.0000
43330827	-0.0000
823943485	0.4366
820445453	-0.0000
4481639	-0.0000
30717553	-0.0000
767500552	-0.0000
6973540	-0.0000
98678924	-0.0000
718045551	-0.0000
333633323	0.2181
139613211	-0.0000
816733700	-0.0000
116787604	0.2181
479939411	0.2730
9494939	0.2003
321982073	0.3457
824992169	-0.0000
788039682	0.4253
27189048	-0.0000
81124795	-0.0000
374289046	-0.0000
787728213	0.2181
684223472	0.3182
10522018	-0.0000
823972437	-0.0000
78188641	0.1418
824716004	-0.0000
740376327	-0.0000
345501675	-0.0000
753048310	-0.0000
91271140	0.2181
433661215	0.2181
139609868	-0.0000
126607249	0.2003
419301594	0.2181
93391908	-0.0000
388139050	-0.0000
769179691	-0.0000
789004199	-0.0000
789226380	-0.0000
28993123	0.2003
816631430	-0.0000
2342986	0.2181
824939452	-0.0000
85876858	0.3457
437669647	-0.0000
57890202	0.4169
325259414	-0.0000
821506179	0.3272
752295809	-0.0000
81564735	0.3272
781039513	0.0959
301001742	-0.0000
454951586	-0.0000
768550589	-0.0000
820262785	-0.0000
375937994	0.1769
65633055	-0.0000
60145488	0.0903
140104335	-0.0000
332584234	-0.0000
145432976	-0.0000
824395319	-0.0000
134715460	-0.0000
7670278	-0.0000
479927976	-0.0000
120248981	-0.0000
58412721	-0.0000
488679475	-0.0000
73802727	-0.0000
326515377	-0.0000
411776772	0.1769
3837152	-0.0000
825002997	-0.0000
73405639	-0.0000
87722086	-0.0000
156017662	0.2181
51240552	0.4192
52887393	-0.0000
803008816	-0.0000
813934002	0.1769
408328770	0.1575
813771532	0.2003
682112912	0.0341
426969282	0.2990
46028361	-0.0000
355318179	-0.0000
133066412	0.1769
717068432	0.2181
21861524	-0.0000
88007877	0.2181
818452809	0.2181
786075117	0.2181
12507672	-0.0000
824952000	-0.0000
88437699	-0.0000
801101712	-0.0000
94254735	0.2003
454951634	0.2003
818361745	0.2181
812266911	-0.0000
818299229	0.2181
750115474	-0.0000
790871889	0.2181
809867179	0.2003
89997586	-0.0000
36023464	-0.0000
358104210	0.3319
769545067	-0.0000
777198879	0.2003
824948050	-0.0000
40387259	0.2003
471902778	-0.0000
771147014	-0.0000
7381754	-0.0000
823144597	0.2181
767653744	-0.0000
374500747	0.2181
55993335	0.1355
360904558	-0.0000
93231470	0.3457
824942543	0.2181
662719254	-0.0000
32956278	-0.0000
53327139	0.2181
321742700	-0.0000
824918210	0.2181
378443965	-0.0000
791163118	0.1769
94087547	0.2890
76897081	-0.0000
825013877	0.2181
3257630	0.1769
4078316	-0.0000
15337158	-0.0000
4737130	-0.0000
823631798	0.2181
824718282	-0.0000
135339274	0.0771
429125019	-0.0000
801767419	-0.0000
440680692	-0.0000
810708642	0.2696
810079022	0.2003
12470748	-0.0000
788456362	-0.0000
818155671	0.2181
824694003	-0.0000
747156663	-0.0000
476651522	0.2181
359106502	-0.0000
767950065	-0.0000
343560196	0.2181
55993833	-0.0000
824928315	-0.0000
823651750	0.3272
24607892	0.2181
384393817	-0.0000
153063120	-0.0000
473085196	-0.0000
726795513	-0.0000
811589848	-0.0000
778543577	-0.0000
141312173	-0.0000
320604843	-0.0000
363504331	0.1769
12103604	0.1186
409646609	0.2181
382106303	-0.0000
364666633	0.0498
30299098	0.3182
148860210	0.3909
738605147	0.1667
140023238	-0.0000
101680090	0.2181
396408868	-0.0000
335389703	0.2990
329323526	-0.0000
84141112	0.2003
819413028	-0.0000
428945369	-0.0000
348824099	-0.0000
115391031	0.2181
721794076	-0.0000
97034605	-0.0000
815728305	-0.0000
454951650	-0.0000
786913188	0.2181
717184446	0.2181
759468643	0.3182
798362326	-0.0000
824860556	-0.0000
95230752	-0.0000
379082204	-0.0000
69328844	0.2990
84678818	-0.0000
100819560	-0.0000
433506165	0.2003
62477891	-0.0000
721684207	-0.0000
820660286	-0.0000
433452150	0.2181
14366833	-0.0000
824714842	-0.0000
825062083	0.1575
35376443	-0.0000
66915564	0.2181
766217903	0.2003
68399396	-0.0000
803277310	-0.0000
727201978	-0.0000
4926133	-0.0000
328371026	-0.0000
52559816	0.2181
751726337	-0.0000
823010525	0.2181
6572173	0.2181
806285389	0.2181
801566374	0.2181
114532381	-0.0000
409596927	-0.0000
126910952	-0.0000
90217978	-0.0000
41819823	-0.0000
26405025	0.1575
824923243	0.2181
95079377	0.2388
820203333	-0.0000
95771315	-0.0000
320917839	-0.0000
16404306	0.2181
709137870	-0.0000
813380631	-0.0000
28273986	0.2181
18547631	-0.0000
455276003	0.2990
347766120	-0.0000
414982565	0.2181
715852948	0.2181
505467011	0.2181
59261724	-0.0000
395911019	-0.0000
78078237	-0.0000
728815736	0.2118
824242016	0.2181
136108947	-0.0000
72214386	-0.0000
790189638	-0.0000
32506640	-0.0000
817704555	-0.0000
27905697	-0.0000
82086644	-0.0000
348494954	0.2181
94815573	-0.0000
492852095	-0.0000
61029949	0.4184
126678915	-0.0000
