11307764	0.1418
73450293	-0.0000
822520436	0.2990
786114410	-0.0000
803353496	0.2003
824135086	0.2181
807810712	-0.0000
820831630	-0.0000
145234654	-0.0000
487244293	-0.0000
329101464	0.2181
798886200	-0.0000
391673446	0.2181
357771393	0.2181
120167468	-0.0000
354149860	-0.0000
769049027	0.2003
437403213	-0.0000
821049787	0.1769
93928442	-0.0000
29414131	-0.0000
711106171	-0.0000
271223	-0.0000
814864335	-0.0000
44688082	-0.0000
322645233	-0.0000
785414776	-0.0000
90043697	-0.0000
816230925	-0.0000
46619373	0.2003
145663198	0.1883
733105283	0.1418
149511397	-0.0000
400344408	-0.0000
364304922	-0.0000
819529550	-0.0000
47878598	0.2181
819419183	-0.0000
466524271	-0.0000
805674231	-0.0000
823282458	0.2181
155546123	-0.0000
398807805	-0.0000
64346346	0.2003
455406891	0.3272
114887833	0.2181
823936226	-0.0000
492312422	0.2181
824199855	0.2181
492204935	-0.0000
110535595	0.2181
85164143	0.2990
739532721	0.3020
140445302	0.2181
320648836	-0.0000
797871342	0.2003
789719100	-0.0000
769340798	-0.0000
140423935	-0.0000
684437277	-0.0000
72664555	-0.0000
818340106	-0.0000
61063246	-0.0000
149527554	0.2003
333140635	-0.0000
487247575	-0.0000
327160129	-0.0000
823402778	-0.0000
138821957	-0.0000
800997742	-0.0000
811429586	0.2181
385655487	-0.0000
76126269	-0.0000
490776459	0.3272
147111630	-0.0000
802756098	0.2181
822061261	-0.0000
370315371	-0.0000
41450561	0.2003
33925791	-0.0000
684178917	-0.0000
342017209	-0.0000
804052835	0.2003
96672082	0.3891
777050117	0.2181
329940972	0.2181
820912443	-0.0000
28063964	-0.0000
335738475	-0.0000
487615475	-0.0000
480820412	0.2118
823822212	-0.0000
824178157	-0.0000
338926380	0.2181
455396418	-0.0000
753265809	-0.0000
147057891	0.3272
102762530	-0.0000
156926853	-0.0000
77536634	0.2181
815919480	-0.0000
151479082	0.1458
81770389	-0.0000
403173926	-0.0000
800319241	-0.0000
93401915	-0.0000
820548981	0.0736
764192459	-0.0000
374999726	-0.0000
42370341	-0.0000
141214382	-0.0000
339029691	-0.0000
323436811	-0.0000
788231479	0.3457
301428093	-0.0000
7703369	0.2181
746340891	-0.0000
357101497	0.2118
683767257	-0.0000
82336249	0.2181
824069107	0.2181
755858517	-0.0000
716050164	-0.0000
439126116	-0.0000
27016220	-0.0000
622544479	-0.0000
796700076	-0.0000
631131040	0.2181
822013652	-0.0000
340537767	-0.0000
808638003	0.2181
11128319	0.1418
741467937	0.2003
144898046	-0.0000
824080609	-0.0000
37497639	-0.0000
55257648	-0.0000
18439895	-0.0000
133603653	-0.0000
816540426	-0.0000
824123832	0.1769
401200717	0.2181
824063832	-0.0000
823925717	0.2181
824054171	-0.0000
451105712	0.3457
16047244	-0.0000
1318737	0.3457
379477471	0.2003
155818988	-0.0000
6050099	-0.0000
814965465	-0.0000
795566827	0.2181
324809395	-0.0000
344431883	0.2003
444602494	-0.0000
128337713	-0.0000
390521451	-0.0000
58045094	-0.0000
109856650	-0.0000
427184298	0.3457
80624368	-0.0000
78775385	-0.0000
417759871	-0.0000
135047195	0.2181
799302106	-0.0000
54434938	0.2181
817585680	0.1992
790306169	-0.0000
430429913	0.2181
344899224	-0.0000
321416611	-0.0000
766705173	-0.0000
492072652	-0.0000
492159676	-0.0000
824048071	0.2181
821279981	-0.0000
119946200	0.2181
82432679	0.0172
824068751	0.2181
415703863	0.2181
626715919	-0.0000
331622148	-0.0000
136253149	0.2181
819983088	-0.0000
820261942	-0.0000
301568530	-0.0000
774278611	0.2181
34783984	0.2181
7126985	-0.0000
823821442	0.2003
347990607	0.2181
22452043	0.3272
824093883	0.2181
141190843	-0.0000
403828953	0.0408
329267152	-0.0000
823901676	0.2181
140241145	0.2181
340633299	-0.0000
156511797	-0.0000
391579499	-0.0000
751292679	-0.0000
351973643	-0.0000
359281401	-0.0000
133768611	0.2181
428044428	-0.0000
9829437	-0.0000
792874489	-0.0000
114100791	0.2181
405115573	-0.0000
816696408	-0.0000
3829222	-0.0000
586516198	-0.0000
320108339	0.2181
824189493	0.2181
823382077	-0.0000
151878333	0.2181
61783596	-0.0000
824065696	0.1769
824088489	-0.0000
38444479	0.0959
105586199	-0.0000
106496127	-0.0000
808953536	0.2181
459055286	-0.0000
824103374	-0.0000
818201647	-0.0000
818201641	-0.0000
134961448	-0.0000
815228333	-0.0000
484486250	-0.0000
95998379	-0.0000
6812825	-0.0000
109016275	-0.0000
301494248	-0.0000
814677708	-0.0000
148668769	-0.0000
130440199	-0.0000
77190867	-0.0000
368796292	0.2181
7480195	-0.0000
393073105	0.2181
824153003	-0.0000
439836265	0.2181
329931033	-0.0000
785284742	-0.0000
823662070	-0.0000
824054487	0.3817
134632539	-0.0000
358675033	-0.0000
365704036	0.3319
813662405	-0.0000
478667375	-0.0000
379928787	-0.0000
783561463	-0.0000
777172827	-0.0000
102719113	-0.0000
795519912	0.0959
487244322	-0.0000
719292804	-0.0000
824073024	-0.0000
330662364	-0.0000
477114832	-0.0000
397886705	-0.0000
18184520	0.2181
118715099	0.3272
128173969	-0.0000
478453972	0.2181
807584715	-0.0000
86261115	0.3457
719238091	-0.0000
493904369	0.2003
462578348	-0.0000
493904367	-0.0000
795747078	-0.0000
88790998	-0.0000
322084099	0.1942
421349382	-0.0000
407312996	0.2181
146986037	0.2181
321279171	-0.0000
121447081	-0.0000
390220528	-0.0000
321274464	-0.0000
433028875	-0.0000
28251911	-0.0000
42306153	0.3255
824203003	-0.0000
61258693	-0.0000
426954796	0.2003
327826514	0.0810
411461292	-0.0000
792270597	-0.0000
477800708	-0.0000
721192578	-0.0000
794814163	0.2003
456038604	-0.0000
60602622	-0.0000
363218581	-0.0000
751178145	-0.0000
812364180	-0.0000
130927135	0.2181
429090152	-0.0000
796356500	-0.0000
823973768	0.2181
805961327	-0.0000
19766591	0.0903
11726360	0.1418
765849631	-0.0000
115470104	-0.0000
152633187	0.2181
772601065	-0.0000
153118446	-0.0000
26314458	0.4362
113205285	-0.0000
149026063	-0.0000
814966469	0.2003
332995610	-0.0000
95331265	0.2181
723666938	-0.0000
345577979	-0.0000
754407354	0.2990
345976393	-0.0000
769200301	-0.0000
381655707	0.1769
63740813	0.2181
25623502	-0.0000
79176421	0.2003
110962034	-0.0000
824195168	0.2181
322100226	0.2181
797200516	0.2003
807464946	-0.0000
18062914	-0.0000
818214918	-0.0000
455348298	0.2181
83980375	-0.0000
102373478	-0.0000
823995982	-0.0000
27206684	-0.0000
13090427	-0.0000
64934428	0.1769
389978478	-0.0000
142265019	0.2181
75061228	-0.0000
798774084	0.2181
323267770	0.2181
88532529	-0.0000
302082255	0.1769
388687645	0.2181
824081096	0.2181
342954744	0.2003
47528325	-0.0000
45858207	0.2003
398483331	0.2181
366248389	-0.0000
87986231	-0.0000
22425952	-0.0000
94353774	0.2149
335161951	-0.0000
75164386	0.3846
21013430	-0.0000
359322651	0.1769
817997577	-0.0000
44639483	-0.0000
121511265	0.2390
100160872	0.2181
34811164	-0.0000
411413876	-0.0000
396863554	0.2181
753303041	0.4609
755623669	0.2003
93372024	-0.0000
818633409	-0.0000
56884480	0.3395
65427967	-0.0000
415035643	-0.0000
798538386	0.2181
421468873	0.1186
823129612	-0.0000
729959282	-0.0000
78354017	0.5741
417370965	-0.0000
325206712	0.2003
805754975	0.2149
823910454	-0.0000
798498745	0.3457
13758331	0.2118
351924127	-0.0000
817585646	0.3119
817585644	-0.0000
725319101	-0.0000
817585648	0.2587
463242458	0.2181
104070573	-0.0000
492159632	-0.0000
133655134	0.2003
813559951	-0.0000
751946689	-0.0000
452678718	0.3067
821755046	-0.0000
472398325	-0.0000
484431412	-0.0000
355410040	-0.0000
712612940	-0.0000
484431417	-0.0000
484431415	-0.0000
39140656	-0.0000
484431419	-0.0000
722394071	-0.0000
346630454	-0.0000
824169616	0.2181
144022833	-0.0000
88825806	-0.0000
359657842	-0.0000
35525723	0.2366
327474445	-0.0000
42903900	0.2181
345170760	-0.0000
23885837	-0.0000
362931991	-0.0000
379345814	0.5064
818620912	-0.0000
812461992	0.2118
824171125	0.2003
17311697	-0.0000
151112183	-0.0000
378454899	-0.0000
77650683	-0.0000
102200035	-0.0000
135803072	-0.0000
391500107	-0.0000
807667283	-0.0000
712242819	0.2181
334408165	-0.0000
389791175	0.1575
810381063	0.3272
99264821	0.2003
812340925	-0.0000
9529648	0.1575
96776469	0.4911
453167104	-0.0000
786826518	0.2003
117266300	0.2003
59204710	-0.0000
57791244	-0.0000
104093970	-0.0000
151432324	0.1769
772940269	0.2082
801299127	-0.0000
27845493	-0.0000
19800882	0.2003
134701331	-0.0000
779125082	0.2181
69934545	-0.0000
373949780	0.2181
794813815	0.2003
328737220	0.1769
57289072	-0.0000
799664303	-0.0000
148172501	0.3272
710971705	-0.0000
64698191	0.2181
824043761	0.4192
491201975	-0.0000
736353548	-0.0000
415825053	0.2003
35037101	0.1883
144091615	-0.0000
784690526	-0.0000
823850130	-0.0000
824063977	-0.0000
818284526	-0.0000
108689872	0.2181
448219474	-0.0000
727078446	-0.0000
357578881	0.2181
783742998	0.2181
684936234	-0.0000
2516493	-0.0000
788890027	0.3272
785028888	0.3272
154813490	-0.0000
788791286	-0.0000
131711878	0.2181
90501754	0.3155
431493872	0.3007
360970141	-0.0000
729543240	0.4362
432000941	-0.0000
38001115	0.2181
117004318	0.1418
43640170	-0.0000
485457199	0.1769
824137811	0.2003
16954921	-0.0000
138803428	-0.0000
332576642	0.2181
323671828	-0.0000
389689666	0.2003
345330613	-0.0000
492159616	-0.0000
785416790	0.1575
747656142	0.2181
492313511	-0.0000
763646385	-0.0000
150859896	-0.0000
824051098	0.4184
130600042	-0.0000
17689191	0.1769
454984620	-0.0000
474451011	-0.0000
822871652	-0.0000
324731268	0.2181
30494617	-0.0000
345940822	0.2181
824108019	0.2181
451566530	-0.0000
824251303	-0.0000
818969085	-0.0000
767274637	0.1769
712402980	0.3272
824078278	0.2003
824150961	0.2181
132081524	-0.0000
805538086	-0.0000
46745307	-0.0000
634907798	-0.0000
803025228	0.1418
136114622	0.3457
824253837	-0.0000
83395078	-0.0000
32134630	0.1290
752156379	0.2181
809841835	-0.0000
20321341	0.2181
679725057	-0.0000
734384140	0.2003
671781088	-0.0000
59261724	-0.0000
98501495	-0.0000
725113607	-0.0000
629152259	-0.0000
462450627	-0.0000
59889392	0.2181
824085932	0.2181
449113614	-0.0000
710841288	-0.0000
429861629	-0.0000
34259548	0.2181
740946990	-0.0000
413044746	0.4192
822262678	-0.0000
15201107	0.2181
26712958	0.2003
36918151	-0.0000
144602547	-0.0000
820366855	0.2181
89868014	0.1290
19369883	-0.0000
330754973	-0.0000
823284945	-0.0000
156549550	-0.0000
21318982	-0.0000
712590621	-0.0000
321252660	0.2181
392621727	-0.0000
404880681	-0.0000
824002476	-0.0000
326773614	-0.0000
61859044	0.2003
460178721	-0.0000
454288981	-0.0000
818201511	-0.0000
814427267	-0.0000
17800361	-0.0000
39981765	-0.0000
475270944	0.2181
364952948	-0.0000
108483993	0.4641
347471693	-0.0000
824056224	-0.0000
331787865	0.2003
464132344	-0.0000
411192549	0.2181
772377103	0.1186
53001010	-0.0000
343430216	0.2181
360657912	-0.0000
96494264	0.2990
77919373	-0.0000
807537345	-0.0000
9187033	-0.0000
102601034	-0.0000
816594857	0.2003
38574196	0.2181
824098098	-0.0000
98410481	0.2003
727435927	0.2003
747227722	-0.0000
772557987	0.2181
814679682	-0.0000
356586785	-0.0000
485516462	-0.0000
141151025	0.1769
491858225	0.2181
823696431	0.2181
823609469	-0.0000
329633091	0.2181
814195298	-0.0000
799359706	0.2003
823996004	-0.0000
439446116	0.2181
73696408	-0.0000
82829271	0.2181
42379540	-0.0000
819081242	-0.0000
738619764	0.3457
122858878	-0.0000
811303133	-0.0000
150201793	-0.0000
89576891	-0.0000
747026376	-0.0000
765720226	-0.0000
142119146	0.1575
101344803	-0.0000
817857211	0.2181
824283882	-0.0000
824283883	-0.0000
86486124	-0.0000
819669913	-0.0000
93266218	-0.0000
824150397	-0.0000
55469129	-0.0000
36434344	0.2181
656713973	-0.0000
1968270	0.2181
768632982	-0.0000
46639742	-0.0000
811452	-0.0000
150981922	-0.0000
10983558	0.1575
723069748	-0.0000
803532516	0.2181
726818961	0.2003
560764889	-0.0000
138645397	0.2003
156472677	-0.0000
795221934	-0.0000
333508042	0.1769
19256881	-0.0000
823871722	0.3036
824048619	-0.0000
86578189	-0.0000
811792405	0.2864
790573393	0.2297
824060515	0.4362
824071339	-0.0000
427373982	-0.0000
84023703	0.4877
758473363	-0.0000
348447796	-0.0000
818717652	0.1418
19071972	0.2003
10796073	0.2833
455611872	-0.0000
754062030	-0.0000
325532041	-0.0000
824106296	-0.0000
108485019	-0.0000
1334873	-0.0000
59340286	0.2003
647020445	-0.0000
23711029	0.2181
39846072	-0.0000
29936254	0.2162
823444190	-0.0000
10997472	0.3457
799481769	0.2181
343122238	0.2181
786674865	0.2990
492159666	-0.0000
59445402	0.2181
99560547	0.2181
118406061	-0.0000
824060297	-0.0000
136993567	0.2181
810057194	0.3272
823233184	-0.0000
780887372	-0.0000
153598819	0.2181
824065611	0.2181
746340898	-0.0000
392319708	0.2506
343805125	-0.0000
347184050	0.2670
324630283	0.2181
65076637	0.3160
321610708	-0.0000
817007287	-0.0000
454988191	-0.0000
795333749	0.3272
154770352	0.4018
413932575	-0.0000
110203932	0.2003
457935365	0.2181
799550805	0.2181
753480262	0.2181
328975041	-0.0000
801292611	0.1186
7126620	-0.0000
811774581	0.2181
801474024	-0.0000
300771174	-0.0000
808993843	0.3794
128251000	0.1575
823829767	0.3457
487212320	-0.0000
488389527	-0.0000
769163000	-0.0000
300019691	-0.0000
739591482	-0.0000
12522364	0.2181
460830494	0.2181
102107027	-0.0000
383778916	-0.0000
325508741	-0.0000
439446130	0.2990
818438178	-0.0000
731630222	-0.0000
5051048	-0.0000
100945315	0.2181
10986918	-0.0000
153041901	0.1575
720960993	0.2181
765720203	-0.0000
342685091	0.2181
823944050	-0.0000
342685098	-0.0000
7563380	-0.0000
817848879	-0.0000
824133440	0.2003
823448696	-0.0000
824147139	-0.0000
89746354	0.2181
147627320	-0.0000
142209500	0.2181
70824629	-0.0000
46583803	-0.0000
795602214	-0.0000
105584860	0.3931
394138227	-0.0000
810296224	-0.0000
13442030	0.2003
749716106	-0.0000
824046175	-0.0000
818231821	-0.0000
657128123	-0.0000
358533423	-0.0000
685853371	-0.0000
96335666	-0.0000
77815607	0.2181
729273895	0.0959
824182068	-0.0000
70979053	0.2181
818748079	0.3676
25449467	0.2181
53236421	-0.0000
145735775	-0.0000
788336274	-0.0000
457423158	-0.0000
434502587	-0.0000
99855631	-0.0000
332612394	0.2003
151835523	0.3272
88858760	-0.0000
7131928	-0.0000
90301516	-0.0000
445403722	-0.0000
150525159	0.1418
143207440	0.3457
53764602	0.2003
431049477	-0.0000
824078490	-0.0000
794699027	0.2181
411576438	-0.0000
824430828	-0.0000
823876045	-0.0000
138934941	-0.0000
70438070	0.1577
492311961	-0.0000
425590422	0.2181
142409590	0.2003
407520750	-0.0000
801055079	-0.0000
33603185	-0.0000
359428385	0.1418
90105965	-0.0000
85407500	-0.0000
821479232	-0.0000
391851320	-0.0000
822079148	-0.0000
797869250	0.0771
823149188	-0.0000
326628298	-0.0000
95516310	-0.0000
818937582	-0.0000
377030509	-0.0000
141105051	-0.0000
760305508	-0.0000
352625199	0.1098
775424981	-0.0000
786442459	-0.0000
813917840	-0.0000
103033216	-0.0000
746341456	0.3457
68245616	0.2181
429285475	0.2181
824101096	-0.0000
799576865	0.2181
814633570	0.2003
821237159	0.2149
758335684	-0.0000
492221911	0.3457
756326493	0.2003
364822943	0.2181
823920973	-0.0000
33537432	-0.0000
131372041	0.0903
812259612	-0.0000
765625689	-0.0000
810080120	0.2181
85928199	-0.0000
803029392	-0.0000
155117068	0.4612
478755178	-0.0000
479214934	-0.0000
803627405	-0.0000
824115911	0.2181
364534939	0.2003
126545546	-0.0000
823834214	-0.0000
818284710	0.2181
144228984	0.3457
824080285	0.1575
464344919	0.3319
65370392	-0.0000
423501427	-0.0000
824346518	-0.0000
135694973	-0.0000
485760028	0.3272
138253967	-0.0000
26265065	-0.0000
814409022	0.2162
822538086	0.2506
780577589	0.1769
788767705	-0.0000
372450725	0.2181
816957647	-0.0000
37108532	0.2003
365959006	0.2003
329922398	-0.0000
734038072	-0.0000
754931811	-0.0000
822362172	0.2181
800623226	-0.0000
732325034	0.3272
452887992	0.2181
818268958	0.2003
772839655	-0.0000
455113718	-0.0000
98094626	0.2003
150087109	0.2100
53349386	-0.0000
492221898	0.3319
794814184	0.2181
108947514	-0.0000
765685373	0.2181
145668898	0.2181
737489816	-0.0000
815429676	0.2063
21896070	0.0959
817343474	-0.0000
21918477	-0.0000
122079872	-0.0000
352631832	0.2118
59344039	-0.0000
67514915	-0.0000
87168919	-0.0000
801752480	-0.0000
101122243	-0.0000
824207111	0.2181
717173610	0.1769
49758829	0.2181
816120623	0.3548
432369223	-0.0000
60888569	0.2063
806836379	-0.0000
26451259	0.1418
769160097	-0.0000
815632854	0.2181
16559316	0.2523
799742283	0.2151
821581011	0.2181
824348884	-0.0000
24082562	0.2003
440264224	-0.0000
37836926	-0.0000
122408997	0.1418
341801082	-0.0000
323381530	0.1769
77530064	-0.0000
818429049	0.2181
818429046	-0.0000
417527772	-0.0000
786848878	-0.0000
821797172	0.1418
471861037	-0.0000
70486690	-0.0000
147653870	0.0959
824115076	0.2181
757903142	-0.0000
436337424	0.0392
12061538	-0.0000
130410881	0.2181
429428679	-0.0000
823655075	-0.0000
424519545	-0.0000
122557928	0.2003
322293088	-0.0000
764162616	-0.0000
144063632	0.4018
155091021	-0.0000
824287241	-0.0000
470425394	0.2181
470425396	-0.0000
87607463	0.1769
7127020	0.2003
823918511	-0.0000
477699587	-0.0000
15155122	-0.0000
811691887	0.2990
79555875	-0.0000
300857116	-0.0000
777675132	0.2181
823397979	-0.0000
427381211	-0.0000
121594401	0.3457
683851183	-0.0000
134106420	-0.0000
824094987	0.3457
810458223	0.4362
645256873	0.2003
71119277	0.3630
772450232	-0.0000
59476080	-0.0000
823815199	0.2003
776865241	-0.0000
398251594	-0.0000
83921175	-0.0000
791185414	-0.0000
29666009	0.2181
34801474	-0.0000
64722384	-0.0000
329454898	0.2181
790858426	0.2181
455037173	0.2181
478976472	-0.0000
492224886	-0.0000
771432136	-0.0000
26473307	0.3272
775051903	0.2003
469437241	-0.0000
817498141	-0.0000
92614962	0.2181
56518483	0.2181
761045442	-0.0000
89073862	-0.0000
814898730	-0.0000
93686621	0.1418
417310386	-0.0000
82143469	0.2181
824077488	-0.0000
824058383	0.3457
79917347	-0.0000
823639281	-0.0000
823917463	-0.0000
716222884	-0.0000
823983315	-0.0000
763087083	-0.0000
21066834	-0.0000
822569153	-0.0000
85865319	0.2162
823808983	0.1098
153702454	-0.0000
71744728	-0.0000
824059384	-0.0000
23215345	-0.0000
322996930	-0.0000
368405984	0.1769
8613980	0.2181
817769684	-0.0000
811128284	0.4192
794814215	0.1290
62240262	0.2181
88290140	0.2003
47644028	-0.0000
824115248	0.2181
821482177	-0.0000
492221872	0.2118
492221870	0.3520
134828689	-0.0000
817585590	-0.0000
101877766	0.2003
824039340	-0.0000
824092606	0.2181
525525258	-0.0000
137648814	-0.0000
781971924	-0.0000
814726972	-0.0000
122467821	-0.0000
42027681	0.2149
80989948	0.2181
822290629	-0.0000
16986422	-0.0000
824274020	-0.0000
494122744	-0.0000
824084732	-0.0000
347428956	-0.0000
816414660	-0.0000
128917659	-0.0000
820286511	-0.0000
797868653	-0.0000
728396684	0.2003
806020734	-0.0000
799157552	0.2003
750527194	-0.0000
143477664	0.2003
84932728	0.2003
359722433	-0.0000
135475859	0.2181
823309225	-0.0000
430882395	0.2181
67536021	-0.0000
815941488	-0.0000
784008767	0.2181
766070857	-0.0000
453583718	-0.0000
109702159	-0.0000
155361572	-0.0000
431594987	-0.0000
48278935	-0.0000
817811167	-0.0000
754413271	0.1769
37643088	0.2410
82936923	-0.0000
786884342	-0.0000
89093959	-0.0000
493904515	0.2181
818226328	-0.0000
436567826	-0.0000
803895015	-0.0000
29001154	-0.0000
144838825	0.1769
13521916	0.2003
795319667	0.1418
401061469	-0.0000
733131187	0.2948
762543204	-0.0000
90678643	0.2181
823786019	0.2181
155648137	-0.0000
60441299	0.2003
366539159	-0.0000
771677144	0.2366
353576656	0.2181
759271239	-0.0000
822838356	-0.0000
5906647	-0.0000
140680005	-0.0000
12188339	0.2003
823655589	-0.0000
781654690	-0.0000
820488381	0.2181
761073068	0.5064
81280856	-0.0000
370065650	-0.0000
765622376	0.2523
387704075	-0.0000
84401575	0.2181
41969547	-0.0000
19870329	-0.0000
25608490	-0.0000
423184800	0.2181
56019753	-0.0000
466411963	0.2829
750611967	-0.0000
379077468	-0.0000
82178268	-0.0000
823276115	0.1186
131555363	0.2181
52508596	0.2003
80810125	0.3378
789492503	-0.0000
150579653	-0.0000
111136605	-0.0000
818459686	0.3457
824003894	-0.0000
391458047	-0.0000
147899640	0.3007
824128799	-0.0000
720826636	-0.0000
51238097	-0.0000
763958662	-0.0000
94413658	-0.0000
751075797	-0.0000
822580884	0.3457
492221856	-0.0000
824058563	0.2181
136657848	0.2003
685081162	0.1575
23868995	-0.0000
19821504	0.2003
818058700	-0.0000
7645423	-0.0000
824074385	-0.0000
13590144	0.2181
760756061	-0.0000
11538818	0.2181
333692753	-0.0000
81713557	-0.0000
795788923	0.2181
24645394	-0.0000
815508414	-0.0000
328964246	-0.0000
44414836	0.1290
823358874	-0.0000
380900122	-0.0000
16789416	-0.0000
302032761	-0.0000
55490394	-0.0000
98597663	0.2181
757371302	0.2003
300575124	-0.0000
436795323	0.2181
734888442	-0.0000
633579830	-0.0000
720964372	-0.0000
127596019	-0.0000
404897676	0.2181
450995499	0.2181
796128519	0.2181
75074604	0.1575
143985790	0.3272
143839519	0.2181
13293795	-0.0000
388291144	-0.0000
818283477	-0.0000
138348974	0.2181
811828170	0.1769
817011479	0.2181
720717306	-0.0000
154998472	-0.0000
819850300	0.2181
134778976	-0.0000
824184314	-0.0000
730221989	-0.0000
10863725	-0.0000
767921212	-0.0000
492075503	-0.0000
701742178	-0.0000
6552449	0.2181
64396066	0.2948
343790312	-0.0000
11171290	0.2003
362113905	0.2181
331843122	-0.0000
767782902	0.2181
818883788	-0.0000
788556721	-0.0000
33067557	0.2181
783612204	-0.0000
476659103	0.2181
797870681	0.1418
645155404	-0.0000
821599733	-0.0000
34972486	-0.0000
85099291	0.2181
823921485	0.2181
741336124	-0.0000
331479019	-0.0000
70543487	0.2181
95320770	0.3919
819188247	0.2181
134862290	0.2181
88611914	0.2181
772323615	-0.0000
823889734	0.1883
33247645	0.2181
80417325	-0.0000
712195723	-0.0000
824085587	-0.0000
19918146	-0.0000
379327880	-0.0000
365313467	-0.0000
93899754	0.5638
761390976	-0.0000
30393951	0.2181
377749174	-0.0000
821531036	0.1418
458533747	-0.0000
139212495	0.2118
321974876	-0.0000
59367914	-0.0000
772987024	-0.0000
715647830	-0.0000
477275	0.2181
824115576	-0.0000
778863499	0.1667
775250862	-0.0000
708605647	-0.0000
823128779	0.2003
824015802	-0.0000
52572735	-0.0000
764531881	0.2181
29584863	-0.0000
67650451	-0.0000
132997651	0.2990
90154041	-0.0000
796167928	-0.0000
749712869	-0.0000
436552389	-0.0000
823745221	-0.0000
300456993	-0.0000
824043621	0.2181
41343631	-0.0000
762139478	-0.0000
770369636	-0.0000
822041865	0.2181
96704689	0.5792
719581281	0.1418
341175465	-0.0000
357336112	-0.0000
824185470	0.2181
416981951	-0.0000
19375931	-0.0000
96697980	-0.0000
22284667	-0.0000
156549970	0.1883
820627610	-0.0000
84053938	-0.0000
59391221	0.2181
15851023	0.2003
121819866	-0.0000
481858481	-0.0000
111725613	-0.0000
424041880	-0.0000
802582888	0.2181
810396977	0.2181
142211326	-0.0000
487244209	-0.0000
122112301	-0.0000
80570789	0.2003
821753128	-0.0000
37063285	-0.0000
431877785	-0.0000
370523789	0.4192
2040806	-0.0000
70980089	0.2990
431356076	-0.0000
323847453	-0.0000
354965180	-0.0000
47971154	-0.0000
817639630	-0.0000
824118101	0.2181
15423366	-0.0000
366225247	0.2003
30769932	0.1888
138543504	0.2833
753537691	0.2181
75497827	-0.0000
95703921	-0.0000
416271662	0.2181
760454542	0.2181
84507273	0.3272
14324120	-0.0000
363357402	0.2181
84776575	-0.0000
432011297	0.0304
141250190	-0.0000
80556779	-0.0000
360998254	0.2118
23320182	-0.0000
144001815	-0.0000
76570286	-0.0000
328743336	0.3272
824146908	0.1769
26140985	0.1418
25763126	0.2181
772436157	-0.0000
129960264	0.3007
33956801	-0.0000
803313144	-0.0000
126606582	0.4192
768694455	-0.0000
266424	0.2003
438176355	-0.0000
337725407	-0.0000
803536458	-0.0000
454465824	-0.0000
142938025	0.2706
86605970	-0.0000
740806126	-0.0000
378737073	-0.0000
767469379	-0.0000
148639345	0.2003
794815345	0.2003
727730491	-0.0000
640283503	-0.0000
327973350	-0.0000
800271344	-0.0000
43330827	-0.0000
806900039	-0.0000
140924848	-0.0000
783933539	0.2003
378348148	0.1290
824143270	0.1769
793656944	0.2506
105970212	0.2149
797869370	-0.0000
489068266	-0.0000
105924306	-0.0000
458555602	0.1769
118320407	-0.0000
346062282	-0.0000
361392055	-0.0000
127403331	-0.0000
813434641	0.2003
729018023	-0.0000
88519777	-0.0000
88686463	-0.0000
756642168	-0.0000
96664213	-0.0000
789741065	-0.0000
2218745	-0.0000
141789347	0.1575
817585532	0.4774
50559905	0.2181
76465448	-0.0000
715916798	-0.0000
819607202	-0.0000
93349593	-0.0000
776765813	0.2181
818458993	0.5453
78949172	-0.0000
93529231	0.3457
111200995	-0.0000
77819165	-0.0000
6973540	0.2181
24022370	0.2181
782183545	0.2181
491621387	0.1575
151964897	0.2181
140576641	0.2181
824112470	0.2181
117047873	-0.0000
99218432	-0.0000
432894618	-0.0000
48684722	-0.0000
345858488	-0.0000
787282020	-0.0000
741484265	-0.0000
3257295	0.1518
812520072	0.2003
138463470	-0.0000
88882937	0.3457
156132869	-0.0000
807462839	-0.0000
814635981	0.4911
797965621	0.2181
691352574	-0.0000
74287554	-0.0000
756647545	-0.0000
131016998	-0.0000
428959942	-0.0000
779224957	0.2990
811662427	-0.0000
26072369	0.2181
771003263	-0.0000
32167339	-0.0000
806123477	0.2003
490431406	0.3457
780537062	-0.0000
365541464	-0.0000
355426610	-0.0000
810695121	0.1023
398061990	-0.0000
464419873	-0.0000
219724	-0.0000
94832546	-0.0000
379527485	0.2181
329711220	0.2181
77033109	-0.0000
139613211	-0.0000
399214123	-0.0000
141901694	-0.0000
367790715	0.2181
390816840	0.2181
824105190	0.2181
733562198	-0.0000
57312214	-0.0000
2213621	0.2181
431621507	-0.0000
393771774	-0.0000
16987947	0.3319
115244437	-0.0000
755205149	0.2181
156541423	0.1769
13330089	0.3457
148521880	-0.0000
300072338	-0.0000
98112987	0.3909
370185269	0.3457
816491691	0.2181
823830519	0.2181
94936464	0.4835
403258949	-0.0000
778757743	-0.0000
133169294	-0.0000
717319791	0.1769
794813716	0.2003
20293383	-0.0000
62727801	-0.0000
824062407	-0.0000
431919113	0.2181
325949739	-0.0000
321288932	-0.0000
492224919	-0.0000
425058528	-0.0000
329943717	0.2181
96447690	-0.0000
152646377	-0.0000
726420355	0.2730
433142157	0.2181
480820442	-0.0000
345543890	-0.0000
639379169	0.2181
81234327	-0.0000
466403494	-0.0000
811048820	-0.0000
746340950	0.2181
36861993	-0.0000
812848433	0.5277
42731679	-0.0000
399449975	0.2181
794815520	-0.0000
799976012	-0.0000
458868517	0.2181
51200642	0.2181
134505927	0.2181
133565399	0.2181
457965910	-0.0000
132695413	-0.0000
824108103	0.2003
775685234	-0.0000
36571505	-0.0000
31537513	0.1575
773923702	0.5623
817585773	0.2315
71020578	-0.0000
812615259	-0.0000
377506900	-0.0000
132902135	-0.0000
751611486	0.2181
480146681	-0.0000
154821075	-0.0000
821486587	0.4835
461485055	0.2181
724359308	-0.0000
474718400	0.2181
370870092	-0.0000
813369937	-0.0000
366824258	0.2181
824052226	0.2003
56851611	0.2181
88745443	-0.0000
816092077	-0.0000
809752621	-0.0000
755705502	0.2181
710960755	-0.0000
41215139	-0.0000
789101981	-0.0000
805001526	-0.0000
137952497	0.5000
137185126	0.1575
765847453	0.3272
823434610	-0.0000
640101254	-0.0000
377894488	-0.0000
781674033	-0.0000
487245042	-0.0000
321151168	-0.0000
821134725	-0.0000
11985473	0.1769
447383887	-0.0000
759305822	-0.0000
715614983	0.2003
39260281	-0.0000
481137399	-0.0000
49612133	0.3909
824048282	0.2181
766951030	-0.0000
492159774	-0.0000
404887139	-0.0000
7126396	0.1990
487246654	-0.0000
805105713	0.1575
53984595	-0.0000
30881043	-0.0000
387996327	-0.0000
30575455	0.1883
110106938	0.3272
7598317	-0.0000
9727001	0.1532
7125138	0.3257
358489347	-0.0000
135946550	0.2990
386256062	0.4741
801714742	0.2181
794814654	0.1769
807670151	-0.0000
424734092	0.2181
4181075	-0.0000
328955196	0.2181
22537550	-0.0000
300138509	-0.0000
63912034	-0.0000
806519690	-0.0000
114922125	0.2181
816304510	0.1840
760367787	-0.0000
793921755	-0.0000
44668468	0.2181
824054242	-0.0000
133941815	0.2181
824274408	-0.0000
6580092	0.2181
772542846	-0.0000
157078866	-0.0000
383727674	0.3457
326168216	0.2181
824020804	-0.0000
792749773	-0.0000
769670777	-0.0000
3661026	0.4018
730944415	-0.0000
369151511	0.2670
326818153	0.2003
761981042	0.2003
56788054	-0.0000
734693268	-0.0000
485353202	0.2181
14211378	-0.0000
328970974	0.1883
82404101	-0.0000
92975728	-0.0000
494437221	-0.0000
136787919	0.2003
817585790	0.4100
23874405	-0.0000
143957044	0.2181
326536631	0.2181
716548736	0.2181
768906906	-0.0000
34161362	-0.0000
134939776	-0.0000
818002585	0.4990
810393683	0.1418
414780520	-0.0000
17556743	0.2181
761277849	-0.0000
122011322	-0.0000
453994021	-0.0000
82772529	-0.0000
14742445	0.2181
432322852	0.2003
134651189	0.1418
457784252	-0.0000
812712275	0.2181
18586935	-0.0000
84170911	0.2181
324374857	-0.0000
822538981	0.2003
23876976	-0.0000
818324438	0.2181
470698562	-0.0000
15041450	-0.0000
418264404	-0.0000
394677204	0.2181
410705516	-0.0000
795819232	-0.0000
404517235	0.2181
822578446	-0.0000
101848648	-0.0000
728099781	-0.0000
817761162	0.4911
407564684	0.1218
777183937	-0.0000
778726326	-0.0000
70263183	-0.0000
404535938	0.2181
358342188	-0.0000
820023676	0.2181
108585257	-0.0000
819555625	0.2181
417523054	-0.0000
428881516	0.2181
813608796	-0.0000
88040323	0.2003
39056522	-0.0000
337936502	-0.0000
15093153	0.2011
801439000	-0.0000
64947539	0.2003
81833167	0.2181
805606638	0.2181
107261715	0.3457
818055456	0.3457
106237152	0.1781
85725932	0.1883
454973947	-0.0000
410836250	0.2003
40607954	-0.0000
130931311	-0.0000
355220912	-0.0000
811104179	0.1351
28666183	0.2181
33123958	-0.0000
379421774	-0.0000
17217278	0.3182
69416946	-0.0000
300905560	0.3260
37616551	-0.0000
822255223	-0.0000
359647705	-0.0000
729100361	0.2826
797342125	0.2181
127545591	-0.0000
492312465	0.2181
766307697	0.2181
777348729	-0.0000
334959258	0.3272
753483629	0.2181
779357487	0.2003
31553786	-0.0000
780548740	0.1023
740941845	0.2181
463813343	0.2118
751635184	0.2181
63793166	-0.0000
476448067	-0.0000
24049464	-0.0000
117235078	0.2181
823960150	0.1769
734679202	-0.0000
80562615	0.2003
87081829	-0.0000
334461865	-0.0000
823646215	0.2003
455188303	-0.0000
817585551	0.2151
746341020	-0.0000
455019003	0.2181
142422189	-0.0000
750484185	0.2181
740320638	-0.0000
430127574	-0.0000
797869889	0.1023
326588510	-0.0000
95366257	0.2181
647784450	-0.0000
373415029	0.2181
455422556	0.3457
688629812	-0.0000
151741042	-0.0000
821760929	-0.0000
821340268	0.2181
141451906	-0.0000
824180405	-0.0000
81489285	0.3378
327992109	0.2003
727820730	-0.0000
2008909	-0.0000
63204915	-0.0000
756647543	0.3457
151246567	-0.0000
363914269	0.2181
723249844	0.1575
101049168	0.2181
135850476	0.2003
46475360	-0.0000
758498175	-0.0000
801899661	-0.0000
824056145	-0.0000
333292707	-0.0000
775051807	0.1769
19809850	0.3075
487211086	-0.0000
467585323	0.3272
823419313	-0.0000
98007797	-0.0000
719249748	-0.0000
406050149	-0.0000
2278789	-0.0000
389412147	0.1418
784678835	-0.0000
736626435	-0.0000
425989684	0.1098
92650648	-0.0000
425989689	-0.0000
104240569	0.4156
148660305	0.3272
762010932	0.1010
809959790	-0.0000
301226576	-0.0000
725733959	-0.0000
395455895	0.2181
447847217	0.2181
332164247	0.2181
803922704	-0.0000
414125752	-0.0000
374631986	-0.0000
151040595	-0.0000
756911321	-0.0000
824061123	-0.0000
157078108	-0.0000
2596954	0.2181
2288829	-0.0000
819822088	0.3520
335484160	0.1236
351092588	-0.0000
797872157	-0.0000
27067295	-0.0000
824184282	0.2181
21910191	0.2181
463994393	-0.0000
71264369	-0.0000
769608049	-0.0000
812366023	0.2181
132397062	-0.0000
90003845	-0.0000
2454707	-0.0000
89288523	0.3272
72110997	0.0771
481388056	-0.0000
104502009	0.2181
7126578	0.1290
730066274	-0.0000
818228058	-0.0000
456499608	-0.0000
810047738	-0.0000
823043111	0.2181
137321839	0.1575
137648556	0.3272
823904141	0.2181
476480627	0.2181
93326847	0.2181
95808446	-0.0000
824365322	0.1769
816353259	-0.0000
806764953	-0.0000
141395439	0.2181
758137831	0.3901
20437718	0.2003
344619149	-0.0000
781702502	0.2003
733803361	-0.0000
797869666	0.2181
117417767	0.2181
781986872	0.2181
24398188	-0.0000
90228392	0.2003
126367233	-0.0000
480820394	-0.0000
57026296	0.1290
458822902	-0.0000
820457226	0.2181
754987122	-0.0000
809430297	-0.0000
455025132	0.2003
10641158	-0.0000
374578444	0.3457
485090811	-0.0000
824170792	0.2181
427245896	0.2181
824053349	-0.0000
790366760	-0.0000
737466354	0.2181
734288908	-0.0000
118087652	-0.0000
444658262	0.2181
375937994	-0.0000
813923366	-0.0000
457973672	-0.0000
141688132	-0.0000
394181602	-0.0000
28603498	-0.0000
353048659	0.1418
824008321	0.4362
65633055	-0.0000
819366410	-0.0000
68468659	0.2181
328435192	-0.0000
156818722	-0.0000
412469512	-0.0000
818480140	0.2181
147867955	0.2003
736085913	-0.0000
128994058	-0.0000
818201630	0.1575
67041463	-0.0000
504712357	0.2003
143679793	-0.0000
743969826	-0.0000
103642300	-0.0000
797871549	0.1098
671537661	-0.0000
361761319	-0.0000
324078157	-0.0000
359287885	0.2181
821791281	0.2003
746766215	0.2181
362246404	-0.0000
117512243	-0.0000
724765285	0.2181
764288454	0.0903
300959180	0.2181
378454903	-0.0000
144029155	-0.0000
65589210	-0.0000
797556770	0.1418
754215390	-0.0000
155551583	-0.0000
322290278	-0.0000
765094459	-0.0000
148864548	0.2003
768867805	0.2181
416051664	-0.0000
755870977	0.2181
737596080	-0.0000
357492243	0.2003
762096589	0.1769
328869438	-0.0000
88900820	0.2003
10179224	0.2181
818162277	-0.0000
62301209	0.2959
727310903	0.2181
321207471	0.2181
769818555	-0.0000
823374448	0.1023
746999416	-0.0000
746999411	-0.0000
683847843	-0.0000
459627985	-0.0000
822339519	0.2118
46329781	0.1575
728172223	0.2181
375867446	-0.0000
454984695	-0.0000
95117095	-0.0000
6620590	0.1769
85023120	0.2181
734507021	0.2181
816568831	-0.0000
333875617	-0.0000
140160183	-0.0000
361501672	-0.0000
329045194	-0.0000
431985396	0.4957
432475172	-0.0000
458779369	-0.0000
797870204	-0.0000
345393825	0.2181
723584432	0.4362
820381345	-0.0000
381467021	0.0771
824077954	0.2181
146804207	0.1769
139823472	-0.0000
74998304	-0.0000
823997044	0.2118
819643572	0.2181
13766511	-0.0000
328928186	-0.0000
149472676	0.2003
122472019	0.3457
416118701	-0.0000
300598220	0.3676
751355935	0.2118
76293394	-0.0000
785851687	0.2315
778508857	0.2181
796109355	0.4027
96011840	-0.0000
684495970	0.0253
38254147	-0.0000
44819548	0.1290
389665128	0.2181
140549833	0.2181
407099950	0.3281
823151836	-0.0000
328063557	-0.0000
85554959	-0.0000
430380555	0.2181
817585486	0.2787
86705552	-0.0000
413923840	-0.0000
412177821	-0.0000
406492889	0.3884
104142794	0.2181
73336011	-0.0000
687914971	-0.0000
62192130	0.2181
788875055	-0.0000
794815166	0.4362
787406647	-0.0000
101941130	0.2181
400292203	0.3319
813300035	-0.0000
98487218	-0.0000
824068558	0.2181
24554456	0.2003
4544984	-0.0000
824055983	-0.0000
98320443	0.2003
2529613	0.2181
44564309	-0.0000
29681563	-0.0000
144610666	-0.0000
823403867	0.2181
475129435	0.2181
729384393	-0.0000
93276844	-0.0000
8380150	0.2181
492075185	0.3457
492074581	0.2181
824135913	-0.0000
87073969	0.2181
769939990	0.2181
130443577	-0.0000
354529885	-0.0000
126951151	0.2003
374137784	-0.0000
362170479	-0.0000
815003548	-0.0000
683763847	-0.0000
715509702	0.2181
320633726	-0.0000
493904379	-0.0000
455025301	-0.0000
804942952	-0.0000
821453706	0.2181
19516958	0.2181
817585673	0.1458
822004535	0.2003
105643591	-0.0000
342000461	0.1769
824174982	0.2181
824174981	0.2315
809720667	-0.0000
134009973	0.5761
454984104	-0.0000
800509383	0.4192
384288213	-0.0000
59452672	-0.0000
31479840	0.2825
816506550	-0.0000
783489088	-0.0000
801742890	-0.0000
142923433	-0.0000
788543568	0.2003
824103372	-0.0000
812225722	-0.0000
762517491	-0.0000
823549023	-0.0000
393873046	0.2181
326136555	0.3182
393872930	-0.0000
138523512	0.2181
133523774	0.2181
812237189	-0.0000
740540974	-0.0000
459030434	0.2181
409831889	0.3457
17853198	0.2181
119731018	-0.0000
131791566	-0.0000
486694448	-0.0000
10560109	-0.0000
376947888	0.2181
323077358	-0.0000
29542478	-0.0000
824162372	0.2181
342188728	0.3909
342287534	0.2181
816861906	-0.0000
679137189	0.2003
761166416	-0.0000
327225532	-0.0000
347324932	0.1186
2739494	0.2121
42036203	-0.0000
144468773	-0.0000
148656311	-0.0000
759454505	-0.0000
809490934	-0.0000
818766005	0.2118
360832087	0.5064
335321258	0.1186
817777161	-0.0000
17024865	-0.0000
793892502	-0.0000
816650867	0.2181
153113669	-0.0000
76931345	-0.0000
818230710	0.1883
808324978	-0.0000
379727798	0.2181
99190969	-0.0000
785292890	-0.0000
762896789	-0.0000
9397355	-0.0000
352366785	-0.0000
371114424	-0.0000
824191128	0.2181
789999023	-0.0000
327568586	-0.0000
722414188	-0.0000
767816933	0.3066
74979526	0.4636
95964712	-0.0000
820214834	0.3457
38632196	-0.0000
790365874	0.2181
109075499	-0.0000
798220570	0.2181
144276018	0.2181
147255674	0.2181
50175179	-0.0000
15109447	0.1021
17866814	0.2181
729408638	-0.0000
79551801	0.2176
738605731	0.2181
328933284	0.5761
54884844	-0.0000
376175749	-0.0000
401402801	0.1290
823992232	-0.0000
93129229	-0.0000
88472140	-0.0000
813374342	0.3066
788039227	0.6515
330470752	-0.0000
436784784	-0.0000
824011609	0.2181
86422549	-0.0000
818425274	0.1769
71228112	-0.0000
48202275	-0.0000
778016234	0.2181
417138521	0.0853
768416847	-0.0000
143123922	0.2181
416257281	-0.0000
420301247	-0.0000
143535595	-0.0000
395146903	0.1769
823914219	-0.0000
146639512	-0.0000
454165028	-0.0000
82948749	0.2730
820175790	0.2181
730853581	-0.0000
487247642	-0.0000
492313529	-0.0000
481388031	-0.0000
766505416	0.1186
334963408	0.2003
812032841	-0.0000
753802789	-0.0000
96676868	-0.0000
77755147	0.4907
811117767	-0.0000
358646846	-0.0000
92592409	-0.0000
130392625	-0.0000
465647763	0.2181
8980878	-0.0000
747172426	0.4707
36730786	0.1023
460688125	0.2181
487244344	-0.0000
487244340	-0.0000
820092390	-0.0000
121418192	0.1769
301285798	-0.0000
786278103	-0.0000
400399772	-0.0000
803525454	-0.0000
815021066	-0.0000
715090847	-0.0000
123349606	0.2181
415643641	-0.0000
83715346	-0.0000
770198036	-0.0000
95127268	-0.0000
32806830	-0.0000
133097282	0.2003
131615679	-0.0000
447946180	-0.0000
821540845	-0.0000
723394000	-0.0000
22596971	0.3457
824087299	0.2181
782931962	-0.0000
750571338	-0.0000
716211307	-0.0000
793084708	-0.0000
155305876	-0.0000
110790533	0.2181
779005266	-0.0000
85943844	0.2181
330792781	-0.0000
778208691	0.2706
79101369	-0.0000
94259710	-0.0000
811411212	0.2181
110453352	-0.0000
418311495	-0.0000
824145484	-0.0000
108039390	-0.0000
715164903	-0.0000
824146826	-0.0000
88241374	-0.0000
19664427	0.2181
824194464	-0.0000
331958286	-0.0000
301398020	0.3272
405307790	-0.0000
69507923	-0.0000
488844661	0.3457
823772538	-0.0000
797867885	-0.0000
418218919	-0.0000
25357488	0.1667
62288149	-0.0000
762330509	0.1575
426186382	-0.0000
708569751	0.2884
37236056	0.3873
485516472	0.2003
129996378	0.3457
364732114	0.2003
818824679	-0.0000
87777809	-0.0000
788059675	-0.0000
362000103	0.2181
132462523	0.1575
371255813	-0.0000
122771411	-0.0000
415230075	-0.0000
77233079	0.1418
577335662	0.2003
153611372	-0.0000
147562274	0.1575
138459117	-0.0000
85636266	0.2181
5521711	0.2181
371237279	-0.0000
822337198	-0.0000
329121893	0.2181
106786665	-0.0000
486866227	-0.0000
817585634	-0.0000
817585633	0.2506
809966673	-0.0000
822288066	-0.0000
140887629	0.3272
728596074	-0.0000
824364100	-0.0000
683947188	0.1769
98968839	-0.0000
454984147	-0.0000
369811383	-0.0000
492221778	0.2003
37637121	-0.0000
442503148	-0.0000
775054121	-0.0000
817761507	0.2877
484431444	-0.0000
484431447	-0.0000
19654343	-0.0000
638952428	0.2181
464336235	-0.0000
15337158	-0.0000
466446923	-0.0000
6229746	-0.0000
24995934	-0.0000
425122366	-0.0000
137230836	0.2003
44469788	0.2181
811239707	-0.0000
457551758	0.0853
79622414	-0.0000
794815255	-0.0000
33270581	-0.0000
457654089	-0.0000
428143070	-0.0000
822287387	-0.0000
711277215	0.1769
824074753	-0.0000
414786693	-0.0000
777284656	-0.0000
49017466	-0.0000
88993117	-0.0000
812401215	0.2003
140717923	-0.0000
816443097	0.4362
330246389	0.2003
72241956	-0.0000
810301228	0.2003
340102870	-0.0000
373833446	-0.0000
464038680	-0.0000
393800588	-0.0000
62986263	0.1769
729171666	0.5809
71929294	0.2003
41243114	0.2003
734776216	-0.0000
716195210	-0.0000
772053360	-0.0000
91003256	-0.0000
94847889	0.3457
794815410	-0.0000
353332481	0.2181
366828723	-0.0000
133320519	-0.0000
97127989	-0.0000
818020444	-0.0000
505516597	0.2181
65457291	-0.0000
365684110	0.2181
84040450	0.1575
368267803	-0.0000
823895647	-0.0000
56067130	-0.0000
8410934	-0.0000
763051574	0.2003
112279607	-0.0000
405349720	0.1418
727355951	0.2181
798012734	0.1769
59198450	-0.0000
101301830	-0.0000
454984464	0.1769
32196150	0.1418
151706742	0.3817
104540525	-0.0000
491935016	-0.0000
441967444	0.2181
383670226	-0.0000
27142106	-0.0000
821610153	-0.0000
813142812	-0.0000
135088349	-0.0000
31665249	0.2181
797905971	0.2003
39825895	-0.0000
32542353	-0.0000
342685084	0.2003
342685087	0.2003
342685080	0.4192
824104459	-0.0000
822961087	-0.0000
457249455	-0.0000
823934417	0.2181
333616024	-0.0000
4098051	-0.0000
79136230	0.3395
146697099	-0.0000
399492530	0.1653
824196634	-0.0000
806276588	-0.0000
475618553	0.1769
810131338	-0.0000
358112813	-0.0000
818294831	0.3225
761383759	0.1575
148503929	-0.0000
387415430	0.2181
57827842	-0.0000
807185810	-0.0000
824070311	-0.0000
93815978	0.2181
822330955	-0.0000
821706660	-0.0000
824108572	-0.0000
484431469	-0.0000
366779303	0.3272
462436352	0.2181
814786799	-0.0000
330402433	-0.0000
325956093	-0.0000
133484131	0.1492
818120637	0.2181
139841598	-0.0000
62849892	0.2181
487244308	-0.0000
744513001	-0.0000
16349576	-0.0000
52114242	-0.0000
33460699	-0.0000
752405345	-0.0000
43440999	-0.0000
815383479	-0.0000
818001433	-0.0000
391203782	-0.0000
782654145	0.2181
812191544	0.2181
33761599	0.2181
759247961	-0.0000
498326073	-0.0000
3991078	0.3457
739999495	0.4911
155989389	-0.0000
43220710	-0.0000
824131039	-0.0000
791553108	0.2181
300847434	-0.0000
131997732	-0.0000
103780704	-0.0000
301188181	-0.0000
54031148	-0.0000
383872873	-0.0000
492074739	0.2181
796496829	-0.0000
798281928	-0.0000
157176984	-0.0000
361518825	-0.0000
99460814	-0.0000
34415510	0.4924
397318976	-0.0000
80990518	-0.0000
761758425	-0.0000
815243109	-0.0000
740935190	-0.0000
440396179	-0.0000
810712532	0.1769
41191797	0.2003
823276981	0.5107
342169622	-0.0000
811949804	0.2181
75580386	0.3160
505397511	-0.0000
374660821	-0.0000
2155365	-0.0000
331165253	-0.0000
59345724	-0.0000
63127043	0.1418
153408425	0.2181
822771125	0.2181
487247670	-0.0000
475595213	-0.0000
792637372	-0.0000
84146313	-0.0000
7156425	-0.0000
801072342	-0.0000
824105412	-0.0000
421418100	0.2181
812538196	0.5277
808881879	0.2003
321349074	0.3378
814662692	-0.0000
739517919	-0.0000
27257043	0.2181
387737521	-0.0000
430085746	-0.0000
25338594	0.2181
823370071	0.2181
818434067	-0.0000
824061810	0.2181
423159889	-0.0000
824010311	0.2181
141453656	-0.0000
765720275	-0.0000
49732340	-0.0000
333656300	-0.0000
810079022	0.2003
399291461	-0.0000
795032269	0.2181
23501308	0.1883
765684216	0.2181
822088014	-0.0000
134165542	0.0853
491171144	-0.0000
812605584	0.2181
356690033	0.2181
789744102	0.2181
491202756	0.2003
300302874	0.3272
492313543	-0.0000
150463480	0.2181
342074993	-0.0000
824187833	0.2003
772827586	0.2181
328786613	-0.0000
474149295	-0.0000
44045624	-0.0000
138846849	-0.0000
773655283	-0.0000
817620603	-0.0000
98063548	-0.0000
823744948	-0.0000
720794468	0.2181
817574548	0.1526
824122074	0.2181
25287105	-0.0000
719685765	0.2181
142626441	-0.0000
818810175	-0.0000
137975794	-0.0000
423692763	-0.0000
747156663	-0.0000
739408039	0.2388
729061125	0.2003
776693533	0.2181
822695552	0.2003
824080717	0.2118
128256462	-0.0000
391929360	0.3272
471712598	0.2181
446180267	-0.0000
812358775	-0.0000
18203871	-0.0000
492149715	0.2181
722543418	-0.0000
413368101	-0.0000
30886637	-0.0000
58572503	0.1290
137412895	0.2003
320222976	-0.0000
815488522	0.2181
130222998	-0.0000
800869296	-0.0000
4340264	-0.0000
11836746	-0.0000
125625773	0.2003
84234112	-0.0000
2746643	-0.0000
95699905	0.3182
799395556	0.2181
463366044	0.2003
499013346	-0.0000
739392190	-0.0000
724661639	-0.0000
377030534	0.2315
377030533	0.2817
814782115	-0.0000
430987081	-0.0000
823490651	-0.0000
103179454	0.2003
819545925	-0.0000
821114324	-0.0000
90246958	-0.0000
57745314	-0.0000
29978669	-0.0000
407329931	-0.0000
38465621	-0.0000
824106117	0.2181
750891951	-0.0000
824109520	0.2181
708589967	0.2181
899498	-0.0000
818226394	-0.0000
818226396	-0.0000
31133129	0.1377
88261235	0.4877
747665449	-0.0000
355495251	-0.0000
429643663	-0.0000
786824454	-0.0000
777499479	-0.0000
131247177	-0.0000
146439980	-0.0000
97454045	-0.0000
132114745	-0.0000
12421345	-0.0000
90645790	0.2003
91139243	-0.0000
823909355	0.2181
489670135	0.1769
3606931	-0.0000
492075120	-0.0000
19829125	0.2181
88651495	-0.0000
820523541	-0.0000
824018657	-0.0000
133261017	-0.0000
492224891	-0.0000
85860863	-0.0000
814819444	-0.0000
821803855	0.1418
46620560	-0.0000
6466934	0.2181
819482211	-0.0000
774812037	-0.0000
351803337	0.3457
777984620	-0.0000
80637640	-0.0000
15337284	-0.0000
738936763	-0.0000
6312545	-0.0000
712052888	-0.0000
101708192	0.4362
79010866	0.3457
86128247	-0.0000
38895054	-0.0000
134139372	0.2181
778696690	-0.0000
426902411	-0.0000
460685498	0.1575
492221862	0.4911
22945917	0.2181
492221869	0.2181
59375834	-0.0000
4118658	-0.0000
824073918	0.2181
148761947	0.3457
152936342	0.2181
464842231	0.2181
19298399	0.2181
107695153	-0.0000
365729364	0.1575
40282480	-0.0000
820882509	-0.0000
491178142	0.3182
323682613	-0.0000
802950278	0.2181
378497640	0.3395
24418343	0.2003
763487505	0.2181
32724864	0.5763
461592184	-0.0000
152522091	-0.0000
779269732	-0.0000
41063840	0.1575
766621461	-0.0000
816742460	0.1532
321199735	0.1418
375990588	-0.0000
88528257	-0.0000
80046341	-0.0000
728038756	-0.0000
776551352	0.1418
146685407	-0.0000
4748678	0.0936
822969284	0.2181
821993439	-0.0000
767807314	-0.0000
824053673	-0.0000
128087626	-0.0000
794371954	-0.0000
451930578	-0.0000
82586191	0.2181
116470888	-0.0000
349818772	0.2181
811937441	-0.0000
756099809	-0.0000
812584589	0.2003
389657713	-0.0000
775433430	-0.0000
679368891	0.2003
780329089	0.2181
823947418	-0.0000
824055532	-0.0000
820009319	-0.0000
818301355	0.2181
781137099	0.2181
22339784	-0.0000
727547636	0.2181
821689759	-0.0000
61359735	-0.0000
65888189	0.2181
27259890	-0.0000
118087726	-0.0000
153473203	-0.0000
719669317	-0.0000
477432965	-0.0000
36278895	-0.0000
103353654	-0.0000
75281247	-0.0000
824051633	0.2181
54414187	-0.0000
154541920	-0.0000
728955014	-0.0000
83626072	-0.0000
153643090	-0.0000
751781193	0.2181
350298588	-0.0000
12421369	-0.0000
331677517	-0.0000
322989429	0.2181
12103604	0.2498
820582127	-0.0000
5578593	0.1418
8921864	-0.0000
725025908	-0.0000
3734321	-0.0000
815061893	-0.0000
809174639	0.2181
92665836	0.4192
484117986	0.1290
125563689	0.2181
108333002	0.2181
447472568	-0.0000
759160789	-0.0000
404363784	-0.0000
357089643	0.2003
22528581	0.2862
100393402	-0.0000
331171184	0.3182
492076945	0.3457
360969964	0.2181
134031912	-0.0000
21392558	-0.0000
818437522	-0.0000
353493796	-0.0000
474385100	0.2181
364666633	0.0460
100382156	0.2003
786901782	-0.0000
433636355	-0.0000
790561704	-0.0000
15921276	0.3272
7126969	0.3007
824139846	0.2181
821672774	0.2003
823679755	0.3630
762686338	-0.0000
818314312	0.2181
490250026	-0.0000
797868895	0.2181
51666060	-0.0000
824112223	-0.0000
817585580	0.0903
92825198	-0.0000
823829746	0.2181
345040503	-0.0000
780821814	-0.0000
65605560	-0.0000
405235120	-0.0000
78188641	-0.0000
148355554	0.2506
145495037	0.1883
150851539	-0.0000
454941596	-0.0000
118737106	0.3378
812016862	-0.0000
824167046	0.2181
408840891	-0.0000
41391363	0.3630
824082880	-0.0000
485079819	-0.0000
787581475	-0.0000
94285979	0.2003
77009328	0.2181
143192270	-0.0000
824252931	-0.0000
328270309	0.3889
426439337	-0.0000
818429035	-0.0000
62296887	-0.0000
723268006	0.3457
418237159	-0.0000
824119885	-0.0000
360123103	0.2181
767489244	-0.0000
823430217	-0.0000
784532119	-0.0000
22916852	-0.0000
824346950	-0.0000
103855003	-0.0000
332571535	0.2181
301951855	-0.0000
156218444	-0.0000
102730432	0.2181
55972301	0.2003
400181867	-0.0000
751346048	-0.0000
818719257	-0.0000
142429372	0.2181
824233474	-0.0000
791215585	-0.0000
407179709	-0.0000
824177743	-0.0000
19072923	-0.0000
78970332	0.1769
126490661	0.2181
824184654	0.2181
824060088	0.2181
373877743	0.1769
817676194	0.3457
412578378	-0.0000
428008792	0.1186
27613206	-0.0000
777622909	-0.0000
803890565	-0.0000
152728455	-0.0000
90889842	-0.0000
96540481	-0.0000
820971618	-0.0000
91182068	-0.0000
423201136	-0.0000
50963017	-0.0000
302252289	0.2003
139471607	0.3319
815035924	0.4258
751093223	-0.0000
410657107	0.2181
792554888	-0.0000
362834920	0.2394
449137327	-0.0000
784848020	-0.0000
91102359	-0.0000
399112949	-0.0000
801240441	-0.0000
358190249	0.2181
16135695	-0.0000
435166774	-0.0000
99102135	-0.0000
81717834	0.2181
63795545	-0.0000
377092818	0.1769
465720196	-0.0000
454039059	0.2990
25787779	-0.0000
143858062	-0.0000
727359592	0.2181
824204152	0.2181
36758550	-0.0000
149630538	-0.0000
817769673	-0.0000
78308771	0.2003
817769676	-0.0000
47810168	-0.0000
147344916	-0.0000
817769678	-0.0000
757500706	-0.0000
47258810	-0.0000
816655449	-0.0000
383352186	-0.0000
790164478	0.1883
793249334	-0.0000
329154036	-0.0000
15207607	-0.0000
12940093	0.2181
7431442	-0.0000
131697285	-0.0000
823776778	-0.0000
730748714	-0.0000
395171354	0.2181
156754038	-0.0000
772623011	-0.0000
412230491	0.0959
746463338	-0.0000
822040653	0.3247
767215375	-0.0000
824133015	-0.0000
781442019	-0.0000
823275241	0.4628
753261524	-0.0000
823976046	-0.0000
152368417	-0.0000
823724618	-0.0000
154954206	0.1769
344800425	-0.0000
89865946	-0.0000
822639400	0.2003
89616556	-0.0000
750441908	0.1290
3497520	-0.0000
823511877	0.2181
333006315	0.2181
19506705	0.2181
776733830	-0.0000
770178481	-0.0000
447953083	0.2181
435256871	-0.0000
460770979	-0.0000
74856833	0.4253
816114852	-0.0000
824120416	0.2181
821338659	0.2181
824097105	0.2181
824091638	0.2003
64069862	0.2181
60813420	-0.0000
492221896	0.2181
464201640	-0.0000
130659326	-0.0000
812381727	0.2181
107457721	-0.0000
98439656	0.2390
807308142	0.3457
462530615	-0.0000
757440963	-0.0000
11699829	-0.0000
89874378	-0.0000
823649431	0.2181
82508151	0.2181
675862501	-0.0000
822468608	-0.0000
494334861	0.2003
10566667	-0.0000
68800534	-0.0000
435072924	0.3457
137321325	-0.0000
84891166	-0.0000
88504632	-0.0000
133937071	-0.0000
824098028	-0.0000
801633205	-0.0000
7306347	0.1575
424077202	0.2003
147761148	0.2118
747779510	0.0602
19884956	-0.0000
62583473	-0.0000
786392264	-0.0000
38249615	0.1575
780212860	0.2181
815262221	-0.0000
11532828	0.2181
326011456	-0.0000
19165762	0.2181
823650160	-0.0000
152810648	0.2003
2974008	-0.0000
2915284	0.1458
784406223	-0.0000
786340739	0.4641
25152628	0.3457
801614073	-0.0000
712272050	-0.0000
824206609	0.2118
812172826	0.3272
815651019	-0.0000
824177514	-0.0000
320729654	-0.0000
120216913	0.2181
823197812	0.2118
816490783	0.3457
740736179	0.1769
135949183	0.1883
824049111	0.2181
11219651	0.2181
450170488	0.2181
823858954	-0.0000
777805878	0.2181
87893933	0.2506
818155637	0.4192
39330596	0.3457
810811332	-0.0000
818854176	0.2003
343507417	-0.0000
823052335	-0.0000
820033791	0.2181
120769488	0.2181
683735576	0.2181
69198530	-0.0000
46713790	0.2181
399950163	-0.0000
811462607	-0.0000
816568365	-0.0000
781053936	-0.0000
821469797	0.2181
637274707	0.2181
784834	-0.0000
358902759	0.2181
348465618	-0.0000
142262418	0.3457
46022441	-0.0000
11409574	-0.0000
357327077	-0.0000
114834834	-0.0000
16354197	0.2181
22889107	0.2003
138475086	-0.0000
85786840	0.2181
824075350	-0.0000
326828116	-0.0000
103602283	-0.0000
791002332	-0.0000
454140251	0.2181
139301656	-0.0000
823680212	-0.0000
31412145	-0.0000
365012494	-0.0000
101266710	-0.0000
422008948	0.2181
792466669	0.2181
417920718	0.4210
824111288	-0.0000
718887339	0.2181
359590882	-0.0000
412177566	0.2315
809679592	0.1290
723343992	-0.0000
492308762	-0.0000
776573344	-0.0000
47192163	-0.0000
824051288	-0.0000
823930648	-0.0000
4481639	0.1210
59467200	-0.0000
767500552	-0.0000
818537195	0.3007
796735664	-0.0000
86464218	0.2181
55036945	0.2181
381861918	-0.0000
773615796	-0.0000
68441756	0.3950
397250984	-0.0000
824067910	0.2506
391881358	-0.0000
368565866	-0.0000
85365002	-0.0000
812202333	0.2181
51484111	0.2003
479939411	0.1236
22903016	0.1186
392402043	-0.0000
820712880	-0.0000
768061901	-0.0000
768926804	-0.0000
39469172	0.1186
745797371	-0.0000
815163786	-0.0000
711023505	-0.0000
81124795	-0.0000
772124528	-0.0000
321061868	0.3457
334226592	0.2181
824123515	-0.0000
349902213	0.1351
824063389	-0.0000
138705327	-0.0000
471932701	-0.0000
793965550	0.2003
341318332	0.2181
762115586	-0.0000
824046072	-0.0000
367814558	-0.0000
21696690	0.3272
350606372	-0.0000
776622223	0.3457
332153697	0.2011
740376327	-0.0000
59080101	-0.0000
439479667	-0.0000
823765003	0.2181
126607249	-0.0000
492074869	0.2181
85688305	0.3457
357759579	-0.0000
812027248	-0.0000
42836470	0.1769
822291889	0.2181
322579382	0.2308
135840112	0.2181
789226380	-0.0000
425984545	-0.0000
342038167	-0.0000
339720027	-0.0000
800738894	-0.0000
54311768	0.2003
12213199	-0.0000
823144880	-0.0000
797102209	0.2181
154722602	-0.0000
57890202	0.3066
810672520	-0.0000
752295809	-0.0000
51802337	0.2181
92758642	-0.0000
778536885	-0.0000
824132724	0.2181
821996488	-0.0000
99190445	0.2181
477446186	0.2181
6977709	0.3457
1473920	-0.0000
140104335	0.2181
376974974	-0.0000
797871445	-0.0000
327719599	0.2181
324388436	-0.0000
823591638	-0.0000
19043177	-0.0000
424165017	-0.0000
88801574	-0.0000
31637225	-0.0000
488679475	-0.0000
411776772	0.3685
820662274	-0.0000
55145529	-0.0000
87722086	-0.0000
301694765	-0.0000
156017662	0.2003
51240552	0.6283
79595391	-0.0000
824079337	0.2181
404320199	-0.0000
104194926	-0.0000
425871180	-0.0000
822913336	0.3457
813771532	0.2315
33894289	-0.0000
682112912	0.0418
824067060	-0.0000
88590920	-0.0000
23789404	-0.0000
343443202	-0.0000
326214337	-0.0000
327559277	0.2181
818787458	-0.0000
824072372	0.2181
145672505	0.2948
104369534	0.3457
818894546	-0.0000
378236201	0.2003
801101712	-0.0000
824113018	-0.0000
94254735	0.2003
774900220	-0.0000
806266022	0.1769
94592798	-0.0000
824066084	-0.0000
334974691	-0.0000
824050098	-0.0000
404224889	0.2082
101559532	-0.0000
764208326	-0.0000
492313512	-0.0000
320570849	-0.0000
824315504	0.2181
751617400	-0.0000
777198879	-0.0000
791933101	0.2181
403510317	-0.0000
824065570	-0.0000
401322901	-0.0000
325973	-0.0000
342801443	0.2181
7381754	-0.0000
722189726	0.2181
374500747	0.2181
331724426	0.2003
490979539	0.2181
153837236	0.2181
93231470	-0.0000
723626381	-0.0000
711287086	0.2003
14371752	-0.0000
82534291	-0.0000
84994237	0.2181
89710752	-0.0000
819756299	-0.0000
63405310	-0.0000
134962239	-0.0000
1980201	0.2181
791163118	0.2181
325230876	-0.0000
94087547	0.2149
810820565	-0.0000
75456315	0.2181
345381172	-0.0000
3257630	0.2003
374043562	-0.0000
60874629	0.3319
108464561	0.2181
818687303	-0.0000
145608890	0.5880
788225843	-0.0000
823841480	-0.0000
24409928	-0.0000
399493351	-0.0000
80995770	-0.0000
749731365	0.4253
379617544	-0.0000
492224921	0.2181
824026371	-0.0000
135339274	0.0625
480820451	0.3457
34271048	-0.0000
105957127	0.2151
64600860	0.2003
824126629	-0.0000
355514002	0.2003
37442288	0.2003
359926838	0.2003
711894130	-0.0000
148826531	-0.0000
359106502	-0.0000
343560196	-0.0000
822654931	-0.0000
768034005	-0.0000
775220208	-0.0000
419826327	0.2003
799324062	-0.0000
390458115	0.1575
79166347	0.3160
423963281	-0.0000
797842278	-0.0000
823651750	0.5500
817585762	0.2959
817585763	0.3396
24607892	0.4192
52860498	0.4184
370501042	0.2833
818429036	0.1575
473085196	-0.0000
115974189	-0.0000
750453729	0.1418
823495348	-0.0000
770154934	0.3685
87974303	-0.0000
726795513	-0.0000
367097491	-0.0000
51684580	-0.0000
814230451	0.2833
155672302	-0.0000
121022346	0.1769
817064137	0.3457
771408970	0.1769
755539313	-0.0000
29668241	-0.0000
83436074	-0.0000
128251829	0.2181
766254477	-0.0000
13309057	0.2003
126536254	0.2730
494117999	0.2003
455367445	-0.0000
113371709	0.2181
30299098	0.2181
430949308	0.2181
357046024	-0.0000
750673842	-0.0000
120198260	-0.0000
416613277	0.2181
820374480	0.3457
797313736	-0.0000
821142918	-0.0000
434154380	-0.0000
82443956	-0.0000
458281284	-0.0000
335389703	-0.0000
786448442	0.2181
84141112	0.2990
819413028	-0.0000
768914206	-0.0000
429168836	0.2181
816510898	0.2181
773768585	-0.0000
324805840	0.4156
152744224	-0.0000
328354256	-0.0000
796782227	0.2003
23032130	-0.0000
409949224	-0.0000
84678818	-0.0000
393449125	0.2181
137887175	0.2181
492159765	-0.0000
737041527	-0.0000
457326887	0.2181
133124195	-0.0000
359635971	-0.0000
823848340	-0.0000
822314354	0.2003
74552605	-0.0000
822924034	0.6024
72214386	-0.0000
18830291	-0.0000
400393129	-0.0000
783974838	-0.0000
459200538	0.2181
724743690	0.3457
66915564	0.2003
823937820	-0.0000
811204561	-0.0000
328371026	0.3405
36866799	0.2181
122707654	0.2181
300657354	-0.0000
624610029	0.3457
457793755	-0.0000
360331079	-0.0000
771361121	0.2181
464972020	-0.0000
66002381	0.4426
155361488	-0.0000
49492498	0.2181
810900440	0.2181
134500764	-0.0000
90217978	-0.0000
41819823	-0.0000
26405025	-0.0000
405922554	0.2181
78510580	-0.0000
140163100	0.2181
320917839	-0.0000
332331969	-0.0000
709137870	-0.0000
455025148	-0.0000
14621779	0.2181
809677988	-0.0000
753307576	-0.0000
787867034	-0.0000
492074854	0.4362
823632994	-0.0000
490557038	0.2181
87657578	-0.0000
455020026	-0.0000
715807085	0.3457
413328984	-0.0000
823553239	-0.0000
11973814	0.1769
824036546	-0.0000
