XMTQxNjU1Njk5Ng==	23	32	-1	-1	-1	-1	-1	-1	-1	-1	-1	-1	-1	-1	-1	-1	-1	-1	-1	-1	-1	-1	-1	-1	-1	-1	-1	-1	-1	-1
XMTQxNjI0Nzg1Ng==	100	-1	-1	-1	-1	-1	-1	-1	-1	-1	-1	-1	-1	-1	-1	-1	-1	-1	-1	-1	-1	-1	-1	-1	-1	-1	-1	-1	-1	-1
XMTQxNjM4NTQ5Ng==	269	-1	-1	-1	-1	-1	-1	-1	-1	-1	-1	-1	-1	-1	-1	-1	-1	-1	-1	-1	-1	-1	-1	-1	-1	-1	-1	-1	-1	-1
XMTQxNjg0OTM4OA==	4	10	11	12	12	12	12	12	12	12	12	12	12	12	-1	-1	-1	-1	-1	-1	-1	-1	-1	-1	-1	-1	-1	-1	-1	-1
XMTQxNjY0MzI4NA==	180	-1	-1	-1	-1	-1	-1	-1	-1	-1	-1	-1	-1	-1	-1	-1	-1	-1	-1	-1	-1	-1	-1	-1	-1	-1	-1	-1	-1	-1
XMTQxNjIyMjYzMg==	203	224	241	260	283	292	322	-1	-1	-1	-1	-1	-1	-1	-1	-1	-1	-1	-1	-1	-1	-1	-1	-1	-1	-1	-1	-1	-1	-1
XMTQxNjY3MjM0NA==	7	10	12640	30383	30383	14	14	14	14	14	14	14	14	14	14	14	14	14	14	14	14	14	14	14	14	14	14	14	14	-1
XMTQxNjM0ODI0NA==	14	23	-1	-1	-1	-1	-1	-1	-1	-1	-1	-1	-1	-1	-1	-1	-1	-1	-1	-1	-1	-1	-1	-1	-1	-1	-1	-1	-1	-1
XMTQxNjM0NTA1Ng==	144	157	174	195	231	283	326	346	346	-1	-1	-1	-1	-1	-1	-1	-1	-1	-1	-1	-1	-1	-1	-1	-1	-1	-1	-1	-1	-1
XMTQxNjI4NzI3Mg==	62	81	85	86	86	86	89	96	96	102	116	125	126	132	142	150	-1	-1	-1	-1	-1	-1	-1	-1	-1	-1	-1	-1	-1	-1
XMTQxNjEyNjU0NA==	4	4	4	4	4	4	4	4	4	4	-1	-1	-1	-1	-1	-1	-1	-1	-1	-1	-1	-1	-1	-1	-1	-1	-1	-1	-1	-1
XMTQxNTc3ODg0MA==	9	11	11	-1	-1	-1	-1	-1	-1	-1	-1	-1	-1	-1	-1	-1	-1	-1	-1	-1	-1	-1	-1	-1	-1	-1	-1	-1	-1	-1
XMTQxNjM4MDkyOA==	31	58	78	83	83	88	88	88	88	88	88	88	88	88	88	88	88	88	88	88	88	-1	-1	-1	-1	-1	-1	-1	-1	-1
XMTQxNTg1ODA5Mg==	151	189	199	291	294	299	302	311	312	317	-1	-1	-1	-1	-1	-1	-1	-1	-1	-1	-1	-1	-1	-1	-1	-1	-1	-1	-1	-1
XMTQxNTY4NjE3Ng==	5	5	5	5	5	5	5	5	6	6	6	6	6	6	6	6	6	6	6	6	6	6	6	6	6	6	-1	-1	-1	-1
XMTQxNjQ4MzcyOA==	46	73	80	99	95	96	95	95	95	95	95	95	95	95	95	95	95	95	95	95	95	-1	-1	-1	-1	-1	-1	-1	-1	-1
XMTQxNjk3NTU3Mg==	19	27	35	35	35	34	34	34	34	34	34	34	35	37	38	-1	-1	-1	-1	-1	-1	-1	-1	-1	-1	-1	-1	-1	-1	-1
XMTQxNjgyMzA2NA==	5	7	8	8	8	8	8	8	-1	-1	-1	-1	-1	-1	-1	-1	-1	-1	-1	-1	-1	-1	-1	-1	-1	-1	-1	-1	-1	-1
XMTQxNjY4NTIyNA==	21	26	31	-1	-1	-1	-1	-1	-1	-1	-1	-1	-1	-1	-1	-1	-1	-1	-1	-1	-1	-1	-1	-1	-1	-1	-1	-1	-1	-1
XMTQxNjgyOTYyMA==	2	6	6	6	-1	-1	-1	-1	-1	-1	-1	-1	-1	-1	-1	-1	-1	-1	-1	-1	-1	-1	-1	-1	-1	-1	-1	-1	-1	-1
XMTQxNjIyOTA5Mg==	137	344	407	444	507	561	597	609	613	626	643	646	653	658	666	678	-1	-1	-1	-1	-1	-1	-1	-1	-1	-1	-1	-1	-1	-1
XMTQxNjg2NjM0OA==	23	35	42	-1	-1	-1	-1	-1	-1	-1	-1	-1	-1	-1	-1	-1	-1	-1	-1	-1	-1	-1	-1	-1	-1	-1	-1	-1	-1	-1
XMTQxNjE1NjkwMA==	1166	1387	1458	1510	1552	1613	1667	1806	1865	1950	1985	2060	2099	2120	2152	2199	2246	2255	2264	2267	2287	2293	2313	2332	2340	2355	-1	-1	-1	-1
XMTQxNjEyMjEwOA==	25	-1	-1	-1	-1	-1	-1	-1	-1	-1	-1	-1	-1	-1	-1	-1	-1	-1	-1	-1	-1	-1	-1	-1	-1	-1	-1	-1	-1	-1
XMTQxNTY3NzIyMA==	55277	343704	644274	690773	-1	-1	-1	-1	-1	-1	-1	-1	-1	-1	-1	-1	-1	-1	-1	-1	-1	-1	-1	-1	-1	-1	-1	-1	-1	-1
XMTQxNjE1NTY2NA==	76	87	88	88	88	-1	-1	-1	-1	-1	-1	-1	-1	-1	-1	-1	-1	-1	-1	-1	-1	-1	-1	-1	-1	-1	-1	-1	-1	-1
XMTQxNjI0NDE4OA==	54	62	71	105	105	-1	-1	-1	-1	-1	-1	-1	-1	-1	-1	-1	-1	-1	-1	-1	-1	-1	-1	-1	-1	-1	-1	-1	-1	-1
XMTQxNTUwMDIwOA==	85	89	23	180	363	-1	-1	-1	-1	-1	-1	-1	-1	-1	-1	-1	-1	-1	-1	-1	-1	-1	-1	-1	-1	-1	-1	-1	-1	-1
XMTQxNTgwOTY5Ng==	11	12	11	11	11	11	11	12	12	12	12	12	12	12	12	12	12	12	12	12	12	-1	-1	-1	-1	-1	-1	-1	-1	-1
XMTQxNjM2NTU3Ng==	17	17	17	16	17	17	18	18	18	18	18	19	19	19	19	19	19	19	20	20	20	20	20	20	20	20	20	20	-1	-1
XMTQxNjYyMTI0OA==	136	194	226	232	232	236	238	-1	-1	-1	-1	-1	-1	-1	-1	-1	-1	-1	-1	-1	-1	-1	-1	-1	-1	-1	-1	-1	-1	-1
XMTQxNTUyNzM2MA==	1084	-1	-1	-1	-1	-1	-1	-1	-1	-1	-1	-1	-1	-1	-1	-1	-1	-1	-1	-1	-1	-1	-1	-1	-1	-1	-1	-1	-1	-1
XMTQxNjUwODE0OA==	56	84	-1	-1	-1	-1	-1	-1	-1	-1	-1	-1	-1	-1	-1	-1	-1	-1	-1	-1	-1	-1	-1	-1	-1	-1	-1	-1	-1	-1
XMTQxNjc4MDM2NA==	103516	104585	105889	106488	106784	107123	107519	108342	108733	109244	109322	109364	109387	109424	-1	-1	-1	-1	-1	-1	-1	-1	-1	-1	-1	-1	-1	-1	-1	-1
XMTQxNjI4NjQwOA==	11	14	20	22	22	-1	-1	-1	-1	-1	-1	-1	-1	-1	-1	-1	-1	-1	-1	-1	-1	-1	-1	-1	-1	-1	-1	-1	-1	-1
XMTQxNTc0NDk5Mg==	19	24	28	37	37	45	49	49	49	49	-1	-1	-1	-1	-1	-1	-1	-1	-1	-1	-1	-1	-1	-1	-1	-1	-1	-1	-1	-1
XMTQxNjM1MTM2OA==	29	86	157	182	213	229	249	291	304	329	-1	-1	-1	-1	-1	-1	-1	-1	-1	-1	-1	-1	-1	-1	-1	-1	-1	-1	-1	-1
XMTQxNjg2ODg4NA==	8	26	30	-1	-1	-1	-1	-1	-1	-1	-1	-1	-1	-1	-1	-1	-1	-1	-1	-1	-1	-1	-1	-1	-1	-1	-1	-1	-1	-1
XMTQxNTgzNzczNg==	12	13	16	21	21	106	132	143	143	145	146	-1	-1	-1	-1	-1	-1	-1	-1	-1	-1	-1	-1	-1	-1	-1	-1	-1	-1	-1
XMTQxNjI2NDk2NA==	94	147	157	162	-1	-1	-1	-1	-1	-1	-1	-1	-1	-1	-1	-1	-1	-1	-1	-1	-1	-1	-1	-1	-1	-1	-1	-1	-1	-1
XMTQxNjkwNTY5Mg==	1	-1	-1	-1	-1	-1	-1	-1	-1	-1	-1	-1	-1	-1	-1	-1	-1	-1	-1	-1	-1	-1	-1	-1	-1	-1	-1	-1	-1	-1
XMTQxNjQwOTc2MA==	7	8	8	9	9	9	-1	-1	-1	-1	-1	-1	-1	-1	-1	-1	-1	-1	-1	-1	-1	-1	-1	-1	-1	-1	-1	-1	-1	-1
XMTQxNTUyNzU4OA==	12	16	19	22	27	29	30	46	47	48	51	51	51	51	51	51	51	53	53	53	53	54	54	54	54	54	57	57	57	-1
XMTQxNTg2OTAwOA==	6	6	-1	-1	-1	-1	-1	-1	-1	-1	-1	-1	-1	-1	-1	-1	-1	-1	-1	-1	-1	-1	-1	-1	-1	-1	-1	-1	-1	-1
XMTQxNjcxOTY5Mg==	28	-1	-1	-1	-1	-1	-1	-1	-1	-1	-1	-1	-1	-1	-1	-1	-1	-1	-1	-1	-1	-1	-1	-1	-1	-1	-1	-1	-1	-1
XMTQxNTgyODg0NA==	7	9	9	8	10	10	11	11	11	11	11	11	12	12	12	-1	-1	-1	-1	-1	-1	-1	-1	-1	-1	-1	-1	-1	-1	-1
XMTQxNjAxOTMzNg==	45	45	44	44	-1	-1	-1	-1	-1	-1	-1	-1	-1	-1	-1	-1	-1	-1	-1	-1	-1	-1	-1	-1	-1	-1	-1	-1	-1	-1
XMTQxNjU3NTc3Mg==	6	8	8	-1	-1	-1	-1	-1	-1	-1	-1	-1	-1	-1	-1	-1	-1	-1	-1	-1	-1	-1	-1	-1	-1	-1	-1	-1	-1	-1
XMTQxNjEzMjk1Mg==	141	152	156	161	163	164	164	168	169	-1	-1	-1	-1	-1	-1	-1	-1	-1	-1	-1	-1	-1	-1	-1	-1	-1	-1	-1	-1	-1
XMTQxNTczNjU4MA==	360	383	375	378	386	390	401	405	407	405	410	413	413	415	420	425	429	431	431	-1	-1	-1	-1	-1	-1	-1	-1	-1	-1	-1
XMTQxNjA2NTI2OA==	52	60	61	60	64	64	-1	-1	-1	-1	-1	-1	-1	-1	-1	-1	-1	-1	-1	-1	-1	-1	-1	-1	-1	-1	-1	-1	-1	-1
XMTQxNjMzNzQ3Ng==	63	75	-1	-1	-1	-1	-1	-1	-1	-1	-1	-1	-1	-1	-1	-1	-1	-1	-1	-1	-1	-1	-1	-1	-1	-1	-1	-1	-1	-1
XMTQxNjA1Mzc5Mg==	2	2	2	2	2	2	2	-1	-1	-1	-1	-1	-1	-1	-1	-1	-1	-1	-1	-1	-1	-1	-1	-1	-1	-1	-1	-1	-1	-1
XMTQxNzEyNDUwNA==	2	11	13	-1	-1	-1	-1	-1	-1	-1	-1	-1	-1	-1	-1	-1	-1	-1	-1	-1	-1	-1	-1	-1	-1	-1	-1	-1	-1	-1
XMTQxNjM2MzgwOA==	3	3	3	3	3	3	3	3	3	3	3	3	-1	-1	-1	-1	-1	-1	-1	-1	-1	-1	-1	-1	-1	-1	-1	-1	-1	-1
XMTQxNTcwMzE0OA==	16	-1	-1	-1	-1	-1	-1	-1	-1	-1	-1	-1	-1	-1	-1	-1	-1	-1	-1	-1	-1	-1	-1	-1	-1	-1	-1	-1	-1	-1
XMTQxNzA3Njc3Mg==	25	55	61	63	64	65	66	67	67	67	-1	-1	-1	-1	-1	-1	-1	-1	-1	-1	-1	-1	-1	-1	-1	-1	-1	-1	-1	-1
XMTQxNjM1MjA0MA==	29	-1	-1	-1	-1	-1	-1	-1	-1	-1	-1	-1	-1	-1	-1	-1	-1	-1	-1	-1	-1	-1	-1	-1	-1	-1	-1	-1	-1	-1
XMTQxNTg3MTE5Mg==	38	42	42	42	42	-1	-1	-1	-1	-1	-1	-1	-1	-1	-1	-1	-1	-1	-1	-1	-1	-1	-1	-1	-1	-1	-1	-1	-1	-1
XMTQxNjUyNDEzNg==	7	-1	-1	-1	-1	-1	-1	-1	-1	-1	-1	-1	-1	-1	-1	-1	-1	-1	-1	-1	-1	-1	-1	-1	-1	-1	-1	-1	-1	-1
XMTQxNjEyMjA2OA==	400454	435250	435259	435259	435258	-1	-1	-1	-1	-1	-1	-1	-1	-1	-1	-1	-1	-1	-1	-1	-1	-1	-1	-1	-1	-1	-1	-1	-1	-1
XMTQxNTg4MDY5Ng==	991	1066	1050	1066	1081	1112	1127	1157	1185	1223	1236	1243	1247	1262	1280	1324	1385	1400	1420	-1	-1	-1	-1	-1	-1	-1	-1	-1	-1	-1
XMTQxNjExNTM4OA==	3	3	3	3	-1	-1	-1	-1	-1	-1	-1	-1	-1	-1	-1	-1	-1	-1	-1	-1	-1	-1	-1	-1	-1	-1	-1	-1	-1	-1
XMTQxNjI4NzM2OA==	180	246	276	302	313	319	323	337	340	-1	-1	-1	-1	-1	-1	-1	-1	-1	-1	-1	-1	-1	-1	-1	-1	-1	-1	-1	-1	-1
XMTQxNTk4ODM4MA==	121	132	147	151	155	159	164	170	175	183	184	186	189	-1	-1	-1	-1	-1	-1	-1	-1	-1	-1	-1	-1	-1	-1	-1	-1	-1
XMTQxNjAyNTEzMg==	18	18	19	21	21	21	21	21	21	21	21	-1	-1	-1	-1	-1	-1	-1	-1	-1	-1	-1	-1	-1	-1	-1	-1	-1	-1	-1
XMTQxNTUzOTgwOA==	10	20	31	34	35	-1	-1	-1	-1	-1	-1	-1	-1	-1	-1	-1	-1	-1	-1	-1	-1	-1	-1	-1	-1	-1	-1	-1	-1	-1
XMTQxNjMxMTQ4OA==	58	82	85	83	85	88	87	89	96	-1	-1	-1	-1	-1	-1	-1	-1	-1	-1	-1	-1	-1	-1	-1	-1	-1	-1	-1	-1	-1
XMTQxNjMzNTUzMg==	5	5	-1	-1	-1	-1	-1	-1	-1	-1	-1	-1	-1	-1	-1	-1	-1	-1	-1	-1	-1	-1	-1	-1	-1	-1	-1	-1	-1	-1
XMTQxNTk5MjA4OA==	903	920	868	865	873	875	877	877	877	877	877	879	881	882	882	882	883	883	883	-1	-1	-1	-1	-1	-1	-1	-1	-1	-1	-1
XMTQxNTgyMDk0OA==	37	44	43	44	47	48	69	82	82	83	84	86	89	89	89	90	93	-1	-1	-1	-1	-1	-1	-1	-1	-1	-1	-1	-1	-1
XMTQxNjE1NTY0MA==	12	18	19	22	24	26	27	28	29	31	32	32	32	37	40	45	45	41	41	-1	-1	-1	-1	-1	-1	-1	-1	-1	-1	-1
XMTQxNjEwMTQwNA==	102	103	98	-1	-1	-1	-1	-1	-1	-1	-1	-1	-1	-1	-1	-1	-1	-1	-1	-1	-1	-1	-1	-1	-1	-1	-1	-1	-1	-1
XMTQxNjg3MzU5Ng==	9	-1	-1	-1	-1	-1	-1	-1	-1	-1	-1	-1	-1	-1	-1	-1	-1	-1	-1	-1	-1	-1	-1	-1	-1	-1	-1	-1	-1	-1
XMTQxNjM4MjAzNg==	134	150	156	153	158	165	165	166	166	166	166	170	171	172	173	173	174	174	174	174	174	174	175	177	177	177	177	177	177	-1
XMTQxNjE3NTUwMA==	56	61	70	71	73	75	78	84	85	87	88	88	88	88	88	88	88	88	88	88	88	88	88	88	88	88	88	-1	-1	-1
XMTQxNjI3MTgyMA==	50	53	-1	-1	-1	-1	-1	-1	-1	-1	-1	-1	-1	-1	-1	-1	-1	-1	-1	-1	-1	-1	-1	-1	-1	-1	-1	-1	-1	-1
XMTQxNjU1MTQ4OA==	1111	1117	-1	-1	-1	-1	-1	-1	-1	-1	-1	-1	-1	-1	-1	-1	-1	-1	-1	-1	-1	-1	-1	-1	-1	-1	-1	-1	-1	-1
XMTQxNjQwOTEzNg==	6	-1	-1	-1	-1	-1	-1	-1	-1	-1	-1	-1	-1	-1	-1	-1	-1	-1	-1	-1	-1	-1	-1	-1	-1	-1	-1	-1	-1	-1
XMTQxNTgyMjMyOA==	78	82	79	79	88	90	687	2387	2534	37739	-1	-1	-1	-1	-1	-1	-1	-1	-1	-1	-1	-1	-1	-1	-1	-1	-1	-1	-1	-1
XMTQxNjA0NjY5Mg==	391	411	418	427	432	432	436	443	444	445	447	447	447	447	-1	-1	-1	-1	-1	-1	-1	-1	-1	-1	-1	-1	-1	-1	-1	-1
XMTQxNjI4MjcwOA==	14	17	17	15	15	16	-1	-1	-1	-1	-1	-1	-1	-1	-1	-1	-1	-1	-1	-1	-1	-1	-1	-1	-1	-1	-1	-1	-1	-1
XMTQxNjA3MDc1Ng==	18	23	31	32	34	36	38	-1	-1	-1	-1	-1	-1	-1	-1	-1	-1	-1	-1	-1	-1	-1	-1	-1	-1	-1	-1	-1	-1	-1
XMTQxNjE0NjcyNA==	328	482	1000	1026	1036	1045	1059	1125	1173	1275	1302	1315	1335	1366	1408	1434	1462	1471	1474	1476	1479	1485	1497	1516	1522	1526	-1	-1	-1	-1
XMTQxNTgyMjk2NA==	70	72	-1	-1	-1	-1	-1	-1	-1	-1	-1	-1	-1	-1	-1	-1	-1	-1	-1	-1	-1	-1	-1	-1	-1	-1	-1	-1	-1	-1
XMTQxNjI3MzYwMA==	27	31	31	31	31	31	31	31	-1	-1	-1	-1	-1	-1	-1	-1	-1	-1	-1	-1	-1	-1	-1	-1	-1	-1	-1	-1	-1	-1
XMTQxNjU3MzkxNg==	7	9	9	9	8	8	8	-1	-1	-1	-1	-1	-1	-1	-1	-1	-1	-1	-1	-1	-1	-1	-1	-1	-1	-1	-1	-1	-1	-1
XMTQxNTc0NjUxMg==	42	52	55	-1	-1	-1	-1	-1	-1	-1	-1	-1	-1	-1	-1	-1	-1	-1	-1	-1	-1	-1	-1	-1	-1	-1	-1	-1	-1	-1
XMTQxNjg3NjA2OA==	2	3	3	3	-1	-1	-1	-1	-1	-1	-1	-1	-1	-1	-1	-1	-1	-1	-1	-1	-1	-1	-1	-1	-1	-1	-1	-1	-1	-1
XMTQxNjgzOTMwOA==	183	309	-1	-1	-1	-1	-1	-1	-1	-1	-1	-1	-1	-1	-1	-1	-1	-1	-1	-1	-1	-1	-1	-1	-1	-1	-1	-1	-1	-1
XMTQxNjk2NjY3Mg==	71	149	232	253	286	309	325	385	411	445	487	525	589	629	664	-1	-1	-1	-1	-1	-1	-1	-1	-1	-1	-1	-1	-1	-1	-1
XMTQxNjQwNzQ4NA==	19	20	20	20	19	-1	-1	-1	-1	-1	-1	-1	-1	-1	-1	-1	-1	-1	-1	-1	-1	-1	-1	-1	-1	-1	-1	-1	-1	-1
XMTQxNjg2ODI2OA==	80	144	147	-1	-1	-1	-1	-1	-1	-1	-1	-1	-1	-1	-1	-1	-1	-1	-1	-1	-1	-1	-1	-1	-1	-1	-1	-1	-1	-1
XMTQxNjA2NjU1Ng==	67	-1	-1	-1	-1	-1	-1	-1	-1	-1	-1	-1	-1	-1	-1	-1	-1	-1	-1	-1	-1	-1	-1	-1	-1	-1	-1	-1	-1	-1
XMTQxNTY3MDU3Ng==	120	121	120	120	119	120	120	120	120	120	120	120	121	121	121	121	121	121	-1	-1	-1	-1	-1	-1	-1	-1	-1	-1	-1	-1
XMTQxNTcwOTA5Ng==	47	57	66	71	-1	-1	-1	-1	-1	-1	-1	-1	-1	-1	-1	-1	-1	-1	-1	-1	-1	-1	-1	-1	-1	-1	-1	-1	-1	-1
XMTQxNjEzODY0NA==	515	584	610	616	620	623	624	637	642	644	644	645	645	648	648	649	649	649	649	649	649	650	651	652	651	652	-1	-1	-1	-1
XMTQxNTg2NzI2NA==	81	95	105	121	129	133	141	-1	-1	-1	-1	-1	-1	-1	-1	-1	-1	-1	-1	-1	-1	-1	-1	-1	-1	-1	-1	-1	-1	-1
XMTQxNjA3MDQ0NA==	165	186	208	224	232	246	259	287	297	315	323	335	335	335	334	334	334	334	334	334	335	335	335	335	335	335	335	-1	-1	-1
XMTQxNjMyNTc4MA==	381	487	526	513	517	592	598	-1	-1	-1	-1	-1	-1	-1	-1	-1	-1	-1	-1	-1	-1	-1	-1	-1	-1	-1	-1	-1	-1	-1
XMTQxNjY5MDE0NA==	54	-1	-1	-1	-1	-1	-1	-1	-1	-1	-1	-1	-1	-1	-1	-1	-1	-1	-1	-1	-1	-1	-1	-1	-1	-1	-1	-1	-1	-1
XMTQxNTc0NjU1Ng==	129	163	167	165	168	174	181	181	181	181	-1	-1	-1	-1	-1	-1	-1	-1	-1	-1	-1	-1	-1	-1	-1	-1	-1	-1	-1	-1
XMTQxNjM3MjM1Mg==	122	139	212	247	258	305	335	366	366	374	376	378	381	384	386	387	390	391	394	395	397	397	397	397	398	401	402	-1	-1	-1
XMTQxNjA1ODU2MA==	18	89	92	95	96	96	96	96	98	119	-1	-1	-1	-1	-1	-1	-1	-1	-1	-1	-1	-1	-1	-1	-1	-1	-1	-1	-1	-1
XMTQxNjg2OTMyMA==	272	320	325	-1	-1	-1	-1	-1	-1	-1	-1	-1	-1	-1	-1	-1	-1	-1	-1	-1	-1	-1	-1	-1	-1	-1	-1	-1	-1	-1
XMTQxNjQ4NDg0MA==	63	84	94	118	118	119	119	119	119	119	119	119	119	119	120	120	120	120	121	121	121	-1	-1	-1	-1	-1	-1	-1	-1	-1
XMTQxNjg4ODQ0MA==	3	3	3	3	-1	-1	-1	-1	-1	-1	-1	-1	-1	-1	-1	-1	-1	-1	-1	-1	-1	-1	-1	-1	-1	-1	-1	-1	-1	-1
XMTQxNjI1MjE2MA==	393	427	419	-1	-1	-1	-1	-1	-1	-1	-1	-1	-1	-1	-1	-1	-1	-1	-1	-1	-1	-1	-1	-1	-1	-1	-1	-1	-1	-1
XMTQxNjEwODU0MA==	6	7	10	11	11	-1	-1	-1	-1	-1	-1	-1	-1	-1	-1	-1	-1	-1	-1	-1	-1	-1	-1	-1	-1	-1	-1	-1	-1	-1
XMTQxNjMyMjE2OA==	204	214	223	226	225	224	224	224	224	226	226	226	224	224	224	224	224	224	224	224	224	224	224	-1	-1	-1	-1	-1	-1	-1
XMTQxNTkyNTg3Mg==	16	16	16	16	16	16	16	16	16	-1	-1	-1	-1	-1	-1	-1	-1	-1	-1	-1	-1	-1	-1	-1	-1	-1	-1	-1	-1	-1
XMTQxNjM3Nzk1Ng==	24	27	-1	-1	-1	-1	-1	-1	-1	-1	-1	-1	-1	-1	-1	-1	-1	-1	-1	-1	-1	-1	-1	-1	-1	-1	-1	-1	-1	-1
XMTQxNjM5MDg2NA==	6	11	-1	-1	-1	-1	-1	-1	-1	-1	-1	-1	-1	-1	-1	-1	-1	-1	-1	-1	-1	-1	-1	-1	-1	-1	-1	-1	-1	-1
XMTQxNTY5MDkyNA==	16	16	14	-1	-1	-1	-1	-1	-1	-1	-1	-1	-1	-1	-1	-1	-1	-1	-1	-1	-1	-1	-1	-1	-1	-1	-1	-1	-1	-1
XMTQxNjM2Mzk1Mg==	9	-1	-1	-1	-1	-1	-1	-1	-1	-1	-1	-1	-1	-1	-1	-1	-1	-1	-1	-1	-1	-1	-1	-1	-1	-1	-1	-1	-1	-1
XMTQxNTY4NjQyMA==	149	-1	-1	-1	-1	-1	-1	-1	-1	-1	-1	-1	-1	-1	-1	-1	-1	-1	-1	-1	-1	-1	-1	-1	-1	-1	-1	-1	-1	-1
XMTQxNjM5NTE2OA==	5	5	9	29	-1	-1	-1	-1	-1	-1	-1	-1	-1	-1	-1	-1	-1	-1	-1	-1	-1	-1	-1	-1	-1	-1	-1	-1	-1	-1
XMTQxNTgzNTUyOA==	23	35	39	42	43	43	43	44	44	45	46	46	46	-1	-1	-1	-1	-1	-1	-1	-1	-1	-1	-1	-1	-1	-1	-1	-1	-1
XMTQxNTYwNDUwNA==	488	529	505	525	530	533	532	553	562	565	572	578	581	583	587	591	594	599	599	600	606	607	606	607	607	-1	-1	-1	-1	-1
XMTQxNjAxOTE3Mg==	1755	1795	1738	1749	1761	1771	1780	1790	1790	1792	1796	1799	1799	1800	1802	1804	1806	1806	1806	-1	-1	-1	-1	-1	-1	-1	-1	-1	-1	-1
XMTQxNjYzOTMyOA==	2	3	3	3	3	3	3	-1	-1	-1	-1	-1	-1	-1	-1	-1	-1	-1	-1	-1	-1	-1	-1	-1	-1	-1	-1	-1	-1	-1
XMTQxNjkyMjQwMA==	56153	-1	-1	-1	-1	-1	-1	-1	-1	-1	-1	-1	-1	-1	-1	-1	-1	-1	-1	-1	-1	-1	-1	-1	-1	-1	-1	-1	-1	-1
XMTQxNjE1NTc0NA==	41	42	43	51	52	52	52	52	52	52	52	52	52	52	-1	-1	-1	-1	-1	-1	-1	-1	-1	-1	-1	-1	-1	-1	-1	-1
XMTQxNjA4OTgwMA==	134	175	183	175	178	186	193	-1	-1	-1	-1	-1	-1	-1	-1	-1	-1	-1	-1	-1	-1	-1	-1	-1	-1	-1	-1	-1	-1	-1
XMTQxNTkxNTMxMg==	11	11	11	-1	-1	-1	-1	-1	-1	-1	-1	-1	-1	-1	-1	-1	-1	-1	-1	-1	-1	-1	-1	-1	-1	-1	-1	-1	-1	-1
XMTQxNjA4NjQyMA==	184	189	200	201	201	204	208	213	213	216	218	219	225	225	225	226	229	229	229	229	-1	-1	-1	-1	-1	-1	-1	-1	-1	-1
XMTQxNjIwODI3Ng==	16	17	18	19	22	24	24	24	24	24	24	24	24	24	24	24	24	24	24	24	24	25	25	25	25	26	26	-1	-1	-1
XMTQxNjI1MjYwOA==	7	-1	-1	-1	-1	-1	-1	-1	-1	-1	-1	-1	-1	-1	-1	-1	-1	-1	-1	-1	-1	-1	-1	-1	-1	-1	-1	-1	-1	-1
XMTQxNTU0MDA0OA==	38	47	167	175	182	-1	-1	-1	-1	-1	-1	-1	-1	-1	-1	-1	-1	-1	-1	-1	-1	-1	-1	-1	-1	-1	-1	-1	-1	-1
XMTQxNTgyMDc4NA==	5	5	5	5	5	-1	-1	-1	-1	-1	-1	-1	-1	-1	-1	-1	-1	-1	-1	-1	-1	-1	-1	-1	-1	-1	-1	-1	-1	-1
XMTQxNjA5MTQxNg==	126	129	129	-1	-1	-1	-1	-1	-1	-1	-1	-1	-1	-1	-1	-1	-1	-1	-1	-1	-1	-1	-1	-1	-1	-1	-1	-1	-1	-1
XMTQxNjU4NTYzNg==	17	19	20	20	20	20	-1	-1	-1	-1	-1	-1	-1	-1	-1	-1	-1	-1	-1	-1	-1	-1	-1	-1	-1	-1	-1	-1	-1	-1
XMTQxNTgyMTE5Ng==	17	19	18	23	27	28	49	56	56	53	54	55	57	57	57	57	57	-1	-1	-1	-1	-1	-1	-1	-1	-1	-1	-1	-1	-1
XMTQxNTgwNDcxNg==	8	8	8	8	8	8	8	8	8	8	8	8	8	8	8	8	8	8	8	8	8	-1	-1	-1	-1	-1	-1	-1	-1	-1
XMTQxNTY2MjA0MA==	71765	408163	710697	732959	-1	-1	-1	-1	-1	-1	-1	-1	-1	-1	-1	-1	-1	-1	-1	-1	-1	-1	-1	-1	-1	-1	-1	-1	-1	-1
XMTQxNTgxNzk4OA==	58	61	58	58	58	59	59	59	59	59	59	59	59	59	59	60	60	60	60	60	60	60	60	60	-1	-1	-1	-1	-1	-1
XMTQxNTc0ODE0MA==	7	8	7	7	6	6	6	6	6	6	6	6	6	6	6	6	6	6	6	6	6	6	7	7	7	7	7	-1	-1	-1
XMTQxNjM0MDgwNA==	233	346	393	416	430	442	448	464	466	471	483	495	508	515	526	531	-1	-1	-1	-1	-1	-1	-1	-1	-1	-1	-1	-1	-1	-1
XMTQxNjExNzY2NA==	286	301	305	315	316	316	316	316	316	316	316	317	317	317	318	318	318	-1	-1	-1	-1	-1	-1	-1	-1	-1	-1	-1	-1	-1
XMTQxNjYwMzY4NA==	184	331	358	374	388	399	562	667	675	701	711	717	726	729	734	742	755	767	779	793	810	820	838	854	863	870	-1	-1	-1	-1
XMTQxNjUzOTgzNg==	173	344	424	471	485	502	-1	-1	-1	-1	-1	-1	-1	-1	-1	-1	-1	-1	-1	-1	-1	-1	-1	-1	-1	-1	-1	-1	-1	-1
XMTQxNTc5NTgzMg==	24	-1	-1	-1	-1	-1	-1	-1	-1	-1	-1	-1	-1	-1	-1	-1	-1	-1	-1	-1	-1	-1	-1	-1	-1	-1	-1	-1	-1	-1
XMTQxNjIwOTY5Mg==	1466	1577	1608	1618	1645	1653	1658	-1	-1	-1	-1	-1	-1	-1	-1	-1	-1	-1	-1	-1	-1	-1	-1	-1	-1	-1	-1	-1	-1	-1
XMTQxNTY0MTAwNA==	23	23	25	26	26	30	30	31	31	-1	-1	-1	-1	-1	-1	-1	-1	-1	-1	-1	-1	-1	-1	-1	-1	-1	-1	-1	-1	-1
XMTQxNTY5MzIzNg==	6	6	6	6	6	6	6	6	6	6	6	6	-1	-1	-1	-1	-1	-1	-1	-1	-1	-1	-1	-1	-1	-1	-1	-1	-1	-1
XMTQxNTgzMDI5Ng==	99	115	120	116	115	115	117	119	119	120	121	121	121	121	121	121	122	123	123	125	125	125	125	126	126	126	-1	-1	-1	-1
XMTQxNjk1NTEyOA==	1	2	2	5	-1	-1	-1	-1	-1	-1	-1	-1	-1	-1	-1	-1	-1	-1	-1	-1	-1	-1	-1	-1	-1	-1	-1	-1	-1	-1
XMTQxNTkzMTYxMg==	97	103	100	-1	-1	-1	-1	-1	-1	-1	-1	-1	-1	-1	-1	-1	-1	-1	-1	-1	-1	-1	-1	-1	-1	-1	-1	-1	-1	-1
XMTQxNjQzMzc5Mg==	7	12	15	15	13	13	13	14	14	14	15	15	15	15	15	15	-1	-1	-1	-1	-1	-1	-1	-1	-1	-1	-1	-1	-1	-1
XMTQxNjM0NTk5Mg==	11	16	18	21	-1	-1	-1	-1	-1	-1	-1	-1	-1	-1	-1	-1	-1	-1	-1	-1	-1	-1	-1	-1	-1	-1	-1	-1	-1	-1
XMTQxNjA3MDUxNg==	10	10	10	9	9	9	-1	-1	-1	-1	-1	-1	-1	-1	-1	-1	-1	-1	-1	-1	-1	-1	-1	-1	-1	-1	-1	-1	-1	-1
XMTQxNjQ1MTQ3Mg==	29	-1	-1	-1	-1	-1	-1	-1	-1	-1	-1	-1	-1	-1	-1	-1	-1	-1	-1	-1	-1	-1	-1	-1	-1	-1	-1	-1	-1	-1
XMTQxNjI5NDAwMA==	92	101	104	107	107	108	108	110	110	112	112	112	-1	-1	-1	-1	-1	-1	-1	-1	-1	-1	-1	-1	-1	-1	-1	-1	-1	-1
XMTQxNjI1MDI1Mg==	7	7	7	6	6	6	6	6	6	6	6	6	6	6	6	6	6	6	6	6	6	6	6	6	6	6	6	-1	-1	-1
XMTQxNjExMTcyNA==	142	146	136	-1	-1	-1	-1	-1	-1	-1	-1	-1	-1	-1	-1	-1	-1	-1	-1	-1	-1	-1	-1	-1	-1	-1	-1	-1	-1	-1
XMTQxNjM1MjcyOA==	5	6	-1	-1	-1	-1	-1	-1	-1	-1	-1	-1	-1	-1	-1	-1	-1	-1	-1	-1	-1	-1	-1	-1	-1	-1	-1	-1	-1	-1
XMTQxNTY5MjAxNg==	6	6	6	6	-1	-1	-1	-1	-1	-1	-1	-1	-1	-1	-1	-1	-1	-1	-1	-1	-1	-1	-1	-1	-1	-1	-1	-1	-1	-1
XMTQxNTkwODUwMA==	13	14	14	14	14	14	-1	-1	-1	-1	-1	-1	-1	-1	-1	-1	-1	-1	-1	-1	-1	-1	-1	-1	-1	-1	-1	-1	-1	-1
XMTQxNjY4MDI2MA==	20	45	54	-1	-1	-1	-1	-1	-1	-1	-1	-1	-1	-1	-1	-1	-1	-1	-1	-1	-1	-1	-1	-1	-1	-1	-1	-1	-1	-1
XMTQxNTk4NDE4OA==	48	53	56	57	60	60	61	66	68	72	74	74	75	-1	-1	-1	-1	-1	-1	-1	-1	-1	-1	-1	-1	-1	-1	-1	-1	-1
XMTQxNjE1MDAwMA==	30	33	33	33	32	-1	-1	-1	-1	-1	-1	-1	-1	-1	-1	-1	-1	-1	-1	-1	-1	-1	-1	-1	-1	-1	-1	-1	-1	-1
XMTQxNTU1NDY5Ng==	20	-1	-1	-1	-1	-1	-1	-1	-1	-1	-1	-1	-1	-1	-1	-1	-1	-1	-1	-1	-1	-1	-1	-1	-1	-1	-1	-1	-1	-1
XMTQxNzA0ODAxNg==	2	4	4	-1	-1	-1	-1	-1	-1	-1	-1	-1	-1	-1	-1	-1	-1	-1	-1	-1	-1	-1	-1	-1	-1	-1	-1	-1	-1	-1
XMTQxNjk4OTc0OA==	1	-1	-1	-1	-1	-1	-1	-1	-1	-1	-1	-1	-1	-1	-1	-1	-1	-1	-1	-1	-1	-1	-1	-1	-1	-1	-1	-1	-1	-1
XMTQxNjEwNDMwOA==	4	6	9	9	9	-1	-1	-1	-1	-1	-1	-1	-1	-1	-1	-1	-1	-1	-1	-1	-1	-1	-1	-1	-1	-1	-1	-1	-1	-1
XMTQxNjAwOTI1Ng==	1477	2207	-1	-1	-1	-1	-1	-1	-1	-1	-1	-1	-1	-1	-1	-1	-1	-1	-1	-1	-1	-1	-1	-1	-1	-1	-1	-1	-1	-1
XMTQxNTk3MjYzNg==	5	5	5	5	5	5	-1	-1	-1	-1	-1	-1	-1	-1	-1	-1	-1	-1	-1	-1	-1	-1	-1	-1	-1	-1	-1	-1	-1	-1
XMTQxNTc2NTc5Mg==	15	15	14	13	13	13	13	13	13	13	13	13	13	13	13	13	13	-1	-1	-1	-1	-1	-1	-1	-1	-1	-1	-1	-1	-1
XMTQxNzAwNDI2OA==	1	4	4	-1	-1	-1	-1	-1	-1	-1	-1	-1	-1	-1	-1	-1	-1	-1	-1	-1	-1	-1	-1	-1	-1	-1	-1	-1	-1	-1
XMTQxNDQyMzU3Mg==	19	-1	-1	-1	-1	-1	-1	-1	-1	-1	-1	-1	-1	-1	-1	-1	-1	-1	-1	-1	-1	-1	-1	-1	-1	-1	-1	-1	-1	-1
XMTQxNjcxNzI3Ng==	4	4	4	-1	-1	-1	-1	-1	-1	-1	-1	-1	-1	-1	-1	-1	-1	-1	-1	-1	-1	-1	-1	-1	-1	-1	-1	-1	-1	-1
XMTQxNTg2MzEyMA==	19	24	-1	-1	-1	-1	-1	-1	-1	-1	-1	-1	-1	-1	-1	-1	-1	-1	-1	-1	-1	-1	-1	-1	-1	-1	-1	-1	-1	-1
XMTQxNjA2MjY0MA==	71858	408239	714478	-1	-1	-1	-1	-1	-1	-1	-1	-1	-1	-1	-1	-1	-1	-1	-1	-1	-1	-1	-1	-1	-1	-1	-1	-1	-1	-1
XMTQxNjU3NTI5Ng==	102	157	173	186	196	206	218	221	221	226	228	230	230	230	231	231	235	237	241	254	263	266	268	269	294	-1	-1	-1	-1	-1
XMTQxNjM3Mzc2NA==	292	751	1097	1206	1324	1494	1649	2057	2268	2716	-1	-1	-1	-1	-1	-1	-1	-1	-1	-1	-1	-1	-1	-1	-1	-1	-1	-1	-1	-1
XMTQxNjYxOTYwNA==	104	-1	-1	-1	-1	-1	-1	-1	-1	-1	-1	-1	-1	-1	-1	-1	-1	-1	-1	-1	-1	-1	-1	-1	-1	-1	-1	-1	-1	-1
XMTQxNjAzNDM3Ng==	9	10	9	9	10	10	10	10	10	10	10	-1	-1	-1	-1	-1	-1	-1	-1	-1	-1	-1	-1	-1	-1	-1	-1	-1	-1	-1
XMTQxNTUyMDM0OA==	9	10	11	16	23	30	30	33	33	33	33	33	33	33	33	33	33	35	36	35	34	34	34	34	34	34	34	34	35	-1
XMTQxNjQyODE1Mg==	2	2	2	-1	-1	-1	-1	-1	-1	-1	-1	-1	-1	-1	-1	-1	-1	-1	-1	-1	-1	-1	-1	-1	-1	-1	-1	-1	-1	-1
XMTQxNjY1NjYxMg==	17	39	49	59	61	70	81	83	83	83	-1	-1	-1	-1	-1	-1	-1	-1	-1	-1	-1	-1	-1	-1	-1	-1	-1	-1	-1	-1
XMTQxNjg4MTYwMA==	3	6	6	6	6	6	6	6	6	6	6	6	6	6	6	6	6	6	6	6	-1	-1	-1	-1	-1	-1	-1	-1	-1	-1
XMTQxNTg1OTk0MA==	44	63	91	92	88	87	87	87	87	87	88	88	88	88	89	90	93	93	99	100	106	108	113	114	-1	-1	-1	-1	-1	-1
XMTQxNjM3NDUzMg==	20	23	23	27	26	26	25	-1	-1	-1	-1	-1	-1	-1	-1	-1	-1	-1	-1	-1	-1	-1	-1	-1	-1	-1	-1	-1	-1	-1
XMTQxNzE0OTE0MA==	6	-1	-1	-1	-1	-1	-1	-1	-1	-1	-1	-1	-1	-1	-1	-1	-1	-1	-1	-1	-1	-1	-1	-1	-1	-1	-1	-1	-1	-1
XMTQxNjIwNTExNg==	7037	11924	13894	14438	14755	15024	15151	-1	-1	-1	-1	-1	-1	-1	-1	-1	-1	-1	-1	-1	-1	-1	-1	-1	-1	-1	-1	-1	-1	-1
XMTQxNTc0MDk4OA==	12	471	601	603	578	577	577	578	578	578	579	580	579	579	582	582	583	583	583	583	583	584	584	584	586	587	588	-1	-1	-1
XMTQxNTcwNjQ0MA==	78	89	89	89	88	88	88	89	89	89	89	89	89	89	89	89	89	89	89	90	90	90	90	90	90	90	-1	-1	-1	-1
XMTQxNTY2MDIyMA==	55629	341740	648026	-1	-1	-1	-1	-1	-1	-1	-1	-1	-1	-1	-1	-1	-1	-1	-1	-1	-1	-1	-1	-1	-1	-1	-1	-1	-1	-1
XMTQxNjYzODUyMA==	93	143	180	-1	-1	-1	-1	-1	-1	-1	-1	-1	-1	-1	-1	-1	-1	-1	-1	-1	-1	-1	-1	-1	-1	-1	-1	-1	-1	-1
XMTQxNjY0NjIzNg==	6	8	8	7	6	6	6	-1	-1	-1	-1	-1	-1	-1	-1	-1	-1	-1	-1	-1	-1	-1	-1	-1	-1	-1	-1	-1	-1	-1
XMTQxNjIyNjc0MA==	527	556	581	-1	-1	-1	-1	-1	-1	-1	-1	-1	-1	-1	-1	-1	-1	-1	-1	-1	-1	-1	-1	-1	-1	-1	-1	-1	-1	-1
XMTQxNTgzMDQ2MA==	179	236	259	280	295	305	314	321	321	327	330	336	338	339	343	348	355	360	361	362	367	371	372	376	377	379	-1	-1	-1	-1
XMTQxNzE1MjI4NA==	4	5	5	5	5	5	5	5	5	5	5	5	6	12	12	-1	-1	-1	-1	-1	-1	-1	-1	-1	-1	-1	-1	-1	-1	-1
XMTQxNTUyMDE4OA==	13	17	25	31	41	47	47	53	53	53	53	53	53	53	53	53	53	53	53	53	53	53	53	53	53	53	53	53	53	-1
XMTQxNTk5NTM0NA==	19	23	-1	-1	-1	-1	-1	-1	-1	-1	-1	-1	-1	-1	-1	-1	-1	-1	-1	-1	-1	-1	-1	-1	-1	-1	-1	-1	-1	-1
XMTQxNjQ2MTg4NA==	10	11	11	10	9	9	9	10	10	10	10	11	11	12	12	12	11	11	11	11	11	11	11	11	11	-1	-1	-1	-1	-1
XMTQxNjY0MTkxMg==	6	9	9	9	9	9	9	-1	-1	-1	-1	-1	-1	-1	-1	-1	-1	-1	-1	-1	-1	-1	-1	-1	-1	-1	-1	-1	-1	-1
XMTQxNTM5MjI0NA==	330	473	521	545	548	553	557	578	590	-1	-1	-1	-1	-1	-1	-1	-1	-1	-1	-1	-1	-1	-1	-1	-1	-1	-1	-1	-1	-1
XMTQxNjEwODAyMA==	6	7	11	11	11	-1	-1	-1	-1	-1	-1	-1	-1	-1	-1	-1	-1	-1	-1	-1	-1	-1	-1	-1	-1	-1	-1	-1	-1	-1
XMTQxNjgwODc0MA==	11	13	-1	-1	-1	-1	-1	-1	-1	-1	-1	-1	-1	-1	-1	-1	-1	-1	-1	-1	-1	-1	-1	-1	-1	-1	-1	-1	-1	-1
XMTQxNTc2NTM0OA==	133	144	147	149	149	149	149	150	150	151	151	152	153	155	155	156	160	160	-1	-1	-1	-1	-1	-1	-1	-1	-1	-1	-1	-1
XMTQxNTg0MDM1Mg==	14	15	-1	-1	-1	-1	-1	-1	-1	-1	-1	-1	-1	-1	-1	-1	-1	-1	-1	-1	-1	-1	-1	-1	-1	-1	-1	-1	-1	-1
XMTQxNTU3MTA4OA==	64	78	86	104	126	136	142	174	183	185	201	-1	-1	-1	-1	-1	-1	-1	-1	-1	-1	-1	-1	-1	-1	-1	-1	-1	-1	-1
XMTQxNTU2NjU1Ng==	29	34	36	-1	-1	-1	-1	-1	-1	-1	-1	-1	-1	-1	-1	-1	-1	-1	-1	-1	-1	-1	-1	-1	-1	-1	-1	-1	-1	-1
XMTQxNTgwNjMyNA==	13	13	13	13	14	14	14	14	14	14	15	15	15	15	15	15	15	15	15	15	15	-1	-1	-1	-1	-1	-1	-1	-1	-1
XMTQxNjExOTgzMg==	10	10	10	10	12	12	12	-1	-1	-1	-1	-1	-1	-1	-1	-1	-1	-1	-1	-1	-1	-1	-1	-1	-1	-1	-1	-1	-1	-1
XMTQxNjk0MDE3Ng==	12343	12501	12519	274	268	620	623	280	283	285	285	288	288	288	-1	-1	-1	-1	-1	-1	-1	-1	-1	-1	-1	-1	-1	-1	-1	-1
XMTQxNzA3NjE1Ng==	3	6	6	6	6	6	-1	-1	-1	-1	-1	-1	-1	-1	-1	-1	-1	-1	-1	-1	-1	-1	-1	-1	-1	-1	-1	-1	-1	-1
XMTQxNjA5NzA5Mg==	11	13	15	16	17	-1	-1	-1	-1	-1	-1	-1	-1	-1	-1	-1	-1	-1	-1	-1	-1	-1	-1	-1	-1	-1	-1	-1	-1	-1
XMTQxNjM5NjAwOA==	7	-1	-1	-1	-1	-1	-1	-1	-1	-1	-1	-1	-1	-1	-1	-1	-1	-1	-1	-1	-1	-1	-1	-1	-1	-1	-1	-1	-1	-1
XMTQxNTE5MzM5Ng==	19	19	19	17	17	17	17	17	17	17	17	17	17	17	17	17	17	17	17	17	17	17	17	17	17	17	-1	-1	-1	-1
XMTQxNjA0OTAwMA==	16	19	22	22	22	22	22	-1	-1	-1	-1	-1	-1	-1	-1	-1	-1	-1	-1	-1	-1	-1	-1	-1	-1	-1	-1	-1	-1	-1
XMTQxNTgyMjA2NA==	34	36	35	36	38	39	89	135	140	139	139	140	140	139	140	141	141	-1	-1	-1	-1	-1	-1	-1	-1	-1	-1	-1	-1	-1
XMTQxNjgxNDM2OA==	9	13	13	-1	-1	-1	-1	-1	-1	-1	-1	-1	-1	-1	-1	-1	-1	-1	-1	-1	-1	-1	-1	-1	-1	-1	-1	-1	-1	-1
XMTQxNjA0ODYzMg==	77	-1	-1	-1	-1	-1	-1	-1	-1	-1	-1	-1	-1	-1	-1	-1	-1	-1	-1	-1	-1	-1	-1	-1	-1	-1	-1	-1	-1	-1
XMTQxNjMwNzE0NA==	27	28	33	37	37	37	37	37	37	37	-1	-1	-1	-1	-1	-1	-1	-1	-1	-1	-1	-1	-1	-1	-1	-1	-1	-1	-1	-1
XMTQxNTk5MTMyOA==	30	-1	-1	-1	-1	-1	-1	-1	-1	-1	-1	-1	-1	-1	-1	-1	-1	-1	-1	-1	-1	-1	-1	-1	-1	-1	-1	-1	-1	-1
XMTQxNjcxNjY0NA==	45	-1	-1	-1	-1	-1	-1	-1	-1	-1	-1	-1	-1	-1	-1	-1	-1	-1	-1	-1	-1	-1	-1	-1	-1	-1	-1	-1	-1	-1
XMTQxNzE0NjE2MA==	1	12	13	-1	-1	-1	-1	-1	-1	-1	-1	-1	-1	-1	-1	-1	-1	-1	-1	-1	-1	-1	-1	-1	-1	-1	-1	-1	-1	-1
XMTQxNjI2NzE4NA==	11	21	22	24	27	29	32	42	42	44	47	47	48	49	50	-1	-1	-1	-1	-1	-1	-1	-1	-1	-1	-1	-1	-1	-1	-1
XMTQxNTc1NDY0OA==	15	17	19	19	19	19	19	19	19	19	19	19	21	21	21	21	21	-1	-1	-1	-1	-1	-1	-1	-1	-1	-1	-1	-1	-1
XMTQxNTgyNTIxNg==	4	6	-1	-1	-1	-1	-1	-1	-1	-1	-1	-1	-1	-1	-1	-1	-1	-1	-1	-1	-1	-1	-1	-1	-1	-1	-1	-1	-1	-1
XMTQxNjI5NjM4NA==	112	120	120	-1	-1	-1	-1	-1	-1	-1	-1	-1	-1	-1	-1	-1	-1	-1	-1	-1	-1	-1	-1	-1	-1	-1	-1	-1	-1	-1
XMTQxNjg4MTczNg==	3	5	5	4	4	4	4	4	4	4	4	4	4	-1	-1	-1	-1	-1	-1	-1	-1	-1	-1	-1	-1	-1	-1	-1	-1	-1
XMTQxNjcxNTk3Mg==	222	-1	-1	-1	-1	-1	-1	-1	-1	-1	-1	-1	-1	-1	-1	-1	-1	-1	-1	-1	-1	-1	-1	-1	-1	-1	-1	-1	-1	-1
XMTQxNzE5MDg0OA==	17	80	98	97	96	97	98	-1	-1	-1	-1	-1	-1	-1	-1	-1	-1	-1	-1	-1	-1	-1	-1	-1	-1	-1	-1	-1	-1	-1
XMTQxNTY5Mzk1Mg==	65	69	64	-1	-1	-1	-1	-1	-1	-1	-1	-1	-1	-1	-1	-1	-1	-1	-1	-1	-1	-1	-1	-1	-1	-1	-1	-1	-1	-1
XMTQxNTc0MTE5Ng==	527	587	605	640	669	701	752	847	875	911	929	980	1013	1064	1100	1147	1236	1259	1288	-1	-1	-1	-1	-1	-1	-1	-1	-1	-1	-1
XMTQxNTc0ODk5Ng==	155	183	192	190	193	199	205	206	206	206	-1	-1	-1	-1	-1	-1	-1	-1	-1	-1	-1	-1	-1	-1	-1	-1	-1	-1	-1	-1
XMTQxNjI5NDg0MA==	10	-1	-1	-1	-1	-1	-1	-1	-1	-1	-1	-1	-1	-1	-1	-1	-1	-1	-1	-1	-1	-1	-1	-1	-1	-1	-1	-1	-1	-1
XMTQxNTY3NDg2OA==	121	124	-1	-1	-1	-1	-1	-1	-1	-1	-1	-1	-1	-1	-1	-1	-1	-1	-1	-1	-1	-1	-1	-1	-1	-1	-1	-1	-1	-1
XMTQxNjA2Mjc0NA==	18	18	18	17	17	17	19	19	19	19	19	-1	-1	-1	-1	-1	-1	-1	-1	-1	-1	-1	-1	-1	-1	-1	-1	-1	-1	-1
XMTQxNTc3NzUyMA==	129	133	137	141	142	147	147	147	147	147	147	147	147	147	147	147	147	-1	-1	-1	-1	-1	-1	-1	-1	-1	-1	-1	-1	-1
XMTQxNjExMzg2NA==	10	10	7	-1	-1	-1	-1	-1	-1	-1	-1	-1	-1	-1	-1	-1	-1	-1	-1	-1	-1	-1	-1	-1	-1	-1	-1	-1	-1	-1
XMTQxNjA2OTg1Ng==	64	72	80	86	89	93	95	106	113	140	140	139	138	138	138	138	138	138	-1	-1	-1	-1	-1	-1	-1	-1	-1	-1	-1	-1
XMTQxNjU2NTA2NA==	62	119	137	139	141	145	149	-1	-1	-1	-1	-1	-1	-1	-1	-1	-1	-1	-1	-1	-1	-1	-1	-1	-1	-1	-1	-1	-1	-1
XMTQxNjM2NjgyMA==	18	20	20	23	23	23	23	31	-1	-1	-1	-1	-1	-1	-1	-1	-1	-1	-1	-1	-1	-1	-1	-1	-1	-1	-1	-1	-1	-1
XMTQxNTUyOTkwNA==	21	-1	-1	-1	-1	-1	-1	-1	-1	-1	-1	-1	-1	-1	-1	-1	-1	-1	-1	-1	-1	-1	-1	-1	-1	-1	-1	-1	-1	-1
XMTQxNjA0NjYwNA==	345	376	389	403	405	407	407	414	415	416	415	412	414	419	-1	-1	-1	-1	-1	-1	-1	-1	-1	-1	-1	-1	-1	-1	-1	-1
XMTQxNTc3ODk2MA==	72	74	68	-1	-1	-1	-1	-1	-1	-1	-1	-1	-1	-1	-1	-1	-1	-1	-1	-1	-1	-1	-1	-1	-1	-1	-1	-1	-1	-1
XMTQxNjY0MDIwOA==	8	10	10	9	9	9	9	-1	-1	-1	-1	-1	-1	-1	-1	-1	-1	-1	-1	-1	-1	-1	-1	-1	-1	-1	-1	-1	-1	-1
XMTQxNjkwNzE3Mg==	8	17	19	20	20	19	-1	-1	-1	-1	-1	-1	-1	-1	-1	-1	-1	-1	-1	-1	-1	-1	-1	-1	-1	-1	-1	-1	-1	-1
XMTQxNTUyMDAwMA==	10	11	17	25	36	42	45	47	47	48	48	48	48	48	48	48	48	48	48	48	48	48	48	48	48	48	48	48	48	-1
XMTQxNjI0OTA5Ng==	6	8	11	11	12	-1	-1	-1	-1	-1	-1	-1	-1	-1	-1	-1	-1	-1	-1	-1	-1	-1	-1	-1	-1	-1	-1	-1	-1	-1
XMTQxNjIxOTMzMg==	10	14	17	17	18	18	19	19	19	19	20	20	20	20	20	20	20	20	21	21	21	21	-1	-1	-1	-1	-1	-1	-1	-1
XMTQxNjA1MTUwOA==	98	105	113	116	117	117	117	-1	-1	-1	-1	-1	-1	-1	-1	-1	-1	-1	-1	-1	-1	-1	-1	-1	-1	-1	-1	-1	-1	-1
XMTQxNzA0MjI5Ng==	13	55	113	144	165	184	-1	-1	-1	-1	-1	-1	-1	-1	-1	-1	-1	-1	-1	-1	-1	-1	-1	-1	-1	-1	-1	-1	-1	-1
XMTQxNTkxMzg0MA==	302	350	377	383	388	401	405	410	419	-1	-1	-1	-1	-1	-1	-1	-1	-1	-1	-1	-1	-1	-1	-1	-1	-1	-1	-1	-1	-1
XMTQxNjc5NDkwMA==	7	-1	-1	-1	-1	-1	-1	-1	-1	-1	-1	-1	-1	-1	-1	-1	-1	-1	-1	-1	-1	-1	-1	-1	-1	-1	-1	-1	-1	-1
XMTQxNTc3Mjk5Ng==	139	209	277	287	317	324	327	-1	-1	-1	-1	-1	-1	-1	-1	-1	-1	-1	-1	-1	-1	-1	-1	-1	-1	-1	-1	-1	-1	-1
XMTQxNTkxMDM3Ng==	60	74	85	95	95	-1	-1	-1	-1	-1	-1	-1	-1	-1	-1	-1	-1	-1	-1	-1	-1	-1	-1	-1	-1	-1	-1	-1	-1	-1
XMTQxNjE3NTAyNA==	15	15	15	15	15	15	15	15	15	15	15	15	15	16	16	16	16	-1	-1	-1	-1	-1	-1	-1	-1	-1	-1	-1	-1	-1
XMTQxNjM2MzUxNg==	42	51	64	70	71	72	72	-1	-1	-1	-1	-1	-1	-1	-1	-1	-1	-1	-1	-1	-1	-1	-1	-1	-1	-1	-1	-1	-1	-1
XMTQxNjQyMDY4OA==	34	42	47	52	63	81	96	110	110	109	109	-1	-1	-1	-1	-1	-1	-1	-1	-1	-1	-1	-1	-1	-1	-1	-1	-1	-1	-1
XMTQxNTgzNzQ3Ng==	15	15	14	14	14	14	14	14	14	14	15	15	15	15	15	15	15	15	15	15	15	-1	-1	-1	-1	-1	-1	-1	-1	-1
XMTQxNjk0NjU1Ng==	4	8	9	9	9	9	10	10	10	10	10	12	12	13	13	13	13	16	16	16	16	16	16	16	-1	-1	-1	-1	-1	-1
XMTQxNjk2NzE4MA==	6	8	10	13	13	13	13	13	13	13	13	13	-1	-1	-1	-1	-1	-1	-1	-1	-1	-1	-1	-1	-1	-1	-1	-1	-1	-1
XMTQxNjU2OTEzMg==	780	782	782	763	763	763	763	763	763	763	763	-1	-1	-1	-1	-1	-1	-1	-1	-1	-1	-1	-1	-1	-1	-1	-1	-1	-1	-1
XMTQxNjU0ODY4NA==	253	337	355	350	358	357	364	377	382	397	-1	-1	-1	-1	-1	-1	-1	-1	-1	-1	-1	-1	-1	-1	-1	-1	-1	-1	-1	-1
XMTQxNjI2NTU0NA==	71	79	95	96	-1	-1	-1	-1	-1	-1	-1	-1	-1	-1	-1	-1	-1	-1	-1	-1	-1	-1	-1	-1	-1	-1	-1	-1	-1	-1
XMTQxNjI5MzUzNg==	10	11	15	11	11	11	11	12	12	12	12	12	-1	-1	-1	-1	-1	-1	-1	-1	-1	-1	-1	-1	-1	-1	-1	-1	-1	-1
XMTQxNTc4OTA4NA==	63	66	66	64	-1	-1	-1	-1	-1	-1	-1	-1	-1	-1	-1	-1	-1	-1	-1	-1	-1	-1	-1	-1	-1	-1	-1	-1	-1	-1
XMTQxNTY5NzU1Mg==	2417	-1	-1	-1	-1	-1	-1	-1	-1	-1	-1	-1	-1	-1	-1	-1	-1	-1	-1	-1	-1	-1	-1	-1	-1	-1	-1	-1	-1	-1
XMTQxNTg0MDE1Ng==	9	10	-1	-1	-1	-1	-1	-1	-1	-1	-1	-1	-1	-1	-1	-1	-1	-1	-1	-1	-1	-1	-1	-1	-1	-1	-1	-1	-1	-1
XMTQxNjE0Mzg4NA==	341	372	371	372	376	378	377	378	380	382	382	383	383	385	386	388	392	392	395	409	409	409	410	411	411	411	-1	-1	-1	-1
XMTQxNTcyMjAzNg==	41	44	46	46	46	46	46	46	48	49	49	51	51	51	51	53	-1	-1	-1	-1	-1	-1	-1	-1	-1	-1	-1	-1	-1	-1
XMTQxNjE5ODkzMg==	10	10	10	10	10	10	10	10	10	10	10	10	10	10	10	10	10	-1	-1	-1	-1	-1	-1	-1	-1	-1	-1	-1	-1	-1
XMTQxNTg3NDI2OA==	143	149	155	-1	-1	-1	-1	-1	-1	-1	-1	-1	-1	-1	-1	-1	-1	-1	-1	-1	-1	-1	-1	-1	-1	-1	-1	-1	-1	-1
XMTQxNjExODU4OA==	31	32	32	35	-1	-1	-1	-1	-1	-1	-1	-1	-1	-1	-1	-1	-1	-1	-1	-1	-1	-1	-1	-1	-1	-1	-1	-1	-1	-1
XMTQxNjU4NTk1Mg==	8	10	10	10	10	10	10	10	10	10	10	10	10	10	10	10	10	10	10	10	10	10	-1	-1	-1	-1	-1	-1	-1	-1
XMTQxNTg2OTI2MA==	61	64	64	64	64	64	64	64	64	-1	-1	-1	-1	-1	-1	-1	-1	-1	-1	-1	-1	-1	-1	-1	-1	-1	-1	-1	-1	-1
XMTQxNTkzOTc1Ng==	29	31	34	35	34	34	34	35	35	35	35	35	35	35	35	35	35	35	36	36	36	36	36	36	36	37	-1	-1	-1	-1
XMTQxNjEzOTY4NA==	10	10	10	10	10	11	-1	-1	-1	-1	-1	-1	-1	-1	-1	-1	-1	-1	-1	-1	-1	-1	-1	-1	-1	-1	-1	-1	-1	-1
XMTQxNTk5NDg2OA==	549	554	530	528	528	529	532	533	536	537	537	537	537	537	538	538	538	538	538	-1	-1	-1	-1	-1	-1	-1	-1	-1	-1	-1
XMTQxNTY2ODU3Ng==	63	67	67	67	67	70	76	-1	-1	-1	-1	-1	-1	-1	-1	-1	-1	-1	-1	-1	-1	-1	-1	-1	-1	-1	-1	-1	-1	-1
XMTQxNTc2OTYxMg==	17	21	24	24	-1	-1	-1	-1	-1	-1	-1	-1	-1	-1	-1	-1	-1	-1	-1	-1	-1	-1	-1	-1	-1	-1	-1	-1	-1	-1
XMTQxNTUyNzIxNg==	10	16	20	23	25	30	32	33	33	33	33	33	33	33	33	33	33	38	38	38	38	38	38	38	38	38	38	38	38	-1
XMTQxNjkwMzI4NA==	6	10	-1	-1	-1	-1	-1	-1	-1	-1	-1	-1	-1	-1	-1	-1	-1	-1	-1	-1	-1	-1	-1	-1	-1	-1	-1	-1	-1	-1
XMTQxNjMxNDk0NA==	27	-1	-1	-1	-1	-1	-1	-1	-1	-1	-1	-1	-1	-1	-1	-1	-1	-1	-1	-1	-1	-1	-1	-1	-1	-1	-1	-1	-1	-1
XMTQxNjkwMjY0MA==	2	2	2	2	-1	-1	-1	-1	-1	-1	-1	-1	-1	-1	-1	-1	-1	-1	-1	-1	-1	-1	-1	-1	-1	-1	-1	-1	-1	-1
XMTQxNTgxMTAxMg==	276	357	371	380	387	392	395	395	395	399	399	406	406	406	406	-1	-1	-1	-1	-1	-1	-1	-1	-1	-1	-1	-1	-1	-1	-1
XMTQxNjU2OTM3Mg==	673	674	674	649	649	649	649	649	649	649	649	-1	-1	-1	-1	-1	-1	-1	-1	-1	-1	-1	-1	-1	-1	-1	-1	-1	-1	-1
XMTQxNzA3MjkzMg==	1	5	5	5	8	8	8	-1	-1	-1	-1	-1	-1	-1	-1	-1	-1	-1	-1	-1	-1	-1	-1	-1	-1	-1	-1	-1	-1	-1
XMTQxNjA5MzIyOA==	14	17	18	-1	-1	-1	-1	-1	-1	-1	-1	-1	-1	-1	-1	-1	-1	-1	-1	-1	-1	-1	-1	-1	-1	-1	-1	-1	-1	-1
XMTQxNjExODYyMA==	8	8	56	-1	-1	-1	-1	-1	-1	-1	-1	-1	-1	-1	-1	-1	-1	-1	-1	-1	-1	-1	-1	-1	-1	-1	-1	-1	-1	-1
XMTQxNjg3Njc4MA==	4	9	10	12	12	14	14	14	14	14	14	15	17	17	17	17	19	19	19	19	-1	-1	-1	-1	-1	-1	-1	-1	-1	-1
XMTQxNjgyMjE2OA==	6	-1	-1	-1	-1	-1	-1	-1	-1	-1	-1	-1	-1	-1	-1	-1	-1	-1	-1	-1	-1	-1	-1	-1	-1	-1	-1	-1	-1	-1
XMTQxNjA1MTE0NA==	55	55	55	59	59	60	63	-1	-1	-1	-1	-1	-1	-1	-1	-1	-1	-1	-1	-1	-1	-1	-1	-1	-1	-1	-1	-1	-1	-1
XMTQxNTcwNjQ0OA==	51	58	58	56	58	59	59	61	61	61	61	61	61	61	61	61	63	63	63	63	63	64	65	65	66	66	-1	-1	-1	-1
XMTQxNTgzNzI3Ng==	146	155	151	158	160	162	162	162	162	162	162	164	164	164	164	166	166	166	166	166	-1	-1	-1	-1	-1	-1	-1	-1	-1	-1
XMTQxNTk2NTEyMA==	10	10	10	10	11	12	12	12	12	-1	-1	-1	-1	-1	-1	-1	-1	-1	-1	-1	-1	-1	-1	-1	-1	-1	-1	-1	-1	-1
XMTQxNjE5OTQwOA==	63	72	78	78	75	73	74	78	81	83	84	84	85	87	89	90	94	96	96	97	97	102	104	105	106	106	106	-1	-1	-1
XMTQxNjA0MzY4MA==	605	626	635	642	645	648	651	656	658	671	674	674	675	676	676	678	680	682	683	685	685	-1	-1	-1	686	689	690	691	693	696
XMTQxNTU4MjE0MA==	313	-1	-1	-1	-1	-1	-1	-1	-1	-1	-1	-1	-1	-1	-1	-1	-1	-1	-1	-1	-1	-1	-1	-1	-1	-1	-1	-1	-1	-1
XMTQxNjc2MzE2OA==	3	4	4	3	3	3	3	3	3	3	3	3	3	3	3	3	3	3	3	3	3	3	3	3	3	3	-1	-1	-1	-1
XMTQxNTY4MTU1Mg==	61	69	107	109	109	109	108	111	112	113	113	114	114	114	117	122	123	-1	-1	-1	-1	-1	-1	-1	-1	-1	-1	-1	-1	-1
XMTQxNjMzMjcyNA==	10	-1	-1	-1	-1	-1	-1	-1	-1	-1	-1	-1	-1	-1	-1	-1	-1	-1	-1	-1	-1	-1	-1	-1	-1	-1	-1	-1	-1	-1
XMTQxNzExMzYwNA==	3	-1	-1	-1	-1	-1	-1	-1	-1	-1	-1	-1	-1	-1	-1	-1	-1	-1	-1	-1	-1	-1	-1	-1	-1	-1	-1	-1	-1	-1
XMTQxMjE1MzI5Mg==	14	17	17	17	17	18	18	19	19	20	20	20	20	20	20	21	21	22	22	22	22	22	22	22	22	22	22	22	-1	-1
XMTQxNjgxMDMxMg==	2	2	-1	-1	-1	-1	-1	-1	-1	-1	-1	-1	-1	-1	-1	-1	-1	-1	-1	-1	-1	-1	-1	-1	-1	-1	-1	-1	-1	-1
XMTQxNTk5MDU0OA==	495	589	601	579	624	634	639	643	644	650	658	666	673	680	692	700	705	711	716	719	718	718	718	-1	-1	-1	-1	-1	-1	-1
XMTQxNjMwNjEwNA==	18	-1	-1	-1	-1	-1	-1	-1	-1	-1	-1	-1	-1	-1	-1	-1	-1	-1	-1	-1	-1	-1	-1	-1	-1	-1	-1	-1	-1	-1
XMTQxNTYxNjIyOA==	245	253	254	257	258	257	260	265	265	-1	-1	-1	-1	-1	-1	-1	-1	-1	-1	-1	-1	-1	-1	-1	-1	-1	-1	-1	-1	-1
XMTQxNjczNjU5Mg==	267	418	490	541	565	570	574	587	591	597	597	-1	-1	-1	-1	-1	-1	-1	-1	-1	-1	-1	-1	-1	-1	-1	-1	-1	-1	-1
XMTQxNjMwMzkyMA==	24	29	29	27	27	27	27	27	27	27	27	27	27	27	27	27	27	27	27	27	27	27	27	27	27	28	28	-1	-1	-1
XMTQxNTczNTQ5Ng==	417	480	518	574	611	-1	646	677	682	705	721	745	757	765	767	777	795	808	817	820	832	836	843	852	863	881	888	895	911	924
XMTQxNjU0Njg1Mg==	65	-1	-1	-1	-1	-1	-1	-1	-1	-1	-1	-1	-1	-1	-1	-1	-1	-1	-1	-1	-1	-1	-1	-1	-1	-1	-1	-1	-1	-1
XMTQxNTY5MDkxNg==	39	40	38	-1	-1	-1	-1	-1	-1	-1	-1	-1	-1	-1	-1	-1	-1	-1	-1	-1	-1	-1	-1	-1	-1	-1	-1	-1	-1	-1
XMTQxNjg3MDI4NA==	121	163	169	-1	-1	-1	-1	-1	-1	-1	-1	-1	-1	-1	-1	-1	-1	-1	-1	-1	-1	-1	-1	-1	-1	-1	-1	-1	-1	-1
XMTQxNzE0ODcxNg==	21	32	33	-1	-1	-1	-1	-1	-1	-1	-1	-1	-1	-1	-1	-1	-1	-1	-1	-1	-1	-1	-1	-1	-1	-1	-1	-1	-1	-1
XMTQxNTg0MTY5Mg==	49	50	-1	-1	-1	-1	-1	-1	-1	-1	-1	-1	-1	-1	-1	-1	-1	-1	-1	-1	-1	-1	-1	-1	-1	-1	-1	-1	-1	-1
XMTQxNjI3ODAzNg==	127	168	176	185	187	190	192	195	196	199	200	204	206	213	217	239	248	248	248	252	-1	-1	-1	-1	-1	-1	-1	-1	-1	-1
XMTQxNjQxMzM0OA==	10	11	11	11	-1	-1	-1	-1	-1	-1	-1	-1	-1	-1	-1	-1	-1	-1	-1	-1	-1	-1	-1	-1	-1	-1	-1	-1	-1	-1
XMTQxNjYxODE0NA==	87	109	160	189	201	206	209	211	212	213	214	215	216	216	216	218	219	-1	-1	-1	-1	-1	-1	-1	-1	-1	-1	-1	-1	-1
XMTQxNTk2NDk4MA==	9	9	9	9	9	9	9	-1	-1	-1	-1	-1	-1	-1	-1	-1	-1	-1	-1	-1	-1	-1	-1	-1	-1	-1	-1	-1	-1	-1
XMTQxNTc2MzEyMA==	55	61	62	63	-1	-1	-1	-1	-1	-1	-1	-1	-1	-1	-1	-1	-1	-1	-1	-1	-1	-1	-1	-1	-1	-1	-1	-1	-1	-1
XMTQxNzE3MzU0OA==	4	9	12	12	12	12	-1	-1	-1	-1	-1	-1	-1	-1	-1	-1	-1	-1	-1	-1	-1	-1	-1	-1	-1	-1	-1	-1	-1	-1
XMTQxNTc4MDU1Ng==	21	22	22	21	21	-1	-1	-1	-1	-1	-1	-1	-1	-1	-1	-1	-1	-1	-1	-1	-1	-1	-1	-1	-1	-1	-1	-1	-1	-1
XMTQxNjA2OTk4OA==	101	106	107	-1	-1	-1	-1	-1	-1	-1	-1	-1	-1	-1	-1	-1	-1	-1	-1	-1	-1	-1	-1	-1	-1	-1	-1	-1	-1	-1
XMTQxNjEwNjI2NA==	14	19	19	-1	-1	-1	-1	-1	-1	-1	-1	-1	-1	-1	-1	-1	-1	-1	-1	-1	-1	-1	-1	-1	-1	-1	-1	-1	-1	-1
XMTQxNjI3NTE3Ng==	500	651	806	844	879	903	923	-1	-1	-1	-1	-1	-1	-1	-1	-1	-1	-1	-1	-1	-1	-1	-1	-1	-1	-1	-1	-1	-1	-1
XMTQxNjI3MjYwOA==	11	12	12	13	15	16	19	19	19	19	19	20	21	21	21	-1	-1	-1	-1	-1	-1	-1	-1	-1	-1	-1	-1	-1	-1	-1
XMTQxNjI1MzM0OA==	171	200	235	321	433	527	652	-1	-1	-1	-1	-1	-1	-1	-1	-1	-1	-1	-1	-1	-1	-1	-1	-1	-1	-1	-1	-1	-1	-1
XMTQxNjI0OTkxMg==	34	41	-1	-1	-1	-1	-1	-1	-1	-1	-1	-1	-1	-1	-1	-1	-1	-1	-1	-1	-1	-1	-1	-1	-1	-1	-1	-1	-1	-1
XMTQxNjEwOTYwNA==	133	148	140	-1	-1	-1	-1	-1	-1	-1	-1	-1	-1	-1	-1	-1	-1	-1	-1	-1	-1	-1	-1	-1	-1	-1	-1	-1	-1	-1
XMTQxNjA2OTEyOA==	10	10	9	8	8	-1	-1	-1	-1	-1	-1	-1	-1	-1	-1	-1	-1	-1	-1	-1	-1	-1	-1	-1	-1	-1	-1	-1	-1	-1
XMTQxNzA5OTk3Mg==	16	-1	-1	-1	-1	-1	-1	-1	-1	-1	-1	-1	-1	-1	-1	-1	-1	-1	-1	-1	-1	-1	-1	-1	-1	-1	-1	-1	-1	-1
XMTQxNjY0NDMyOA==	6	9	9	9	9	9	9	-1	-1	-1	-1	-1	-1	-1	-1	-1	-1	-1	-1	-1	-1	-1	-1	-1	-1	-1	-1	-1	-1	-1
XMTQxNjE3NTIxMg==	203	213	218	225	226	227	227	227	227	228	229	230	-1	-1	-1	-1	-1	-1	-1	-1	-1	-1	-1	-1	-1	-1	-1	-1	-1	-1
XMTQxNzEwMjU3Mg==	3	3	4	-1	-1	-1	-1	-1	-1	-1	-1	-1	-1	-1	-1	-1	-1	-1	-1	-1	-1	-1	-1	-1	-1	-1	-1	-1	-1	-1
XMTQxNjg2NzMyNA==	16	85	92	-1	-1	-1	-1	-1	-1	-1	-1	-1	-1	-1	-1	-1	-1	-1	-1	-1	-1	-1	-1	-1	-1	-1	-1	-1	-1	-1
XMTQxNjI3NjM2NA==	8	-1	-1	-1	-1	-1	-1	-1	-1	-1	-1	-1	-1	-1	-1	-1	-1	-1	-1	-1	-1	-1	-1	-1	-1	-1	-1	-1	-1	-1
XMTQxNjQyOTcwOA==	5	5	5	-1	-1	-1	-1	-1	-1	-1	-1	-1	-1	-1	-1	-1	-1	-1	-1	-1	-1	-1	-1	-1	-1	-1	-1	-1	-1	-1
XMTQxNjMyMDQ2OA==	352	376	382	383	383	387	388	388	388	-1	-1	-1	-1	-1	-1	-1	-1	-1	-1	-1	-1	-1	-1	-1	-1	-1	-1	-1	-1	-1
XMTQxNjIwMDY2OA==	18	18	17	16	16	16	16	16	16	16	16	16	16	16	16	16	16	16	16	16	16	16	16	16	16	16	16	16	-1	-1
XMTQxNjQ5MjIwMA==	339	-1	-1	-1	-1	-1	-1	-1	-1	-1	-1	-1	-1	-1	-1	-1	-1	-1	-1	-1	-1	-1	-1	-1	-1	-1	-1	-1	-1	-1
XMTQxNTc4MzM1Ng==	99	106	105	106	107	110	110	110	110	110	110	110	110	110	110	110	110	-1	-1	-1	-1	-1	-1	-1	-1	-1	-1	-1	-1	-1
XMTQxNjU5MjM1Ng==	42	55	60	59	58	58	-1	-1	-1	-1	-1	-1	-1	-1	-1	-1	-1	-1	-1	-1	-1	-1	-1	-1	-1	-1	-1	-1	-1	-1
XMTQxNTkxMzE4NA==	211	251	296	-1	-1	-1	-1	-1	-1	-1	-1	-1	-1	-1	-1	-1	-1	-1	-1	-1	-1	-1	-1	-1	-1	-1	-1	-1	-1	-1
XMTQxNTc2MjUzMg==	18	18	20	20	21	21	21	22	22	22	-1	-1	-1	-1	-1	-1	-1	-1	-1	-1	-1	-1	-1	-1	-1	-1	-1	-1	-1	-1
XMTQxNjQyNzk4MA==	97	-1	-1	-1	-1	-1	-1	-1	-1	-1	-1	-1	-1	-1	-1	-1	-1	-1	-1	-1	-1	-1	-1	-1	-1	-1	-1	-1	-1	-1
XMTQxNjcyNDY2NA==	8	-1	-1	-1	-1	-1	-1	-1	-1	-1	-1	-1	-1	-1	-1	-1	-1	-1	-1	-1	-1	-1	-1	-1	-1	-1	-1	-1	-1	-1
XMTQxNTc5NzMxMg==	45	48	41	-1	-1	-1	-1	-1	-1	-1	-1	-1	-1	-1	-1	-1	-1	-1	-1	-1	-1	-1	-1	-1	-1	-1	-1	-1	-1	-1
XMTQxNTk5NTMyNA==	334	-1	-1	-1	-1	-1	-1	-1	-1	-1	-1	-1	-1	-1	-1	-1	-1	-1	-1	-1	-1	-1	-1	-1	-1	-1	-1	-1	-1	-1
XMTQxNjE5NTM0NA==	60	-1	-1	-1	-1	-1	-1	-1	-1	-1	-1	-1	-1	-1	-1	-1	-1	-1	-1	-1	-1	-1	-1	-1	-1	-1	-1	-1	-1	-1
XMTQxNjQxOTk2MA==	246	280	326	341	346	363	364	374	375	376	378	382	388	390	391	-1	-1	-1	-1	-1	-1	-1	-1	-1	-1	-1	-1	-1	-1	-1
XMTQxNTk4NzY1Ng==	58	66	68	67	68	71	72	77	79	79	77	79	79	80	84	85	87	88	90	93	93	94	94	94	95	95	-1	-1	-1	-1
XMTQxNTgyMzg5Ng==	16	16	16	16	16	15	15	15	15	15	15	15	15	15	15	15	15	15	15	15	15	15	15	15	15	15	15	15	-1	-1
XMTQxNTgwOTkwOA==	423	475	523	551	595	-1	-1	-1	-1	-1	-1	-1	-1	-1	-1	-1	-1	-1	-1	-1	-1	-1	-1	-1	-1	-1	-1	-1	-1	-1
XMTQxNzE3MDY5Mg==	2	-1	-1	-1	-1	-1	-1	-1	-1	-1	-1	-1	-1	-1	-1	-1	-1	-1	-1	-1	-1	-1	-1	-1	-1	-1	-1	-1	-1	-1
XMTQxNjg5Mjg4OA==	3	3	3	3	-1	-1	-1	-1	-1	-1	-1	-1	-1	-1	-1	-1	-1	-1	-1	-1	-1	-1	-1	-1	-1	-1	-1	-1	-1	-1
XMTQxNjIxODAxNg==	40	45	44	42	42	42	42	42	42	42	42	42	42	42	42	42	42	42	42	42	42	42	42	42	42	-1	-1	-1	-1	-1
XMTQxNjY5NDc0NA==	7	12	12	-1	-1	-1	-1	-1	-1	-1	-1	-1	-1	-1	-1	-1	-1	-1	-1	-1	-1	-1	-1	-1	-1	-1	-1	-1	-1	-1
XMTQxNjIxMTYyNA==	555	863	1028	1053	1084	1105	1123	1145	1170	1212	1218	1225	1232	1242	1265	1281	1307	1313	1321	1325	1343	1359	1387	1413	1421	1426	1433	1445	-1	-1
XMTQxNTgwNDczNg==	258	258	257	257	257	257	257	-1	-1	-1	-1	-1	-1	-1	-1	-1	-1	-1	-1	-1	-1	-1	-1	-1	-1	-1	-1	-1	-1	-1
XMTQxNjkxNzg5Mg==	2	2	2	1	1	1	1	1	1	1	1	1	1	1	1	1	1	1	1	-1	-1	-1	-1	-1	-1	-1	-1	-1	-1	-1
XMTQxNTc3OTYxNg==	53	73	91	203	340	484	578	691	717	813	879	920	-1	-1	-1	-1	-1	-1	-1	-1	-1	-1	-1	-1	-1	-1	-1	-1	-1	-1
XMTQxNjAyNjA0OA==	38	-1	-1	-1	-1	-1	-1	-1	-1	-1	-1	-1	-1	-1	-1	-1	-1	-1	-1	-1	-1	-1	-1	-1	-1	-1	-1	-1	-1	-1
XMTQxNjQ4MDk0NA==	44	85	111	133	138	144	150	151	151	153	153	154	154	154	154	154	154	154	154	154	154	-1	-1	-1	-1	-1	-1	-1	-1	-1
XMTQxNjA0MzEyMA==	9	11	11	12	12	13	13	13	13	13	13	13	13	13	13	13	13	13	13	13	13	13	14	14	14	14	14	14	-1	-1
XMTQxNTY0NTY4MA==	53	-1	-1	-1	-1	-1	-1	-1	-1	-1	-1	-1	-1	-1	-1	-1	-1	-1	-1	-1	-1	-1	-1	-1	-1	-1	-1	-1	-1	-1
XMTQxNjU4NTExNg==	8	8	8	7	7	7	7	7	7	7	7	7	7	7	7	7	7	7	-1	-1	-1	-1	-1	-1	-1	-1	-1	-1	-1	-1
XMTQxNjQxODMyNA==	2	2	2	-1	-1	-1	-1	-1	-1	-1	-1	-1	-1	-1	-1	-1	-1	-1	-1	-1	-1	-1	-1	-1	-1	-1	-1	-1	-1	-1
XMTQxNjg5NDIxMg==	3	3	3	3	-1	-1	-1	-1	-1	-1	-1	-1	-1	-1	-1	-1	-1	-1	-1	-1	-1	-1	-1	-1	-1	-1	-1	-1	-1	-1
XMTQxNTY5Nzg3Ng==	55549	340300	642962	689927	-1	-1	-1	-1	-1	-1	-1	-1	-1	-1	-1	-1	-1	-1	-1	-1	-1	-1	-1	-1	-1	-1	-1	-1	-1	-1
XMTQxNjM4NzY2NA==	3	3	3	3	3	3	3	3	3	4	4	4	4	4	4	4	4	4	4	4	4	4	4	4	4	-1	-1	-1	-1	-1
XMTQxNjMzMzQ2OA==	49	67	78	74	73	73	73	73	73	74	74	74	73	73	73	73	-1	-1	-1	-1	-1	-1	-1	-1	-1	-1	-1	-1	-1	-1
XMTQxNjMxMDI4MA==	8	13	17	34	-1	-1	-1	-1	-1	-1	-1	-1	-1	-1	-1	-1	-1	-1	-1	-1	-1	-1	-1	-1	-1	-1	-1	-1	-1	-1
XMTQxNjY1Njg4MA==	23	50	58	72	72	77	91	91	91	91	-1	-1	-1	-1	-1	-1	-1	-1	-1	-1	-1	-1	-1	-1	-1	-1	-1	-1	-1	-1
XMTQxNTg1NzEyOA==	16	17	12	12	11	11	11	11	11	11	12	12	13	12	12	12	12	12	12	12	-1	-1	-1	-1	-1	-1	-1	-1	-1	-1
XMTQxNjM4NTc3Ng==	765	883	-1	-1	-1	-1	-1	-1	-1	-1	-1	-1	-1	-1	-1	-1	-1	-1	-1	-1	-1	-1	-1	-1	-1	-1	-1	-1	-1	-1
XMTQxNTk5MzE3Mg==	573	597	595	597	598	598	598	598	598	598	599	599	599	599	599	599	599	599	599	-1	-1	-1	-1	-1	-1	-1	-1	-1	-1	-1
XMTQxNjE4MzU0NA==	13	13	13	-1	-1	-1	-1	-1	-1	-1	-1	-1	-1	-1	-1	-1	-1	-1	-1	-1	-1	-1	-1	-1	-1	-1	-1	-1	-1	-1
XMTQxNTk5NTkyOA==	475	493	469	469	470	470	470	472	472	472	472	472	472	472	472	472	472	472	472	-1	-1	-1	-1	-1	-1	-1	-1	-1	-1	-1
XMTQxNTgzMDg5Ng==	10	11	13	13	14	14	14	19	19	19	19	19	19	19	19	19	19	19	19	19	19	-1	-1	-1	-1	-1	-1	-1	-1	-1
XMTQxNjEwMzE0MA==	7	10	14	14	14	-1	-1	-1	-1	-1	-1	-1	-1	-1	-1	-1	-1	-1	-1	-1	-1	-1	-1	-1	-1	-1	-1	-1	-1	-1
XMTQxNTc5MTk2MA==	24	24	24	23	24	24	-1	-1	-1	-1	-1	-1	-1	-1	-1	-1	-1	-1	-1	-1	-1	-1	-1	-1	-1	-1	-1	-1	-1	-1
XMTQxNjM3Njc4NA==	108	112	120	123	123	123	125	126	126	126	129	130	-1	-1	-1	-1	-1	-1	-1	-1	-1	-1	-1	-1	-1	-1	-1	-1	-1	-1
XMTQxNjU5OTkxNg==	263557	-1	-1	-1	-1	-1	-1	-1	-1	-1	-1	-1	-1	-1	-1	-1	-1	-1	-1	-1	-1	-1	-1	-1	-1	-1	-1	-1	-1	-1
XMTQxNTc1MjQ5Mg==	167	171	173	173	174	174	174	175	175	175	175	175	176	176	176	177	177	177	-1	-1	-1	-1	-1	-1	-1	-1	-1	-1	-1	-1
XMTQxNjg5NDEzMg==	3	3	3	-1	-1	-1	-1	-1	-1	-1	-1	-1	-1	-1	-1	-1	-1	-1	-1	-1	-1	-1	-1	-1	-1	-1	-1	-1	-1	-1
XMTQxNTc3MjE0OA==	26	29	31	28	-1	-1	-1	-1	-1	-1	-1	-1	-1	-1	-1	-1	-1	-1	-1	-1	-1	-1	-1	-1	-1	-1	-1	-1	-1	-1
XMTQxNjA5NjYyNA==	10	10	9	12	12	12	-1	-1	-1	-1	-1	-1	-1	-1	-1	-1	-1	-1	-1	-1	-1	-1	-1	-1	-1	-1	-1	-1	-1	-1
XMTQxNjA0NjYyNA==	154	201	250	285	-1	-1	-1	-1	-1	-1	-1	-1	-1	-1	-1	-1	-1	-1	-1	-1	-1	-1	-1	-1	-1	-1	-1	-1	-1	-1
XMTQxNjYxMTMwOA==	4	4	4	5	5	5	5	5	5	5	5	5	5	5	5	5	5	-1	-1	-1	-1	-1	-1	-1	-1	-1	-1	-1	-1	-1
XMTQxNTg3Mjc4MA==	4	5	5	-1	-1	-1	-1	-1	-1	-1	-1	-1	-1	-1	-1	-1	-1	-1	-1	-1	-1	-1	-1	-1	-1	-1	-1	-1	-1	-1
XMTQxNTczNjMzNg==	694	924	1190	1315	1471	1648	1828	2153	2259	2524	2646	2778	2915	3044	3194	3379	3566	3702	3806	-1	-1	-1	-1	-1	-1	-1	-1	-1	-1	-1
XMTQxNTg1MjQ3Ng==	2699	-1	-1	-1	-1	-1	-1	-1	-1	-1	-1	-1	-1	-1	-1	-1	-1	-1	-1	-1	-1	-1	-1	-1	-1	-1	-1	-1	-1	-1
XMTQxNjIyMTY2MA==	61	74	75	82	82	-1	-1	-1	-1	-1	-1	-1	-1	-1	-1	-1	-1	-1	-1	-1	-1	-1	-1	-1	-1	-1	-1	-1	-1	-1
XMTQxNjAwNzY2NA==	25	34	38	37	37	37	39	40	40	40	40	42	42	43	45	46	48	49	49	49	-1	-1	-1	-1	-1	-1	-1	-1	-1	-1
XMTQxNTgwNTgxMg==	78	88	90	92	94	-1	-1	-1	-1	-1	-1	-1	-1	-1	-1	-1	-1	-1	-1	-1	-1	-1	-1	-1	-1	-1	-1	-1	-1	-1
XMTQxNjQ2ODkyOA==	13	20	29	33	34	43	51	62	64	72	-1	-1	-1	-1	-1	-1	-1	-1	-1	-1	-1	-1	-1	-1	-1	-1	-1	-1	-1	-1
XMTQxNTczNjU3Mg==	854	905	897	905	924	929	929	930	934	935	935	935	936	936	937	937	938	939	940	-1	-1	-1	-1	-1	-1	-1	-1	-1	-1	-1
XMTQxNTg1ODUxNg==	53	74	89	96	107	120	124	230	291	311	323	407	461	483	-1	-1	-1	-1	-1	-1	-1	-1	-1	-1	-1	-1	-1	-1	-1	-1
XMTQxNzE0ODAwMA==	1	3	-1	-1	-1	-1	-1	-1	-1	-1	-1	-1	-1	-1	-1	-1	-1	-1	-1	-1	-1	-1	-1	-1	-1	-1	-1	-1	-1	-1
XMTQxNTg5MTM4NA==	18	22	22	22	22	22	22	25	27	27	27	27	27	27	32	43	44	44	44	45	45	46	-1	-1	-1	-1	-1	-1	-1	-1
XMTQxNTcyMjc0MA==	18	-1	-1	-1	-1	-1	-1	-1	-1	-1	-1	-1	-1	-1	-1	-1	-1	-1	-1	-1	-1	-1	-1	-1	-1	-1	-1	-1	-1	-1
XMTQxNTgxMzc4NA==	561	589	557	556	561	563	563	567	569	569	570	570	570	571	571	571	571	571	571	571	571	571	571	571	-1	-1	-1	-1	-1	-1
XMTQxNjA0MzczNg==	1435	3113	4946	6414	8109	-1	9069	9245	9362	9484	9556	9708	10117	10337	10736	10957	11076	11135	11193	11257	11311	11360	11412	11470	11504	11539	11574	11609	11630	11676
XMTQxNjMwMzY4MA==	752	1774	2597	2627	2576	2576	2597	2612	2621	2625	2629	2636	2640	2682	2688	2695	2696	2699	2716	2719	2720	2718	2718	-1	-1	-1	-1	-1	-1	-1
XMTQxNTg5ODA3Mg==	284	322	-1	-1	-1	-1	-1	-1	-1	-1	-1	-1	-1	-1	-1	-1	-1	-1	-1	-1	-1	-1	-1	-1	-1	-1	-1	-1	-1	-1
XMTQxNjgwODY0NA==	7	9	10	10	-1	-1	-1	-1	-1	-1	-1	-1	-1	-1	-1	-1	-1	-1	-1	-1	-1	-1	-1	-1	-1	-1	-1	-1	-1	-1
XMTQxNjMyMjY2MA==	15	20	22	21	24	25	25	26	28	29	30	32	33	34	35	39	43	44	45	48	-1	-1	-1	-1	-1	-1	-1	-1	-1	-1
XMTQxNTc0OTIzNg==	202	255	284	292	285	293	302	303	303	303	-1	-1	-1	-1	-1	-1	-1	-1	-1	-1	-1	-1	-1	-1	-1	-1	-1	-1	-1	-1
XMTQxNjY0MDYwMA==	9	10	10	9	9	9	9	-1	-1	-1	-1	-1	-1	-1	-1	-1	-1	-1	-1	-1	-1	-1	-1	-1	-1	-1	-1	-1	-1	-1
XMTQxNjgyMzE3Ng==	3	13	14	14	14	15	15	16	16	16	16	16	-1	-1	-1	-1	-1	-1	-1	-1	-1	-1	-1	-1	-1	-1	-1	-1	-1	-1
XMTQxNjg0NDAxMg==	6	17	19	19	18	18	18	20	20	21	21	21	21	21	21	21	21	21	21	21	21	21	22	22	22	22	-1	-1	-1	-1
XMTQxNjYzOTQwMA==	6	9	11	10	9	9	9	-1	-1	-1	-1	-1	-1	-1	-1	-1	-1	-1	-1	-1	-1	-1	-1	-1	-1	-1	-1	-1	-1	-1
XMTQxNjQxMzI4NA==	171	696	722	733	744	748	758	764	764	-1	-1	-1	-1	-1	-1	-1	-1	-1	-1	-1	-1	-1	-1	-1	-1	-1	-1	-1	-1	-1
XMTQxNTUyODkxMg==	1220	-1	-1	-1	-1	-1	-1	-1	-1	-1	-1	-1	-1	-1	-1	-1	-1	-1	-1	-1	-1	-1	-1	-1	-1	-1	-1	-1	-1	-1
XMTQxNjg2NjgyNA==	8	25	34	-1	-1	-1	-1	-1	-1	-1	-1	-1	-1	-1	-1	-1	-1	-1	-1	-1	-1	-1	-1	-1	-1	-1	-1	-1	-1	-1
XMTQxNTkxNzUzNg==	281	292	308	314	321	326	332	336	337	339	342	344	348	357	360	-1	-1	-1	-1	-1	-1	-1	-1	-1	-1	-1	-1	-1	-1	-1
XMTQxNTgzNzc0NA==	19	21	-1	-1	-1	-1	-1	-1	-1	-1	-1	-1	-1	-1	-1	-1	-1	-1	-1	-1	-1	-1	-1	-1	-1	-1	-1	-1	-1	-1
XMTQxNTcxMzcyNA==	11	-1	-1	-1	-1	-1	-1	-1	-1	-1	-1	-1	-1	-1	-1	-1	-1	-1	-1	-1	-1	-1	-1	-1	-1	-1	-1	-1	-1	-1
XMTQxNjUxNzIwOA==	95	96	96	93	-1	-1	-1	-1	-1	-1	-1	-1	-1	-1	-1	-1	-1	-1	-1	-1	-1	-1	-1	-1	-1	-1	-1	-1	-1	-1
XMTQxNjU5NzIyOA==	31	-1	-1	-1	-1	-1	-1	-1	-1	-1	-1	-1	-1	-1	-1	-1	-1	-1	-1	-1	-1	-1	-1	-1	-1	-1	-1	-1	-1	-1
XMTQxNjc2NTE0NA==	113	200	250	276	302	330	345	372	387	-1	-1	-1	-1	-1	-1	-1	-1	-1	-1	-1	-1	-1	-1	-1	-1	-1	-1	-1	-1	-1
XMTQxNjYyNDg2MA==	39	-1	-1	-1	-1	-1	-1	-1	-1	-1	-1	-1	-1	-1	-1	-1	-1	-1	-1	-1	-1	-1	-1	-1	-1	-1	-1	-1	-1	-1
XMTQxNjExNTkyMA==	113	115	108	-1	-1	-1	-1	-1	-1	-1	-1	-1	-1	-1	-1	-1	-1	-1	-1	-1	-1	-1	-1	-1	-1	-1	-1	-1	-1	-1
XMTQxNjUxMTc1Ng==	144	167	178	178	179	179	181	181	183	184	184	222	223	223	223	223	224	224	224	224	224	224	224	224	224	224	-1	-1	-1	-1
XMTQxNjQwOTUwNA==	200	-1	-1	-1	-1	-1	-1	-1	-1	-1	-1	-1	-1	-1	-1	-1	-1	-1	-1	-1	-1	-1	-1	-1	-1	-1	-1	-1	-1	-1
XMTQxNjY3MTMyOA==	184	505	750	854	-1	-1	-1	-1	-1	-1	-1	-1	-1	-1	-1	-1	-1	-1	-1	-1	-1	-1	-1	-1	-1	-1	-1	-1	-1	-1
XMTQxNTc0MjgxNg==	12	-1	-1	-1	-1	-1	-1	-1	-1	-1	-1	-1	-1	-1	-1	-1	-1	-1	-1	-1	-1	-1	-1	-1	-1	-1	-1	-1	-1	-1
XMTQxNjQ3NzE4MA==	185	-1	-1	-1	-1	-1	-1	-1	-1	-1	-1	-1	-1	-1	-1	-1	-1	-1	-1	-1	-1	-1	-1	-1	-1	-1	-1	-1	-1	-1
XMTQxNjEwNzUxNg==	19	22	23	-1	-1	-1	-1	-1	-1	-1	-1	-1	-1	-1	-1	-1	-1	-1	-1	-1	-1	-1	-1	-1	-1	-1	-1	-1	-1	-1
XMTQxNjU1NjAwNA==	25	29	30	29	29	29	30	30	30	30	30	30	30	30	30	30	30	30	30	30	30	30	30	-1	-1	-1	-1	-1	-1	-1
XMTQxNTkwMjcxMg==	11	14	14	14	14	15	15	-1	-1	-1	-1	-1	-1	-1	-1	-1	-1	-1	-1	-1	-1	-1	-1	-1	-1	-1	-1	-1	-1	-1
XMTQxNjYxMzY2MA==	31	53	55	56	58	57	58	59	59	60	60	60	60	60	60	62	62	62	62	63	63	-1	-1	-1	-1	-1	-1	-1	-1	-1
XMTQxNjM0NDYwMA==	10	-1	-1	-1	-1	-1	-1	-1	-1	-1	-1	-1	-1	-1	-1	-1	-1	-1	-1	-1	-1	-1	-1	-1	-1	-1	-1	-1	-1	-1
XMTQxNTk5MTQ5Mg==	1142	1239	1222	1222	1191	1192	1193	1193	1193	1194	1194	1195	1199	1199	1199	1200	1200	1204	1204	-1	-1	-1	-1	-1	-1	-1	-1	-1	-1	-1
XMTQxNzAzNzU2MA==	64	-1	-1	-1	-1	-1	-1	-1	-1	-1	-1	-1	-1	-1	-1	-1	-1	-1	-1	-1	-1	-1	-1	-1	-1	-1	-1	-1	-1	-1
XMTQxNTk1Mjk5Ng==	7	7	7	10	-1	-1	-1	-1	-1	-1	-1	-1	-1	-1	-1	-1	-1	-1	-1	-1	-1	-1	-1	-1	-1	-1	-1	-1	-1	-1
XMTQxNjQxNjY0OA==	14	17	17	16	17	17	17	17	17	17	17	17	17	17	17	17	17	17	17	-1	-1	-1	-1	-1	-1	-1	-1	-1	-1	-1
XMTQxNTcxMzA3Mg==	127	168	267	291	344	359	365	-1	-1	-1	-1	-1	-1	-1	-1	-1	-1	-1	-1	-1	-1	-1	-1	-1	-1	-1	-1	-1	-1	-1
XMTQxNTkxMjU1Ng==	451	-1	-1	-1	-1	-1	-1	-1	-1	-1	-1	-1	-1	-1	-1	-1	-1	-1	-1	-1	-1	-1	-1	-1	-1	-1	-1	-1	-1	-1
XMTQxNTcyMjQyMA==	4	4	4	4	4	4	4	-1	-1	-1	-1	-1	-1	-1	-1	-1	-1	-1	-1	-1	-1	-1	-1	-1	-1	-1	-1	-1	-1	-1
XMTQxNjM5NDMxMg==	70	113	161	167	167	167	168	168	168	169	169	168	-1	-1	-1	-1	-1	-1	-1	-1	-1	-1	-1	-1	-1	-1	-1	-1	-1	-1
XMTQxNjQ1NTc0OA==	53	58	59	60	61	61	61	-1	-1	-1	-1	-1	-1	-1	-1	-1	-1	-1	-1	-1	-1	-1	-1	-1	-1	-1	-1	-1	-1	-1
XMTQxNjYzMDIxNg==	680	-1	-1	-1	-1	-1	-1	-1	-1	-1	-1	-1	-1	-1	-1	-1	-1	-1	-1	-1	-1	-1	-1	-1	-1	-1	-1	-1	-1	-1
XMTQxNjM3MDk3Mg==	138	-1	-1	-1	-1	-1	-1	-1	-1	-1	-1	-1	-1	-1	-1	-1	-1	-1	-1	-1	-1	-1	-1	-1	-1	-1	-1	-1	-1	-1
XMTQxNzA3MTQ3Ng==	2	8	9	9	9	8	-1	-1	-1	-1	-1	-1	-1	-1	-1	-1	-1	-1	-1	-1	-1	-1	-1	-1	-1	-1	-1	-1	-1	-1
XMTQxNTYzNjgyOA==	209	221	189	201	213	214	209	208	208	209	209	209	210	211	211	212	-1	-1	-1	-1	-1	-1	-1	-1	-1	-1	-1	-1	-1	-1
XMTQxNjI2MDI2MA==	1110	1173	1214	1250	1275	1293	1298	1317	1322	1339	1350	1361	1370	1379	1387	1391	1405	1411	1417	1419	-1	-1	-1	-1	-1	-1	-1	-1	-1	-1
XMTQxNTgyMTQ2MA==	29	30	28	31	31	34	52	66	66	66	65	67	67	70	70	74	75	-1	-1	-1	-1	-1	-1	-1	-1	-1	-1	-1	-1	-1
XMTQxNTU0MTgyMA==	17	18	19	20	20	22	23	25	25	27	28	28	28	28	28	28	28	28	28	28	28	28	28	28	28	28	28	28	28	-1
XMTQxNTMxOTE5Ng==	2	13	22	23	22	20	21	22	22	-1	-1	-1	-1	-1	-1	-1	-1	-1	-1	-1	-1	-1	-1	-1	-1	-1	-1	-1	-1	-1
XMTQxNTc0OTY4NA==	24	32	33	-1	-1	-1	-1	-1	-1	-1	-1	-1	-1	-1	-1	-1	-1	-1	-1	-1	-1	-1	-1	-1	-1	-1	-1	-1	-1	-1
XMTQxNTcyMzE4NA==	110	116	116	118	118	118	-1	-1	-1	-1	-1	-1	-1	-1	-1	-1	-1	-1	-1	-1	-1	-1	-1	-1	-1	-1	-1	-1	-1	-1
XMTQxNTc0OTExMg==	38	48	54	59	58	64	69	69	69	69	-1	-1	-1	-1	-1	-1	-1	-1	-1	-1	-1	-1	-1	-1	-1	-1	-1	-1	-1	-1
XMTQxNjExNDQ5Ng==	10	11	12	13	13	-1	-1	-1	-1	-1	-1	-1	-1	-1	-1	-1	-1	-1	-1	-1	-1	-1	-1	-1	-1	-1	-1	-1	-1	-1
XMTQxNjkwNzA3Mg==	6	9	-1	-1	-1	-1	-1	-1	-1	-1	-1	-1	-1	-1	-1	-1	-1	-1	-1	-1	-1	-1	-1	-1	-1	-1	-1	-1	-1	-1
XMTQxNTc0NDQ3Mg==	65	253	365	373	372	378	387	386	386	388	-1	-1	-1	-1	-1	-1	-1	-1	-1	-1	-1	-1	-1	-1	-1	-1	-1	-1	-1	-1
XMTQxNjU4NTkzNg==	6	11	11	15	15	15	15	15	15	15	15	15	15	15	15	15	15	15	-1	-1	-1	-1	-1	-1	-1	-1	-1	-1	-1	-1
XMTQxNjI2NTEyMA==	84	134	183	206	221	230	238	246	247	252	264	273	273	273	273	273	273	273	273	273	273	273	273	273	273	273	273	-1	-1	-1
XMTQxNTY1Mzg3Ng==	23	25	-1	-1	-1	-1	-1	-1	-1	-1	-1	-1	-1	-1	-1	-1	-1	-1	-1	-1	-1	-1	-1	-1	-1	-1	-1	-1	-1	-1
XMTQxNjQwODQ0MA==	5	-1	-1	-1	-1	-1	-1	-1	-1	-1	-1	-1	-1	-1	-1	-1	-1	-1	-1	-1	-1	-1	-1	-1	-1	-1	-1	-1	-1	-1
XMTQxNTk3OTg3Ng==	115	136	152	176	202	-1	-1	-1	-1	-1	-1	-1	-1	-1	-1	-1	-1	-1	-1	-1	-1	-1	-1	-1	-1	-1	-1	-1	-1	-1
XMTQxNjc5OTc3Mg==	19	37	37	-1	-1	-1	-1	-1	-1	-1	-1	-1	-1	-1	-1	-1	-1	-1	-1	-1	-1	-1	-1	-1	-1	-1	-1	-1	-1	-1
XMTQxNjM0NDA3Ng==	108	158	-1	-1	-1	-1	-1	-1	-1	-1	-1	-1	-1	-1	-1	-1	-1	-1	-1	-1	-1	-1	-1	-1	-1	-1	-1	-1	-1	-1
XMTQxNjA4NzgxNg==	33	34	38	40	41	-1	-1	-1	-1	-1	-1	-1	-1	-1	-1	-1	-1	-1	-1	-1	-1	-1	-1	-1	-1	-1	-1	-1	-1	-1
XMTQxNjc3NDcyOA==	4	7	8	8	8	8	9	9	9	11	12	13	14	14	14	15	16	17	18	18	19	19	19	19	19	19	21	21	-1	-1
XMTQxNTk1MzEwOA==	24	43	64	-1	-1	-1	-1	-1	-1	-1	-1	-1	-1	-1	-1	-1	-1	-1	-1	-1	-1	-1	-1	-1	-1	-1	-1	-1	-1	-1
XMTQxNTY5ODc2NA==	152	-1	-1	-1	-1	-1	-1	-1	-1	-1	-1	-1	-1	-1	-1	-1	-1	-1	-1	-1	-1	-1	-1	-1	-1	-1	-1	-1	-1	-1
XMTQxNzA2NTYxMg==	2	10	11	13	13	13	-1	-1	-1	-1	-1	-1	-1	-1	-1	-1	-1	-1	-1	-1	-1	-1	-1	-1	-1	-1	-1	-1	-1	-1
XMTQxNjM3NzQ1Mg==	15	62	129	158	166	170	177	184	194	210	-1	-1	-1	-1	-1	-1	-1	-1	-1	-1	-1	-1	-1	-1	-1	-1	-1	-1	-1	-1
XMTQxNjI5NjI5Ng==	9	10	10	9	11	11	-1	-1	-1	-1	-1	-1	-1	-1	-1	-1	-1	-1	-1	-1	-1	-1	-1	-1	-1	-1	-1	-1	-1	-1
XMTQxNjk5OTE5Ng==	48055	-1	-1	-1	-1	-1	-1	-1	-1	-1	-1	-1	-1	-1	-1	-1	-1	-1	-1	-1	-1	-1	-1	-1	-1	-1	-1	-1	-1	-1
XMTQxNjY0MjI2OA==	5	6	6	3	3	3	3	-1	-1	-1	-1	-1	-1	-1	-1	-1	-1	-1	-1	-1	-1	-1	-1	-1	-1	-1	-1	-1	-1	-1
XMTQxNTQ5NTUwOA==	99	99	98	98	101	101	101	102	-1	-1	-1	-1	-1	-1	-1	-1	-1	-1	-1	-1	-1	-1	-1	-1	-1	-1	-1	-1	-1	-1
XMTQxNjIzNjY0OA==	118	161	173	171	169	170	170	171	171	171	171	172	173	173	173	173	175	176	177	177	176	176	176	-1	-1	-1	-1	-1	-1	-1
XMTQxNjg0Mzk2NA==	3	7	-1	-1	-1	-1	-1	-1	-1	-1	-1	-1	-1	-1	-1	-1	-1	-1	-1	-1	-1	-1	-1	-1	-1	-1	-1	-1	-1	-1
XMTQxNjE3Mzg5Mg==	17	17	17	17	17	17	17	17	17	17	17	17	17	17	17	17	17	-1	-1	-1	-1	-1	-1	-1	-1	-1	-1	-1	-1	-1
XMTQxNjA5Mzk2MA==	5	5	8	8	9	-1	-1	-1	-1	-1	-1	-1	-1	-1	-1	-1	-1	-1	-1	-1	-1	-1	-1	-1	-1	-1	-1	-1	-1	-1
XMTQxNjEzMzA4MA==	44	45	45	52	52	53	53	54	54	54	54	54	-1	-1	-1	-1	-1	-1	-1	-1	-1	-1	-1	-1	-1	-1	-1	-1	-1	-1
XMTQxNTkzOTk1Mg==	51	56	57	59	59	59	60	60	60	61	62	63	64	64	65	65	66	67	67	66	66	66	67	67	67	67	-1	-1	-1	-1
XMTQxNjIxMjAwNA==	2074	2185	2170	2159	2159	2165	2172	-1	-1	-1	-1	-1	-1	-1	-1	-1	-1	-1	-1	-1	-1	-1	-1	-1	-1	-1	-1	-1	-1	-1
XMTQxNjg1MzM4MA==	138	-1	-1	-1	-1	-1	-1	-1	-1	-1	-1	-1	-1	-1	-1	-1	-1	-1	-1	-1	-1	-1	-1	-1	-1	-1	-1	-1	-1	-1
XMTQxNTc5MjQxMg==	111	113	115	116	118	118	119	126	126	126	127	128	128	128	128	128	129	130	130	131	131	131	131	131	131	-1	-1	-1	-1	-1
XMTQxNjY0MjY0NA==	5	5	5	5	5	5	5	-1	-1	-1	-1	-1	-1	-1	-1	-1	-1	-1	-1	-1	-1	-1	-1	-1	-1	-1	-1	-1	-1	-1
XMTQxNjE2MTMyOA==	63	103	129	-1	-1	-1	-1	-1	-1	-1	-1	-1	-1	-1	-1	-1	-1	-1	-1	-1	-1	-1	-1	-1	-1	-1	-1	-1	-1	-1
XMTQxNTk5MTAzMg==	120	121	120	119	119	119	120	120	120	120	120	120	120	120	120	120	120	-1	-1	-1	-1	-1	-1	-1	-1	-1	-1	-1	-1	-1
XMTQxNjI4NjYyMA==	2	2	2	-1	-1	-1	-1	-1	-1	-1	-1	-1	-1	-1	-1	-1	-1	-1	-1	-1	-1	-1	-1	-1	-1	-1	-1	-1	-1	-1
XMTQxNTk4ODIxNg==	97	140	184	204	219	275	301	-1	-1	-1	-1	-1	-1	-1	-1	-1	-1	-1	-1	-1	-1	-1	-1	-1	-1	-1	-1	-1	-1	-1
XMTQxNjUyMDY0NA==	2507	4825	9898	19588	29713	39857	45564	-1	-1	-1	-1	-1	-1	-1	-1	-1	-1	-1	-1	-1	-1	-1	-1	-1	-1	-1	-1	-1	-1	-1
XMTQxNjYzOTAzNg==	4	4	4	3	3	3	3	-1	-1	-1	-1	-1	-1	-1	-1	-1	-1	-1	-1	-1	-1	-1	-1	-1	-1	-1	-1	-1	-1	-1
XMTQxNjI3MDM4NA==	116	123	124	126	126	-1	-1	-1	-1	-1	-1	-1	-1	-1	-1	-1	-1	-1	-1	-1	-1	-1	-1	-1	-1	-1	-1	-1	-1	-1
XMTQxNTgxMzA0NA==	31	31	32	32	32	32	37	37	37	37	37	41	44	45	45	45	45	46	-1	-1	-1	-1	-1	-1	-1	-1	-1	-1	-1	-1
XMTQxNjMxMzA4MA==	428	459	-1	-1	-1	-1	-1	-1	-1	-1	-1	-1	-1	-1	-1	-1	-1	-1	-1	-1	-1	-1	-1	-1	-1	-1	-1	-1	-1	-1
XMTQxNjc5Mzk4MA==	27	36	36	-1	-1	-1	-1	-1	-1	-1	-1	-1	-1	-1	-1	-1	-1	-1	-1	-1	-1	-1	-1	-1	-1	-1	-1	-1	-1	-1
XMTQxNjc1MDg0OA==	7	-1	-1	-1	-1	-1	-1	-1	-1	-1	-1	-1	-1	-1	-1	-1	-1	-1	-1	-1	-1	-1	-1	-1	-1	-1	-1	-1	-1	-1
XMTQxNTcxMDcxNg==	337	463	-1	-1	-1	-1	-1	-1	-1	-1	-1	-1	-1	-1	-1	-1	-1	-1	-1	-1	-1	-1	-1	-1	-1	-1	-1	-1	-1	-1
XMTQxNjE4MjEwMA==	7	8	8	-1	-1	-1	-1	-1	-1	-1	-1	-1	-1	-1	-1	-1	-1	-1	-1	-1	-1	-1	-1	-1	-1	-1	-1	-1	-1	-1
XMTQxNjE4NTYyNA==	10	10	12	12	15	16	16	16	16	16	16	16	16	16	16	19	19	-1	-1	-1	-1	-1	-1	-1	-1	-1	-1	-1	-1	-1
XMTQxNjQ5MTUyNA==	16	17	18	19	20	20	26	26	26	26	26	26	26	27	27	27	-1	-1	-1	-1	-1	-1	-1	-1	-1	-1	-1	-1	-1	-1
XMTQxNTkxODIyNA==	23	36	65	-1	-1	-1	-1	-1	-1	-1	-1	-1	-1	-1	-1	-1	-1	-1	-1	-1	-1	-1	-1	-1	-1	-1	-1	-1	-1	-1
XMTQxNjkxODY0NA==	2	2	2	2	2	2	2	2	2	2	2	2	2	2	2	2	2	2	2	-1	-1	-1	-1	-1	-1	-1	-1	-1	-1	-1
XMTQxNTgwNTQwMA==	122	132	132	-1	-1	-1	-1	-1	-1	-1	-1	-1	-1	-1	-1	-1	-1	-1	-1	-1	-1	-1	-1	-1	-1	-1	-1	-1	-1	-1
XMTQxNTg4NDQ0NA==	10	11	10	10	10	10	-1	-1	-1	-1	-1	-1	-1	-1	-1	-1	-1	-1	-1	-1	-1	-1	-1	-1	-1	-1	-1	-1	-1	-1
XMTQxNjY4MjgwMA==	18	-1	-1	-1	-1	-1	-1	-1	-1	-1	-1	-1	-1	-1	-1	-1	-1	-1	-1	-1	-1	-1	-1	-1	-1	-1	-1	-1	-1	-1
XMTQxNTgwNTg5Ng==	33	41	41	41	41	41	41	41	41	41	41	41	41	-1	-1	-1	-1	-1	-1	-1	-1	-1	-1	-1	-1	-1	-1	-1	-1	-1
XMTQxNjIyNjYzMg==	10	10	7	-1	-1	-1	-1	-1	-1	-1	-1	-1	-1	-1	-1	-1	-1	-1	-1	-1	-1	-1	-1	-1	-1	-1	-1	-1	-1	-1
XMTQxNTg2ODk3Mg==	11	11	11	11	11	11	11	-1	-1	-1	-1	-1	-1	-1	-1	-1	-1	-1	-1	-1	-1	-1	-1	-1	-1	-1	-1	-1	-1	-1
XMTQxNjI5NzEzMg==	3	3	3	3	-1	-1	-1	-1	-1	-1	-1	-1	-1	-1	-1	-1	-1	-1	-1	-1	-1	-1	-1	-1	-1	-1	-1	-1	-1	-1
XMTQxNjkyNzEzMg==	4	7	8	8	-1	-1	-1	-1	-1	-1	-1	-1	-1	-1	-1	-1	-1	-1	-1	-1	-1	-1	-1	-1	-1	-1	-1	-1	-1	-1
XMTQxNjQ4NTc4OA==	11	12	12	10	-1	-1	-1	-1	-1	-1	-1	-1	-1	-1	-1	-1	-1	-1	-1	-1	-1	-1	-1	-1	-1	-1	-1	-1	-1	-1
XMTQxNjExMjI2OA==	158	211	219	216	215	219	221	223	224	223	225	226	226	226	228	229	229	230	229	229	229	229	229	-1	-1	-1	-1	-1	-1	-1
XMTQxNjIyMTE5Ng==	37	40	-1	-1	-1	-1	-1	-1	-1	-1	-1	-1	-1	-1	-1	-1	-1	-1	-1	-1	-1	-1	-1	-1	-1	-1	-1	-1	-1	-1
XMTQxNTc2MDI2NA==	54	59	54	55	57	-1	-1	-1	-1	-1	-1	-1	-1	-1	-1	-1	-1	-1	-1	-1	-1	-1	-1	-1	-1	-1	-1	-1	-1	-1
XMTQxNjY2NDczMg==	1214	1526	1639	1676	1733	1779	-1	-1	-1	-1	-1	-1	-1	-1	-1	-1	-1	-1	-1	-1	-1	-1	-1	-1	-1	-1	-1	-1	-1	-1
XMTQxNTgxNjQzNg==	85	89	92	89	91	92	-1	-1	-1	-1	-1	-1	-1	-1	-1	-1	-1	-1	-1	-1	-1	-1	-1	-1	-1	-1	-1	-1	-1	-1
XMTQxNTgxMzEwOA==	19	20	20	29	31	37	40	2141	-1	-1	-1	-1	-1	-1	-1	-1	-1	-1	-1	-1	-1	-1	-1	-1	-1	-1	-1	-1	-1	-1
XMTQxNjExMDAzNg==	34	38	40	40	41	41	41	42	42	42	44	45	45	45	45	45	45	46	46	48	48	49	49	-1	-1	-1	-1	-1	-1	-1
XMTQxNTUzODA3Mg==	14	16	17	18	20	21	22	27	27	29	29	29	29	29	29	29	29	30	32	32	32	32	32	32	32	32	32	32	32	-1
XMTQxNjEwODAxNg==	5	6	8	7	7	-1	-1	-1	-1	-1	-1	-1	-1	-1	-1	-1	-1	-1	-1	-1	-1	-1	-1	-1	-1	-1	-1	-1	-1	-1
XMTQxNjkxMjc2MA==	79830	-1	-1	-1	-1	-1	-1	-1	-1	-1	-1	-1	-1	-1	-1	-1	-1	-1	-1	-1	-1	-1	-1	-1	-1	-1	-1	-1	-1	-1
XMTQxNjE4MDM3Ng==	132	173	187	198	209	213	216	218	218	219	-1	-1	-1	-1	-1	-1	-1	-1	-1	-1	-1	-1	-1	-1	-1	-1	-1	-1	-1	-1
XMTQxNTUyODAyNA==	10	12	13	16	19	19	19	25	30	31	32	32	32	32	32	32	32	32	32	32	32	32	32	32	32	32	32	32	32	-1
XMTQxNjEyOTE3Mg==	12	14	13	-1	-1	-1	-1	-1	-1	-1	-1	-1	-1	-1	-1	-1	-1	-1	-1	-1	-1	-1	-1	-1	-1	-1	-1	-1	-1	-1
XMTQxNjY0MTk3Ng==	8	11	12	12	11	11	11	11	11	11	11	11	11	11	11	11	11	11	11	11	-1	-1	-1	-1	-1	-1	-1	-1	-1	-1
XMTQxNjY1MzQ2MA==	13	19	-1	-1	-1	-1	-1	-1	-1	-1	-1	-1	-1	-1	-1	-1	-1	-1	-1	-1	-1	-1	-1	-1	-1	-1	-1	-1	-1	-1
XMTQxNTgxMTcwOA==	101	121	137	151	158	164	165	169	173	175	176	178	183	184	197	196	196	198	-1	-1	-1	-1	-1	-1	-1	-1	-1	-1	-1	-1
XMTQxNjQ4ODE0OA==	228	293	337	351	355	362	362	363	365	366	366	368	368	368	368	368	369	369	371	372	372	-1	-1	-1	-1	-1	-1	-1	-1	-1
XMTQxNjM2NDM0MA==	99	106	107	106	106	-1	-1	-1	-1	-1	-1	-1	-1	-1	-1	-1	-1	-1	-1	-1	-1	-1	-1	-1	-1	-1	-1	-1	-1	-1
XMTQxNTgyMTcwNA==	34	35	35	35	35	35	55	81	82	84	84	85	85	86	86	86	86	-1	-1	-1	-1	-1	-1	-1	-1	-1	-1	-1	-1	-1
XMTQxNzA0MzU4MA==	3	8	12	-1	-1	-1	-1	-1	-1	-1	-1	-1	-1	-1	-1	-1	-1	-1	-1	-1	-1	-1	-1	-1	-1	-1	-1	-1	-1	-1
XMTQxNTk3NTg0NA==	37	42	-1	-1	-1	-1	-1	-1	-1	-1	-1	-1	-1	-1	-1	-1	-1	-1	-1	-1	-1	-1	-1	-1	-1	-1	-1	-1	-1	-1
XMTQxNjA4MTg2MA==	7	9	10	10	10	-1	-1	-1	-1	-1	-1	-1	-1	-1	-1	-1	-1	-1	-1	-1	-1	-1	-1	-1	-1	-1	-1	-1	-1	-1
XMTQxNjA0OTI2NA==	76	88	93	94	93	93	93	-1	-1	-1	-1	-1	-1	-1	-1	-1	-1	-1	-1	-1	-1	-1	-1	-1	-1	-1	-1	-1	-1	-1
XMTQxNTkyNTAzMg==	86	96	104	115	118	125	131	134	139	140	152	152	154	154	-1	-1	-1	-1	-1	-1	-1	-1	-1	-1	-1	-1	-1	-1	-1	-1
XMTQxNTczMTYyNA==	8	8	8	8	10	10	10	-1	-1	-1	-1	-1	-1	-1	-1	-1	-1	-1	-1	-1	-1	-1	-1	-1	-1	-1	-1	-1	-1	-1
XMTQxNTg2NDg0OA==	86	96	106	111	113	114	114	113	115	116	117	117	117	117	117	117	117	117	117	117	117	117	117	117	117	117	117	-1	-1	-1
XMTQxNjExMzQ3Ng==	6	6	13	15	15	-1	-1	-1	-1	-1	-1	-1	-1	-1	-1	-1	-1	-1	-1	-1	-1	-1	-1	-1	-1	-1	-1	-1	-1	-1
XMTQxNjEwMDUwMA==	17	21	23	22	22	-1	-1	-1	-1	-1	-1	-1	-1	-1	-1	-1	-1	-1	-1	-1	-1	-1	-1	-1	-1	-1	-1	-1	-1	-1
XMTQxNTU0OTMzNg==	21	26	29	33	33	35	38	40	40	43	45	45	45	45	45	45	45	45	45	48	48	48	48	48	48	48	48	48	48	-1
XMTQxNTg2OTUyOA==	62	79	90	91	-1	-1	-1	-1	-1	-1	-1	-1	-1	-1	-1	-1	-1	-1	-1	-1	-1	-1	-1	-1	-1	-1	-1	-1	-1	-1
XMTQxNjk5ODQwOA==	13	-1	-1	-1	-1	-1	-1	-1	-1	-1	-1	-1	-1	-1	-1	-1	-1	-1	-1	-1	-1	-1	-1	-1	-1	-1	-1	-1	-1	-1
XMTQxNTc0NjYzNg==	48	48	52	-1	-1	-1	-1	-1	-1	-1	-1	-1	-1	-1	-1	-1	-1	-1	-1	-1	-1	-1	-1	-1	-1	-1	-1	-1	-1	-1
XMTQxNjU4NjMxNg==	6	8	8	8	8	8	8	8	8	8	8	8	8	8	8	8	8	8	-1	-1	-1	-1	-1	-1	-1	-1	-1	-1	-1	-1
XMTQxNjcyMzM4NA==	6408	8289	9040	-1	-1	-1	-1	-1	-1	-1	-1	-1	-1	-1	-1	-1	-1	-1	-1	-1	-1	-1	-1	-1	-1	-1	-1	-1	-1	-1
XMTQxNjQ4NjU5Ng==	105	166	195	202	202	201	201	201	201	205	206	206	206	206	207	207	207	207	207	207	207	-1	-1	-1	-1	-1	-1	-1	-1	-1
XMTQxNjE0MTM3Mg==	112	-1	-1	-1	-1	-1	-1	-1	-1	-1	-1	-1	-1	-1	-1	-1	-1	-1	-1	-1	-1	-1	-1	-1	-1	-1	-1	-1	-1	-1
XMTQxNjM5MTUzNg==	5	5	5	-1	-1	-1	-1	-1	-1	-1	-1	-1	-1	-1	-1	-1	-1	-1	-1	-1	-1	-1	-1	-1	-1	-1	-1	-1	-1	-1
XMTQxNjMxMDk1Ng==	7	41	54	54	55	55	55	61	61	61	-1	-1	-1	-1	-1	-1	-1	-1	-1	-1	-1	-1	-1	-1	-1	-1	-1	-1	-1	-1
XMTQxNjI2ODAxNg==	250	292	411	421	427	432	434	446	459	470	474	480	482	486	489	494	495	495	495	495	495	495	495	-1	-1	-1	-1	-1	-1	-1
XMTQxNjY4NDY0NA==	3039	3040	3040	12	12	12	12	12	12	12	12	12	12	12	12	12	12	12	12	12	12	12	12	12	12	12	12	-1	-1	-1
XMTQxNTUyNzM5Mg==	15	17	14	19	21	21	22	26	26	27	27	27	27	27	27	27	27	29	29	29	29	29	29	29	29	29	29	29	29	-1
XMTQxNjExNTc5Mg==	345	481	563	628	670	-1	701	765	777	805	823	847	860	870	885	899	922	941	953	964	976	987	993	1005	1013	1026	1031	1045	1053	1068
XMTQxNjM3MDQ5Mg==	2	2	2	-1	-1	-1	-1	-1	-1	-1	-1	-1	-1	-1	-1	-1	-1	-1	-1	-1	-1	-1	-1	-1	-1	-1	-1	-1	-1	-1
XMTQxNjExNDk2OA==	25	26	25	-1	-1	-1	-1	-1	-1	-1	-1	-1	-1	-1	-1	-1	-1	-1	-1	-1	-1	-1	-1	-1	-1	-1	-1	-1	-1	-1
XMTQxNTg3MjkzMg==	41	46	47	-1	-1	-1	-1	-1	-1	-1	-1	-1	-1	-1	-1	-1	-1	-1	-1	-1	-1	-1	-1	-1	-1	-1	-1	-1	-1	-1
XMTQxNTg2Mzk0MA==	7	11	12	11	11	11	13	13	13	13	13	16	16	16	16	16	16	19	19	19	19	-1	-1	-1	-1	-1	-1	-1	-1	-1
XMTQxNjI5ODIzMg==	64	73	-1	-1	-1	-1	-1	-1	-1	-1	-1	-1	-1	-1	-1	-1	-1	-1	-1	-1	-1	-1	-1	-1	-1	-1	-1	-1	-1	-1
XMTQxNjQ2NzA2NA==	18	-1	-1	-1	-1	-1	-1	-1	-1	-1	-1	-1	-1	-1	-1	-1	-1	-1	-1	-1	-1	-1	-1	-1	-1	-1	-1	-1	-1	-1
XMTQxNjM1NjY4MA==	210	566	875	976	1069	1191	1300	1560	1714	1984	-1	-1	-1	-1	-1	-1	-1	-1	-1	-1	-1	-1	-1	-1	-1	-1	-1	-1	-1	-1
XMTQxNjI2ODc1Ng==	14	-1	-1	-1	-1	-1	-1	-1	-1	-1	-1	-1	-1	-1	-1	-1	-1	-1	-1	-1	-1	-1	-1	-1	-1	-1	-1	-1	-1	-1
XMTQxNTc1NTU2NA==	63	70	71	83	98	100	102	102	102	102	102	103	105	106	106	107	107	110	114	114	118	121	-1	-1	-1	-1	-1	-1	-1	-1
XMTQxNTkyMDQxMg==	25	25	25	24	24	24	24	24	24	24	26	26	-1	-1	-1	-1	-1	-1	-1	-1	-1	-1	-1	-1	-1	-1	-1	-1	-1	-1
XMTQxNjE2NDI2OA==	5	8	8	8	9	9	9	10	10	11	11	11	14	14	14	14	15	15	15	15	15	15	15	15	-1	-1	-1	-1	-1	-1
XMTQxNjM5NDg2NA==	77	156	192	225	235	241	246	253	259	270	271	278	281	282	284	288	291	-1	-1	-1	-1	-1	-1	-1	-1	-1	-1	-1	-1	-1
XMTQxNjYyMTc0NA==	24	42	45	49	51	54	56	57	60	60	62	63	67	70	72	75	76	77	77	77	77	77	77	-1	-1	-1	-1	-1	-1	-1
XMTQxNjExMTI3Mg==	3	4	6	6	6	-1	-1	-1	-1	-1	-1	-1	-1	-1	-1	-1	-1	-1	-1	-1	-1	-1	-1	-1	-1	-1	-1	-1	-1	-1
XMTQxNjQ4NjkyMA==	107	176	213	225	231	233	233	235	236	243	245	245	244	246	247	247	247	246	247	247	247	-1	-1	-1	-1	-1	-1	-1	-1	-1
XMTQxNTgzMDMwOA==	165	191	210	222	233	235	241	255	256	260	263	268	270	283	294	303	311	317	322	324	333	341	342	344	349	350	-1	-1	-1	-1
XMTQxNjY4ODYyOA==	315	-1	-1	-1	-1	-1	-1	-1	-1	-1	-1	-1	-1	-1	-1	-1	-1	-1	-1	-1	-1	-1	-1	-1	-1	-1	-1	-1	-1	-1
XMTQxNTUyNDA3Ng==	1070	-1	-1	-1	-1	-1	-1	-1	-1	-1	-1	-1	-1	-1	-1	-1	-1	-1	-1	-1	-1	-1	-1	-1	-1	-1	-1	-1	-1	-1
XMTQxNjkwMjE4OA==	2	2	2	2	-1	-1	-1	-1	-1	-1	-1	-1	-1	-1	-1	-1	-1	-1	-1	-1	-1	-1	-1	-1	-1	-1	-1	-1	-1	-1
XMTQxNjE0NTQ2NA==	59	63	63	63	66	67	70	71	71	71	71	-1	-1	-1	-1	-1	-1	-1	-1	-1	-1	-1	-1	-1	-1	-1	-1	-1	-1	-1
XMTQxNjk0MDQ2NA==	67	134	180	216	234	261	286	316	332	367	385	400	415	424	442	-1	-1	-1	-1	-1	-1	-1	-1	-1	-1	-1	-1	-1	-1	-1
XMTQxNjE1MjE4NA==	499	538	541	547	553	557	562	567	571	581	582	582	581	582	585	589	590	590	590	591	592	593	594	598	600	602	-1	-1	-1	-1
XMTQxNjI1NDgzMg==	76	94	108	-1	-1	-1	-1	-1	-1	-1	-1	-1	-1	-1	-1	-1	-1	-1	-1	-1	-1	-1	-1	-1	-1	-1	-1	-1	-1	-1
XMTQxNTgxMTgyNA==	101	103	104	108	111	111	117	117	117	118	118	118	118	-1	-1	-1	-1	-1	-1	-1	-1	-1	-1	-1	-1	-1	-1	-1	-1	-1
XMTQxNjA0MDk1Mg==	6	6	6	6	6	6	6	6	6	6	6	-1	-1	-1	-1	-1	-1	-1	-1	-1	-1	-1	-1	-1	-1	-1	-1	-1	-1	-1
XMTQxNzE3NjY5Mg==	5	-1	-1	-1	-1	-1	-1	-1	-1	-1	-1	-1	-1	-1	-1	-1	-1	-1	-1	-1	-1	-1	-1	-1	-1	-1	-1	-1	-1	-1
XMTQxNjk4NDk0OA==	5	15	-1	-1	-1	-1	-1	-1	-1	-1	-1	-1	-1	-1	-1	-1	-1	-1	-1	-1	-1	-1	-1	-1	-1	-1	-1	-1	-1	-1
XMTQxNzEzNDM3Ng==	42	-1	-1	-1	-1	-1	-1	-1	-1	-1	-1	-1	-1	-1	-1	-1	-1	-1	-1	-1	-1	-1	-1	-1	-1	-1	-1	-1	-1	-1
XMTQxNjY0NDc4OA==	9	12	12	11	11	11	11	-1	-1	-1	-1	-1	-1	-1	-1	-1	-1	-1	-1	-1	-1	-1	-1	-1	-1	-1	-1	-1	-1	-1
XMTQxNjI4Mzg4MA==	220	-1	-1	-1	-1	-1	-1	-1	-1	-1	-1	-1	-1	-1	-1	-1	-1	-1	-1	-1	-1	-1	-1	-1	-1	-1	-1	-1	-1	-1
XMTQxNjAwNDE5Mg==	284	322	347	356	361	360	369	377	381	385	393	395	395	400	405	408	409	409	411	-1	-1	-1	-1	-1	-1	-1	-1	-1	-1	-1
XMTQxNTQ5MTkyNA==	107	114	120	123	125	126	127	127	127	127	127	127	127	127	127	127	127	128	128	128	130	131	132	132	-1	-1	-1	-1	-1	-1
XMTQxNjM1MzcyOA==	44	-1	-1	-1	-1	-1	-1	-1	-1	-1	-1	-1	-1	-1	-1	-1	-1	-1	-1	-1	-1	-1	-1	-1	-1	-1	-1	-1	-1	-1
XMTQxNjE2MTQ4OA==	341	355	379	380	380	375	375	376	376	376	376	376	377	377	377	377	377	377	377	377	377	377	377	-1	-1	-1	-1	-1	-1	-1
XMTQxNjA1NDYxMg==	25	26	23	23	23	23	23	22	22	22	-1	-1	-1	-1	-1	-1	-1	-1	-1	-1	-1	-1	-1	-1	-1	-1	-1	-1	-1	-1
XMTQxNjI4MTYzMg==	44	104	119	-1	-1	-1	-1	-1	-1	-1	128	129	129	132	137	140	143	143	143	143	144	144	144	144	144	144	145	146	146	147
XMTQxNTUzNzY3Mg==	15	18	19	26	33	37	42	43	44	45	47	47	47	47	47	47	47	52	52	52	52	52	52	52	52	52	52	52	52	-1
XMTQxNjc0MjY2MA==	7	7	7	7	7	-1	-1	-1	-1	-1	-1	-1	-1	-1	-1	-1	-1	-1	-1	-1	-1	-1	-1	-1	-1	-1	-1	-1	-1	-1
XMTQxNjM4NjE3Mg==	36	40	43	-1	-1	-1	-1	-1	-1	-1	-1	-1	-1	-1	-1	-1	-1	-1	-1	-1	-1	-1	-1	-1	-1	-1	-1	-1	-1	-1
XMTQxNzA2MjgyMA==	2	-1	-1	-1	-1	-1	-1	-1	-1	-1	-1	-1	-1	-1	-1	-1	-1	-1	-1	-1	-1	-1	-1	-1	-1	-1	-1	-1	-1	-1
XMTQxNjA1NzQxMg==	956	1044	1113	1157	1807	3507	4286	5136	5266	5593	5805	5981	6093	6216	6324	6479	6604	6672	6737	6794	6839	6885	6924	6977	-1	-1	-1	-1	-1	-1
XMTQxNjEzODYwOA==	1031	1245	1320	1336	1354	1370	1378	1449	1468	1477	1482	1484	1487	1489	1495	1504	1515	1518	1519	1521	1522	1523	1526	1527	1529	1543	-1	-1	-1	-1
XMTQxNTU2NTkzMg==	434	467	-1	-1	-1	-1	-1	-1	-1	-1	-1	-1	-1	-1	-1	-1	-1	-1	-1	-1	-1	-1	-1	-1	-1	-1	-1	-1	-1	-1
XMTQxNjQ4NjQ0NA==	156	321	407	451	454	455	451	454	463	466	467	468	468	468	474	476	477	477	477	477	477	-1	-1	-1	-1	-1	-1	-1	-1	-1
XMTQxNjc5NTgyMA==	22	36	36	-1	-1	-1	-1	-1	-1	-1	-1	-1	-1	-1	-1	-1	-1	-1	-1	-1	-1	-1	-1	-1	-1	-1	-1	-1	-1	-1
XMTQxNjkxNzIzNg==	2	2	2	2	2	2	2	2	2	2	2	2	2	2	2	2	2	2	2	-1	-1	-1	-1	-1	-1	-1	-1	-1	-1	-1
XMTQxNTg1MjIwNA==	26	26	26	26	26	26	31	31	31	31	31	35	38	39	39	39	39	40	-1	-1	-1	-1	-1	-1	-1	-1	-1	-1	-1	-1
XMTQxNTcxODA1Ng==	12	14	15	17	17	18	18	18	18	18	18	18	18	18	18	18	18	18	20	23	26	-1	-1	-1	-1	-1	-1	-1	-1	-1
XMTQxNjI0MDQyMA==	112	115	115	116	118	119	124	125	125	126	126	129	129	-1	-1	-1	-1	-1	-1	-1	-1	-1	-1	-1	-1	-1	-1	-1	-1	-1
XMTQxNjY2MDYxNg==	21	24	24	22	22	22	22	23	-1	-1	-1	-1	-1	-1	-1	-1	-1	-1	-1	-1	-1	-1	-1	-1	-1	-1	-1	-1	-1	-1
XMTQxNjE5Mjg1Mg==	235	-1	-1	-1	-1	-1	-1	-1	-1	-1	-1	-1	-1	-1	-1	-1	-1	-1	-1	-1	-1	-1	-1	-1	-1	-1	-1	-1	-1	-1
XMTQxNjkzMjI5Mg==	18	20	24	25	237	257	-1	-1	-1	-1	-1	-1	-1	-1	-1	-1	-1	-1	-1	-1	-1	-1	-1	-1	-1	-1	-1	-1	-1	-1
XMTQxNjcxODcwMA==	477	-1	-1	-1	-1	-1	-1	-1	-1	-1	-1	-1	-1	-1	-1	-1	-1	-1	-1	-1	-1	-1	-1	-1	-1	-1	-1	-1	-1	-1
XMTQxNjM2OTcwMA==	8	14	14	14	13	-1	-1	-1	-1	-1	-1	-1	-1	-1	-1	-1	-1	-1	-1	-1	-1	-1	-1	-1	-1	-1	-1	-1	-1	-1
XMTQxNjE1ODQxNg==	24	-1	-1	-1	-1	-1	-1	-1	-1	-1	-1	-1	-1	-1	-1	-1	-1	-1	-1	-1	-1	-1	-1	-1	-1	-1	-1	-1	-1	-1
XMTQxNjEzODY5Ng==	568	635	628	631	633	640	644	649	652	659	662	664	664	664	664	666	666	667	668	669	669	669	676	676	677	678	-1	-1	-1	-1
XMTQxNjE0MTUyMA==	82	-1	-1	-1	-1	-1	-1	-1	-1	-1	-1	-1	-1	-1	-1	-1	-1	-1	-1	-1	-1	-1	-1	-1	-1	-1	-1	-1	-1	-1
XMTQxNjY0NTUyNA==	4	4	4	4	4	4	4	-1	-1	-1	-1	-1	-1	-1	-1	-1	-1	-1	-1	-1	-1	-1	-1	-1	-1	-1	-1	-1	-1	-1
XMTQxNTgzMDgyOA==	70	76	78	84	85	89	103	115	115	117	118	120	121	123	123	128	130	130	134	134	134	136	138	141	141	141	-1	-1	-1	-1
XMTQxNjA1Nzg5Mg==	60	85	90	86	88	95	97	104	104	104	-1	-1	-1	-1	-1	-1	-1	-1	-1	-1	-1	-1	-1	-1	-1	-1	-1	-1	-1	-1
XMTQxNjI0MjAwMA==	13	22	29	30	32	31	31	32	33	41	41	37	37	37	38	38	39	39	40	40	40	39	-1	-1	-1	-1	-1	-1	-1	-1
XMTQxNjU2Mjk3Mg==	23	25	26	26	26	26	26	26	26	28	28	28	28	28	28	28	28	28	28	28	28	28	28	28	28	-1	-1	-1	-1	-1
XMTQxNTc2ODAwMA==	80	100	115	123	132	142	151	178	182	194	204	210	210	210	210	210	210	210	210	210	210	210	210	210	210	210	210	-1	-1	-1
XMTQxNjE3MjMwNA==	999	1332	1446	1564	-1	-1	-1	-1	-1	-1	-1	-1	-1	-1	-1	-1	-1	-1	-1	-1	-1	-1	-1	-1	-1	-1	-1	-1	-1	-1
XMTQxNjUzMjM5Ng==	7	14	15	24	24	23	23	23	23	-1	-1	-1	-1	-1	-1	-1	-1	-1	-1	-1	-1	-1	-1	-1	-1	-1	-1	-1	-1	-1
XMTQxNjE1NjE0NA==	401	519	609	685	783	876	951	1098	1187	1310	1351	1392	1420	1457	1527	1581	1634	1652	1666	1686	1699	1706	1740	1780	1786	1796	-1	-1	-1	-1
XMTQxNTg1ODQ0NA==	95	103	104	104	103	103	103	104	104	104	105	106	106	106	106	106	107	107	108	108	108	109	109	110	110	110	-1	-1	-1	-1
XMTQxNjAxNzIxMg==	968	992	958	957	963	965	968	971	973	974	975	975	975	975	977	977	977	977	977	-1	-1	-1	-1	-1	-1	-1	-1	-1	-1	-1
XMTQxNTk0MDA2MA==	24	25	25	25	26	26	30	31	31	31	31	35	38	39	39	39	39	40	-1	-1	-1	-1	-1	-1	-1	-1	-1	-1	-1	-1
XMTQxNTczMDg2OA==	6	6	7	7	7	7	8	8	8	8	8	10	10	10	11	11	11	13	13	-1	-1	-1	-1	-1	-1	-1	-1	-1	-1	-1
XMTQxNjYyMzU5Ng==	30	45	49	48	-1	-1	-1	-1	-1	-1	-1	-1	-1	-1	-1	-1	-1	-1	-1	-1	-1	-1	-1	-1	-1	-1	-1	-1	-1	-1
XMTQxNjM3OTgxNg==	40	-1	-1	-1	-1	-1	-1	-1	-1	-1	-1	-1	-1	-1	-1	-1	-1	-1	-1	-1	-1	-1	-1	-1	-1	-1	-1	-1	-1	-1
XMTQxNTY5MDk0NA==	46	47	43	-1	-1	-1	-1	-1	-1	-1	-1	-1	-1	-1	-1	-1	-1	-1	-1	-1	-1	-1	-1	-1	-1	-1	-1	-1	-1	-1
XMTQxNjA4MTIzNg==	12	14	15	15	15	-1	-1	-1	-1	-1	-1	-1	-1	-1	-1	-1	-1	-1	-1	-1	-1	-1	-1	-1	-1	-1	-1	-1	-1	-1
XMTQxNTczNjU3Ng==	798	940	1115	1233	1335	1429	1583	1774	1835	1970	2046	2131	2192	2287	2407	2504	2684	2762	2812	-1	-1	-1	-1	-1	-1	-1	-1	-1	-1	-1
XMTQxNjgxNDMwMA==	6	-1	-1	-1	-1	-1	-1	-1	-1	-1	-1	-1	-1	-1	-1	-1	-1	-1	-1	-1	-1	-1	-1	-1	-1	-1	-1	-1	-1	-1
XMTQxNTg4NDA1Ng==	9	10	9	9	9	9	-1	-1	-1	-1	-1	-1	-1	-1	-1	-1	-1	-1	-1	-1	-1	-1	-1	-1	-1	-1	-1	-1	-1	-1
XMTQxNTk2ODA2NA==	169	437	548	676	697	722	730	774	784	807	836	865	866	864	864	863	863	863	863	863	863	863	863	863	863	863	863	-1	-1	-1
XMTQxNjE1NzA3Mg==	414	501	553	653	736	833	886	966	1008	1076	1134	1217	1278	-1	-1	-1	-1	-1	-1	-1	-1	-1	-1	-1	-1	-1	-1	-1	-1	-1
XMTQxNjg1MDI4MA==	24	160	242	254	266	273	274	276	276	276	276	280	-1	-1	-1	-1	-1	-1	-1	-1	-1	-1	-1	-1	-1	-1	-1	-1	-1	-1
XMTQxNTg5MTk0NA==	37	51	57	59	60	61	62	61	61	64	65	66	66	66	66	66	66	66	66	66	66	66	66	66	67	67	-1	-1	-1	-1
XMTQxNjQwODA3Mg==	11	29	34	33	69	72	80	83	83	78	78	81	81	81	83	83	83	83	83	83	83	83	-1	-1	-1	-1	-1	-1	-1	-1
XMTQxNTk1MzA3Mg==	36	42	41	63	83	-1	-1	-1	-1	-1	83	85	85	86	87	87	87	87	87	88	88	88	88	88	88	88	88	88	89	89
XMTQxNjY0MDA2NA==	8	11	11	9	8	8	8	-1	-1	-1	-1	-1	-1	-1	-1	-1	-1	-1	-1	-1	-1	-1	-1	-1	-1	-1	-1	-1	-1	-1
XMTQxNTU0ODM5Mg==	91	-1	-1	-1	-1	-1	-1	-1	-1	-1	-1	-1	-1	-1	-1	-1	-1	-1	-1	-1	-1	-1	-1	-1	-1	-1	-1	-1	-1	-1
XMTQxNjU5MzA4OA==	94	95	-1	-1	-1	-1	-1	-1	-1	-1	-1	-1	-1	-1	-1	-1	-1	-1	-1	-1	-1	-1	-1	-1	-1	-1	-1	-1	-1	-1
XMTQxNjI0NDE2NA==	54	55	56	-1	-1	-1	-1	-1	-1	-1	-1	-1	-1	-1	-1	-1	-1	-1	-1	-1	-1	-1	-1	-1	-1	-1	-1	-1	-1	-1
XMTQxNjE2MzU3Mg==	49	-1	-1	-1	-1	-1	-1	-1	-1	-1	-1	-1	-1	-1	-1	-1	-1	-1	-1	-1	-1	-1	-1	-1	-1	-1	-1	-1	-1	-1
XMTQxNTY5NTE5Mg==	534	-1	-1	-1	-1	-1	-1	-1	-1	-1	-1	-1	-1	-1	-1	-1	-1	-1	-1	-1	-1	-1	-1	-1	-1	-1	-1	-1	-1	-1
XMTQxNTg1MjEwOA==	1254	1326	1377	1444	1494	1518	1548	-1	-1	-1	-1	-1	-1	-1	-1	-1	-1	-1	-1	-1	-1	-1	-1	-1	-1	-1	-1	-1	-1	-1
XMTQxNjg1MDMzMg==	14	25	36	39	42	-1	-1	-1	-1	-1	-1	-1	-1	-1	-1	-1	-1	-1	-1	-1	-1	-1	-1	-1	-1	-1	-1	-1	-1	-1
XMTQxNjEwMzM5Mg==	80	85	-1	-1	-1	-1	-1	-1	-1	-1	-1	-1	-1	-1	-1	-1	-1	-1	-1	-1	-1	-1	-1	-1	-1	-1	-1	-1	-1	-1
XMTQxNTUyNzgxMg==	10	11	14	17	19	25	27	29	29	30	30	30	30	30	30	30	30	30	30	30	30	30	30	30	30	30	30	30	30	-1
XMTQxNjA5OTQ5Ng==	16	19	19	19	19	-1	-1	-1	-1	-1	-1	-1	-1	-1	-1	-1	-1	-1	-1	-1	-1	-1	-1	-1	-1	-1	-1	-1	-1	-1
XMTQxNjYzNDc5Ng==	90	-1	-1	-1	-1	-1	-1	-1	-1	-1	-1	-1	-1	-1	-1	-1	-1	-1	-1	-1	-1	-1	-1	-1	-1	-1	-1	-1	-1	-1
XMTQxNTgwNDcwNA==	7	7	7	7	7	7	8	8	8	8	8	8	8	8	8	8	8	8	8	8	8	-1	-1	-1	-1	-1	-1	-1	-1	-1
XMTQxNzA5ODc5Mg==	11	32	41	49	-1	-1	-1	-1	-1	-1	-1	-1	-1	-1	-1	-1	-1	-1	-1	-1	-1	-1	-1	-1	-1	-1	-1	-1	-1	-1
XMTQxNTY3MDE5Mg==	55828	342960	643816	689492	-1	-1	-1	-1	-1	-1	-1	-1	-1	-1	-1	-1	-1	-1	-1	-1	-1	-1	-1	-1	-1	-1	-1	-1	-1	-1
XMTQxNzE5ODgxNg==	2	6	6	6	6	6	6	6	6	7	7	7	7	7	7	7	7	7	7	7	7	7	-1	-1	-1	-1	-1	-1	-1	-1
XMTQxNjg1ODQ0MA==	15	20	21	21	21	20	20	20	20	20	20	20	20	20	20	20	20	20	-1	-1	-1	-1	-1	-1	-1	-1	-1	-1	-1	-1
XMTQxNTk4MTcyNA==	13	13	13	15	15	15	-1	-1	-1	-1	-1	-1	-1	-1	-1	-1	-1	-1	-1	-1	-1	-1	-1	-1	-1	-1	-1	-1	-1	-1
XMTQxNTgxNjU4MA==	9	12	13	13	13	13	13	13	13	13	13	13	14	14	14	14	14	-1	-1	-1	-1	-1	-1	-1	-1	-1	-1	-1	-1	-1
XMTQxNjMwODMzNg==	17	-1	-1	-1	-1	-1	-1	-1	-1	-1	-1	-1	-1	-1	-1	-1	-1	-1	-1	-1	-1	-1	-1	-1	-1	-1	-1	-1	-1	-1
XMTQxNjU2Nzk1Mg==	10	10	10	-1	-1	-1	-1	-1	-1	-1	-1	-1	-1	-1	-1	-1	-1	-1	-1	-1	-1	-1	-1	-1	-1	-1	-1	-1	-1	-1
XMTQxNzA3NDkyMA==	17	21	24	-1	-1	-1	-1	-1	-1	-1	-1	-1	-1	-1	-1	-1	-1	-1	-1	-1	-1	-1	-1	-1	-1	-1	-1	-1	-1	-1
XMTQxNTc1MzM4OA==	305	320	322	-1	-1	-1	-1	-1	-1	-1	-1	-1	-1	-1	-1	-1	-1	-1	-1	-1	-1	-1	-1	-1	-1	-1	-1	-1	-1	-1
XMTQxNjIxNTk1Mg==	134	153	163	177	181	188	203	224	231	249	261	274	282	290	299	313	-1	-1	-1	-1	-1	-1	-1	-1	-1	-1	-1	-1	-1	-1
XMTQxNjM1NzA1Mg==	13	15	15	18	18	18	18	18	18	18	18	18	-1	-1	-1	-1	-1	-1	-1	-1	-1	-1	-1	-1	-1	-1	-1	-1	-1	-1
