XMTQxNDIyODM0NA==	1398	1427	1348	1349	1352	1353	1354	1357	1361	1372	1372	1372	1376	1376	1378	1376	1376	1376	1376	1376	1376	-1	-1	-1	-1	-1	-1	-1	-1	-1
XMTQxNTMwMDUyMA==	9383	-1	-1	-1	-1	-1	-1	-1	-1	-1	-1	-1	-1	-1	-1	-1	-1	-1	-1	-1	-1	-1	-1	-1	-1	-1	-1	-1	-1	-1
XMTQxMzU3NDEyNA==	22	29	31	40	41	45	46	48	50	53	54	55	61	62	63	65	73	76	77	78	86	87	94	94	95	97	99	-1	-1	-1
XMTQxNDY3NTgyMA==	62	87	87	80	80	81	82	83	82	-1	-1	-1	-1	-1	-1	-1	-1	-1	-1	-1	-1	-1	-1	-1	-1	-1	-1	-1	-1	-1
XMTQxNDE0NTkxNg==	496	564	588	637	694	748	786	820	852	883	888	904	919	933	-1	-1	-1	-1	-1	-1	-1	-1	-1	-1	-1	-1	-1	-1	-1	-1
XMTQxNDIxOTU1Ng==	163	207	211	-1	-1	-1	-1	-1	-1	-1	-1	-1	-1	-1	-1	-1	-1	-1	-1	-1	-1	-1	-1	-1	-1	-1	-1	-1	-1	-1
XMTQxNDgyNTIyMA==	11	-1	-1	-1	-1	-1	-1	-1	-1	-1	-1	-1	-1	-1	-1	-1	-1	-1	-1	-1	-1	-1	-1	-1	-1	-1	-1	-1	-1	-1
XMTQxNDY3MTAxNg==	497	498	498	435	435	435	436	436	436	436	436	436	436	436	436	436	436	436	436	436	437	437	437	437	437	437	437	437	437	-1
XMTQxNTIwNDcyNA==	789	1679	-1	-1	-1	-1	-1	-1	-1	-1	-1	-1	-1	-1	-1	-1	-1	-1	-1	-1	-1	-1	-1	-1	-1	-1	-1	-1	-1	-1
XMTQxMzUwMjU2MA==	9	12	24	-1	-1	-1	-1	-1	-1	-1	-1	-1	-1	-1	-1	-1	-1	-1	-1	-1	-1	-1	-1	-1	-1	-1	-1	-1	-1	-1
XMTQxNDQ4NzgwNA==	299	561	-1	-1	-1	-1	-1	-1	-1	-1	-1	-1	-1	-1	-1	-1	-1	-1	-1	-1	-1	-1	-1	-1	-1	-1	-1	-1	-1	-1
XMTQxNDc1MDY1Ng==	9	12	-1	-1	-1	-1	-1	-1	-1	-1	-1	-1	-1	-1	-1	-1	-1	-1	-1	-1	-1	-1	-1	-1	-1	-1	-1	-1	-1	-1
XMTQxNDc3NTEyOA==	3	7	8	7	7	7	9	9	9	10	10	-1	-1	-1	-1	-1	-1	-1	-1	-1	-1	-1	-1	-1	-1	-1	-1	-1	-1	-1
XMTQxNDQ3NDIwNA==	29	30	30	30	30	-1	-1	-1	-1	-1	-1	-1	-1	-1	-1	-1	-1	-1	-1	-1	-1	-1	-1	-1	-1	-1	-1	-1	-1	-1
XMTQxMzY1NTc1Mg==	310	350	374	397	411	420	439	453	459	477	477	488	501	505	516	523	-1	-1	-1	-1	-1	-1	-1	-1	-1	-1	-1	-1	-1	-1
XMTQxNDIwNTYwOA==	31	35	36	34	34	35	-1	-1	-1	-1	-1	-1	-1	-1	-1	-1	-1	-1	-1	-1	-1	-1	-1	-1	-1	-1	-1	-1	-1	-1
XMTQxMzk0MjEyOA==	103	-1	-1	-1	-1	-1	-1	-1	-1	-1	-1	-1	-1	-1	-1	-1	-1	-1	-1	-1	-1	-1	-1	-1	-1	-1	-1	-1	-1	-1
XMTQxNDM5NDEyNA==	4	4	4	4	4	4	4	4	4	4	4	4	4	4	4	4	4	4	4	4	4	4	4	4	4	-1	-1	-1	-1	-1
XMTQxNDE1NDczNg==	930	1033	-1	-1	-1	-1	-1	-1	-1	-1	-1	-1	-1	-1	-1	-1	-1	-1	-1	-1	-1	-1	-1	-1	-1	-1	-1	-1	-1	-1
XMTQxNDExOTk2NA==	223	255	263	286	293	300	-1	-1	-1	-1	-1	-1	-1	-1	-1	-1	-1	-1	-1	-1	-1	-1	-1	-1	-1	-1	-1	-1	-1	-1
XMTQxMzc2MjE0OA==	1574	1623	1569	-1	-1	-1	-1	-1	-1	-1	-1	-1	-1	-1	-1	-1	-1	-1	-1	-1	-1	-1	-1	-1	-1	-1	-1	-1	-1	-1
XMTQxNTE5MzA0OA==	2	-1	-1	-1	-1	-1	-1	-1	-1	-1	-1	-1	-1	-1	-1	-1	-1	-1	-1	-1	-1	-1	-1	-1	-1	-1	-1	-1	-1	-1
XMTQxNDE4OTYxMg==	30	33	30	27	27	27	29	29	29	29	29	29	29	29	29	29	29	29	29	29	29	29	29	29	29	29	29	29	-1	-1
XMTQxNDgxNzk4MA==	4	6	8	8	8	8	9	9	9	9	9	9	9	11	11	11	11	11	11	11	11	-1	-1	-1	-1	-1	-1	-1	-1	-1
XMTQxNDcxNDAyMA==	21	46	53	52	48	48	48	48	48	48	48	48	48	48	48	48	48	48	48	48	48	48	48	48	48	48	48	-1	-1	-1
XMTQxNDYxNTU0OA==	711	2773	3489	3512	3424	-1	-1	-1	-1	-1	-1	-1	-1	-1	-1	-1	-1	-1	-1	-1	-1	-1	-1	-1	-1	-1	-1	-1	-1	-1
XMTQxNDUwMjM2NA==	16	16	13	13	13	-1	-1	-1	-1	-1	-1	-1	-1	-1	-1	-1	-1	-1	-1	-1	-1	-1	-1	-1	-1	-1	-1	-1	-1	-1
XMTQxMzU3MjM0NA==	31	40	50	59	62	66	70	72	76	77	80	80	80	84	87	92	93	93	94	95	95	96	97	98	99	100	102	-1	-1	-1
XMTQxMzc3MjY2OA==	543	562	544	-1	-1	-1	-1	-1	-1	-1	-1	-1	-1	-1	-1	-1	-1	-1	-1	-1	-1	-1	-1	-1	-1	-1	-1	-1	-1	-1
XMTQxNDI0OTc1Ng==	60	98	134	167	188	219	-1	-1	-1	-1	-1	-1	-1	-1	-1	-1	-1	-1	-1	-1	-1	-1	-1	-1	-1	-1	-1	-1	-1	-1
XMTQxNDc2NjUxNg==	466	586	641	724	991	1060	1090	1157	1252	1418	1474	1603	1644	1690	1712	1761	1875	1985	2095	2143	2172	2210	-1	-1	-1	-1	-1	-1	-1	-1
XMTQxMzY0NTEyOA==	234	253	256	271	277	281	285	290	-1	-1	-1	-1	-1	-1	-1	-1	-1	-1	-1	-1	-1	-1	-1	-1	-1	-1	-1	-1	-1	-1
XMTQxNDIxNDQ0NA==	617	742	802	-1	-1	-1	-1	-1	-1	-1	-1	-1	-1	-1	-1	-1	-1	-1	-1	-1	-1	-1	-1	-1	-1	-1	-1	-1	-1	-1
XMTQxMzgxMzI1Ng==	14	14	13	-1	-1	-1	-1	-1	-1	-1	-1	-1	-1	-1	-1	-1	-1	-1	-1	-1	-1	-1	-1	-1	-1	-1	-1	-1	-1	-1
XMTQxMzk2Nzk4NA==	18	19	17	17	17	-1	-1	-1	-1	-1	-1	-1	-1	-1	-1	-1	-1	-1	-1	-1	-1	-1	-1	-1	-1	-1	-1	-1	-1	-1
XMTQxNDIyNTMwNA==	973	1735	1741	1587	1590	1596	-1	-1	-1	-1	-1	-1	-1	-1	-1	-1	-1	-1	-1	-1	-1	-1	-1	-1	-1	-1	-1	-1	-1	-1
XMTQxNDM2OTkxNg==	60	77	76	75	75	75	76	77	77	77	77	77	77	77	77	77	77	77	78	78	78	78	78	78	78	78	79	80	-1	-1
XMTQxNDkwMjY4NA==	9	10	-1	-1	-1	-1	-1	-1	-1	-1	-1	-1	-1	-1	-1	-1	-1	-1	-1	-1	-1	-1	-1	-1	-1	-1	-1	-1	-1	-1
XMTQxMzg2MjkxMg==	20	20	19	18	18	18	18	18	18	18	18	18	18	18	18	18	18	18	-1	-1	-1	-1	-1	-1	-1	-1	-1	-1	-1	-1
XMTQxNTAxNzIwMA==	7	10	11	11	9	9	9	9	9	9	9	9	9	9	9	9	9	9	9	9	9	9	9	9	-1	-1	-1	-1	-1	-1
XMTQxNDIyNTU4NA==	114	164	165	159	160	162	-1	-1	-1	-1	-1	-1	-1	-1	-1	-1	-1	-1	-1	-1	-1	-1	-1	-1	-1	-1	-1	-1	-1	-1
XMTQxNDk4NjQ1Mg==	35401	-1	-1	-1	-1	-1	-1	-1	-1	-1	-1	-1	-1	-1	-1	-1	-1	-1	-1	-1	-1	-1	-1	-1	-1	-1	-1	-1	-1	-1
XMTQxMzk1NTM5Ng==	26	28	31	30	32	34	34	34	34	34	34	35	35	35	35	35	35	35	35	35	35	35	-1	-1	-1	-1	-1	-1	-1	-1
XMTQxNDc0Nzc3Mg==	106	-1	-1	-1	-1	-1	-1	-1	-1	-1	-1	-1	-1	-1	-1	-1	-1	-1	-1	-1	-1	-1	-1	-1	-1	-1	-1	-1	-1	-1
XMTQxNDIzMDE2NA==	12	12	12	14	14	14	-1	-1	-1	-1	-1	-1	-1	-1	-1	-1	-1	-1	-1	-1	-1	-1	-1	-1	-1	-1	-1	-1	-1	-1
XMTQxNDU4NzA3Mg==	339	515	678	921	1082	1200	1202	1197	1189	1203	1207	1215	1217	1218	1217	1218	1219	1220	1222	1224	1224	1226	1230	1230	1231	1231	1231	-1	-1	-1
XMTQxNDI0NDQwNA==	231	299	297	286	289	291	-1	-1	-1	-1	-1	-1	-1	-1	-1	-1	-1	-1	-1	-1	-1	-1	-1	-1	-1	-1	-1	-1	-1	-1
XMTQxNDIxNjc5Ng==	63	74	72	75	75	75	-1	-1	-1	-1	-1	-1	-1	-1	-1	-1	-1	-1	-1	-1	-1	-1	-1	-1	-1	-1	-1	-1	-1	-1
XMTQxNDc0ODQ3Ng==	316	387	419	411	449	467	483	497	501	504	509	516	525	527	529	531	541	546	551	562	568	-1	-1	-1	-1	-1	-1	-1	-1	-1
XMTQxNDE2OTQwOA==	213	244	294	388	447	473	500	523	553	584	593	619	645	691	717	743	768	783	815	839	866	880	887	900	909	923	935	946	-1	-1
XMTQxNDc1ODgwMA==	332	420	426	415	415	415	416	416	421	430	430	431	431	431	431	434	434	434	434	434	434	-1	-1	-1	-1	-1	-1	-1	-1	-1
XMTQxNDcyNzg3Ng==	7	9	9	8	9	10	-1	-1	-1	-1	-1	-1	-1	-1	-1	-1	-1	-1	-1	-1	-1	-1	-1	-1	-1	-1	-1	-1	-1	-1
XMTQxNDc5MTkxMg==	21	35	38	36	37	37	37	37	37	38	-1	-1	-1	-1	-1	-1	-1	-1	-1	-1	-1	-1	-1	-1	-1	-1	-1	-1	-1	-1
XMTQxNDU3NTQwOA==	32	104	125	123	119	121	-1	-1	-1	-1	-1	-1	-1	-1	-1	-1	-1	-1	-1	-1	-1	-1	-1	-1	-1	-1	-1	-1	-1	-1
XMTQxNDMzNzQ1Mg==	104	114	116	113	114	116	119	119	119	119	-1	-1	-1	-1	-1	-1	-1	-1	-1	-1	-1	-1	-1	-1	-1	-1	-1	-1	-1	-1
XMTQxNDQ3NTk0OA==	20	26	24	22	22	23	23	23	23	23	23	23	24	24	-1	-1	-1	-1	-1	-1	-1	-1	-1	-1	-1	-1	-1	-1	-1	-1
XMTQxMzg0NzAyNA==	14	-1	-1	-1	-1	-1	-1	-1	-1	-1	-1	-1	-1	-1	-1	-1	-1	-1	-1	-1	-1	-1	-1	-1	-1	-1	-1	-1	-1	-1
XMTQxNDI3NDU0NA==	47	50	45	45	47	47	-1	-1	-1	-1	-1	-1	-1	-1	-1	-1	-1	-1	-1	-1	-1	-1	-1	-1	-1	-1	-1	-1	-1	-1
XMTQxNDQ1Njc3Mg==	22	28	25	19	19	19	19	19	21	21	-1	-1	-1	-1	-1	-1	-1	-1	-1	-1	-1	-1	-1	-1	-1	-1	-1	-1	-1	-1
XMTQxMzk3NTI4MA==	13	14	15	-1	-1	-1	-1	-1	-1	-1	-1	-1	-1	-1	-1	-1	-1	-1	-1	-1	-1	-1	-1	-1	-1	-1	-1	-1	-1	-1
XMTQxNDczOTIwNA==	33	74	99	101	100	102	106	112	116	117	117	115	-1	-1	-1	-1	-1	-1	-1	-1	-1	-1	-1	-1	-1	-1	-1	-1	-1	-1
XMTQxNDcxMTQ1Ng==	20	44	55	51	49	49	49	49	49	49	49	49	49	49	49	49	49	49	49	49	49	49	49	49	49	49	49	-1	-1	-1
XMTQxNDc3NjgyOA==	270	610	783	1110	1455	1823	2080	2361	2573	3042	3236	-1	-1	-1	-1	-1	-1	-1	-1	-1	-1	-1	-1	-1	-1	-1	-1	-1	-1	-1
XMTQxNDc0OTI3Ng==	50	-1	-1	-1	-1	-1	-1	-1	-1	-1	-1	-1	-1	-1	-1	-1	-1	-1	-1	-1	-1	-1	-1	-1	-1	-1	-1	-1	-1	-1
XMTQxNDk4MDc1Mg==	5	9	-1	-1	-1	-1	-1	-1	-1	-1	-1	-1	-1	-1	-1	-1	-1	-1	-1	-1	-1	-1	-1	-1	-1	-1	-1	-1	-1	-1
XMTQxNDAzMDE1Mg==	2492	-1	-1	-1	-1	-1	-1	-1	-1	-1	-1	-1	-1	-1	-1	-1	-1	-1	-1	-1	-1	-1	-1	-1	-1	-1	-1	-1	-1	-1
XMTQxNDUyNDc1Ng==	17	37	40	42	43	-1	-1	-1	-1	-1	-1	-1	-1	-1	-1	-1	-1	-1	-1	-1	-1	-1	-1	-1	-1	-1	-1	-1	-1	-1
XMTQxMzUxMzcxNg==	101	116	124	127	130	134	-1	-1	-1	-1	-1	-1	-1	-1	-1	-1	-1	-1	-1	-1	-1	-1	-1	-1	-1	-1	-1	-1	-1	-1
XMTQxMzgzNDA4MA==	20	20	20	20	20	-1	-1	-1	-1	-1	-1	-1	-1	-1	-1	-1	-1	-1	-1	-1	-1	-1	-1	-1	-1	-1	-1	-1	-1	-1
XMTQxNDA1NjY4OA==	8	9	6	6	-1	-1	-1	-1	-1	-1	-1	-1	-1	-1	-1	-1	-1	-1	-1	-1	-1	-1	-1	-1	-1	-1	-1	-1	-1	-1
XMTQxNDQ5MTU1Mg==	52	69	68	73	75	83	-1	-1	-1	-1	-1	-1	-1	-1	-1	-1	-1	-1	-1	-1	-1	-1	-1	-1	-1	-1	-1	-1	-1	-1
XMTQxMzk5MzQ1Mg==	14	15	15	-1	-1	-1	-1	-1	-1	-1	-1	-1	-1	-1	-1	-1	-1	-1	-1	-1	-1	-1	-1	-1	-1	-1	-1	-1	-1	-1
XMTQxNDM1OTYwNA==	43	47	-1	-1	-1	-1	-1	-1	-1	-1	-1	-1	-1	-1	-1	-1	-1	-1	-1	-1	-1	-1	-1	-1	-1	-1	-1	-1	-1	-1
XMTQxNDE4ODA4MA==	64	70	69	72	80	82	83	85	86	87	88	91	94	95	98	98	131	131	132	134	138	145	146	146	146	148	148	148	148	-1
XMTQxNDc3MTg0NA==	134	218	247	252	254	255	256	256	257	257	257	258	259	260	260	260	260	260	260	260	261	261	261	261	261	-1	-1	-1	-1	-1
XMTQxMzYxNjMwNA==	19	-1	-1	-1	-1	-1	-1	-1	-1	-1	-1	-1	-1	-1	-1	-1	-1	-1	-1	-1	-1	-1	-1	-1	-1	-1	-1	-1	-1	-1
XMTQxNDE4MzQyMA==	24	-1	-1	-1	-1	-1	-1	-1	-1	-1	-1	-1	-1	-1	-1	-1	-1	-1	-1	-1	-1	-1	-1	-1	-1	-1	-1	-1	-1	-1
XMTQxNDAzMjAzMg==	1386	1825	2069	2187	2250	2296	2325	2356	-1	-1	-1	-1	-1	-1	-1	-1	-1	-1	-1	-1	-1	-1	-1	-1	-1	-1	-1	-1	-1	-1
XMTQxNDQ0MzA4MA==	26	29	27	25	-1	-1	-1	-1	-1	-1	-1	-1	-1	-1	-1	-1	-1	-1	-1	-1	-1	-1	-1	-1	-1	-1	-1	-1	-1	-1
XMTQxNDc0NDcwNA==	36	82	98	107	108	113	113	120	125	126	126	126	-1	-1	-1	-1	-1	-1	-1	-1	-1	-1	-1	-1	-1	-1	-1	-1	-1	-1
XMTQxNDIyNTU3Ng==	30	31	30	30	29	29	-1	-1	-1	-1	-1	-1	-1	-1	-1	-1	-1	-1	-1	-1	-1	-1	-1	-1	-1	-1	-1	-1	-1	-1
XMTQxNTI1NDUwOA==	42	-1	-1	-1	-1	-1	-1	-1	-1	-1	-1	-1	-1	-1	-1	-1	-1	-1	-1	-1	-1	-1	-1	-1	-1	-1	-1	-1	-1	-1
XMTQxNDI5NDY4OA==	132	132	-1	-1	-1	-1	-1	-1	-1	-1	-1	-1	-1	-1	-1	-1	-1	-1	-1	-1	-1	-1	-1	-1	-1	-1	-1	-1	-1	-1
XMTQxMzU4MDUwNA==	612	711	808	-1	-1	-1	-1	-1	-1	-1	-1	-1	-1	-1	-1	-1	-1	-1	-1	-1	-1	-1	-1	-1	-1	-1	-1	-1	-1	-1
XMTQxNDIwODIyMA==	126	162	159	152	153	157	-1	-1	-1	-1	-1	-1	-1	-1	-1	-1	-1	-1	-1	-1	-1	-1	-1	-1	-1	-1	-1	-1	-1	-1
XMTQxNDc2OTczMg==	500	709	753	863	1593	1772	1791	1806	1818	1841	1868	1908	1936	1967	1993	2008	2082	2255	2404	2492	2536	2570	-1	-1	-1	-1	-1	-1	-1	-1
XMTQxNDQ1MTQzMg==	33	37	-1	-1	-1	-1	-1	-1	-1	-1	-1	-1	-1	-1	-1	-1	-1	-1	-1	-1	-1	-1	-1	-1	-1	-1	-1	-1	-1	-1
XMTQxNDAwNzA1Mg==	13	20	19	17	19	19	21	21	21	21	22	22	22	23	24	24	24	24	24	24	24	-1	-1	-1	-1	-1	-1	-1	-1	-1
XMTQxMzk4ODQxMg==	85	135	139	144	163	166	-1	-1	-1	-1	-1	-1	-1	-1	-1	-1	-1	-1	-1	-1	-1	-1	-1	-1	-1	-1	-1	-1	-1	-1
XMTQxNDU2ODk2OA==	545	-1	-1	-1	-1	-1	-1	-1	-1	-1	-1	-1	-1	-1	-1	-1	-1	-1	-1	-1	-1	-1	-1	-1	-1	-1	-1	-1	-1	-1
XMTQxNDA3Njk5Mg==	1595	1867	-1	-1	-1	-1	-1	-1	-1	-1	-1	-1	-1	-1	-1	-1	-1	-1	-1	-1	-1	-1	-1	-1	-1	-1	-1	-1	-1	-1
XMTQxMzM4NzEwMA==	568	703	789	882	956	-1	-1	-1	-1	-1	-1	-1	-1	-1	-1	-1	-1	-1	-1	-1	-1	-1	-1	-1	-1	-1	-1	-1	-1	-1
XMTQxNDQxNjY2NA==	38	-1	-1	-1	-1	-1	-1	-1	-1	-1	-1	-1	-1	-1	-1	-1	-1	-1	-1	-1	-1	-1	-1	-1	-1	-1	-1	-1	-1	-1
XMTQxNDIyNTMwOA==	138	229	229	220	218	220	-1	-1	-1	-1	-1	-1	-1	-1	-1	-1	-1	-1	-1	-1	-1	-1	-1	-1	-1	-1	-1	-1	-1	-1
XMTQxNDIyNjIyNA==	161	165	164	-1	-1	-1	-1	-1	-1	-1	-1	-1	-1	-1	-1	-1	-1	-1	-1	-1	-1	-1	-1	-1	-1	-1	-1	-1	-1	-1
XMTQxNDc1ODM0OA==	11	-1	-1	-1	-1	-1	-1	-1	-1	-1	-1	-1	-1	-1	-1	-1	-1	-1	-1	-1	-1	-1	-1	-1	-1	-1	-1	-1	-1	-1
XMTQxNDY1MjYzMg==	756	1203	1204	1131	1112	1112	1112	1112	1112	-1	-1	-1	-1	-1	-1	-1	-1	-1	-1	-1	-1	-1	-1	-1	-1	-1	-1	-1	-1	-1
XMTQxMzg3MDQwMA==	8	-1	-1	-1	-1	-1	-1	-1	-1	-1	-1	-1	-1	-1	-1	-1	-1	-1	-1	-1	-1	-1	-1	-1	-1	-1	-1	-1	-1	-1
XMTQxNTI1NzgwNA==	4	18	18	-1	-1	-1	-1	-1	-1	-1	-1	-1	-1	-1	-1	-1	-1	-1	-1	-1	-1	-1	-1	-1	-1	-1	-1	-1	-1	-1
XMTQxMzc2NjY2NA==	301	312	296	-1	-1	-1	-1	-1	-1	-1	-1	-1	-1	-1	-1	-1	-1	-1	-1	-1	-1	-1	-1	-1	-1	-1	-1	-1	-1	-1
XMTQxNDAzMDcxMg==	117	123	125	130	130	130	138	140	141	143	144	144	144	144	144	144	144	144	-1	-1	-1	-1	-1	-1	-1	-1	-1	-1	-1	-1
XMTQxNDUwNDcwOA==	201	253	260	274	275	277	282	286	286	287	287	288	289	290	291	291	293	306	312	329	336	336	336	336	336	-1	-1	-1	-1	-1
XMTQxNDI3Mzk0MA==	81	94	90	98	101	101	-1	-1	-1	-1	-1	-1	-1	-1	-1	-1	-1	-1	-1	-1	-1	-1	-1	-1	-1	-1	-1	-1	-1	-1
XMTQxNDAxODQ5Ng==	88	109	114	118	122	128	133	135	138	-1	-1	-1	-1	-1	-1	-1	-1	-1	-1	-1	-1	-1	-1	-1	-1	-1	-1	-1	-1	-1
XMTQxNDE2NjAxNg==	626	664	622	628	646	659	667	673	681	689	690	695	700	704	710	714	728	738	746	751	758	764	-1	-1	-1	-1	-1	-1	-1	-1
XMTQxNDUyMDQxMg==	5	5	-1	-1	-1	-1	-1	-1	-1	-1	-1	-1	-1	-1	-1	-1	-1	-1	-1	-1	-1	-1	-1	-1	-1	-1	-1	-1	-1	-1
XMTQxNDc1NzA5Ng==	1106	1488	1630	1738	2116	2251	2307	2360	2405	2462	2478	2519	2548	2554	2564	2581	2622	2634	2652	2674	2689	-1	-1	-1	-1	-1	-1	-1	-1	-1
XMTQxNDIyNDQwNA==	276	290	282	-1	-1	-1	-1	-1	-1	-1	-1	-1	-1	-1	-1	-1	-1	-1	-1	-1	-1	-1	-1	-1	-1	-1	-1	-1	-1	-1
XMTQxNDIxMzAyMA==	175	177	164	-1	-1	-1	-1	-1	-1	-1	-1	-1	-1	-1	-1	-1	-1	-1	-1	-1	-1	-1	-1	-1	-1	-1	-1	-1	-1	-1
XMTQxNDc1NzQ4NA==	853	1289	1364	1354	2249	2287	2297	2241	2243	2250	2251	2256	2258	2262	2267	2268	2270	2271	2271	2282	2282	-1	-1	-1	-1	-1	-1	-1	-1	-1
XMTQxNDQ1ODg2MA==	24	47	60	64	78	87	-1	-1	-1	-1	-1	-1	-1	-1	-1	-1	-1	-1	-1	-1	-1	-1	-1	-1	-1	-1	-1	-1	-1	-1
XMTQxNDA1MTIwNA==	2770	-1	-1	-1	-1	-1	-1	-1	-1	-1	-1	-1	-1	-1	-1	-1	-1	-1	-1	-1	-1	-1	-1	-1	-1	-1	-1	-1	-1	-1
XMTQxNDQ5NDEzNg==	6	-1	-1	-1	-1	-1	-1	-1	-1	-1	-1	-1	-1	-1	-1	-1	-1	-1	-1	-1	-1	-1	-1	-1	-1	-1	-1	-1	-1	-1
XMTQxMzk4ODY0MA==	4	4	4	5	5	-1	-1	-1	-1	-1	-1	-1	-1	-1	-1	-1	-1	-1	-1	-1	-1	-1	-1	-1	-1	-1	-1	-1	-1	-1
XMTQxNDMyMzQ2MA==	163	192	206	212	215	222	229	232	237	244	244	246	248	250	252	255	-1	-1	-1	-1	-1	-1	-1	-1	-1	-1	-1	-1	-1	-1
XMTQxNDcyMzQwNA==	5	-1	-1	-1	-1	-1	-1	-1	-1	-1	-1	-1	-1	-1	-1	-1	-1	-1	-1	-1	-1	-1	-1	-1	-1	-1	-1	-1	-1	-1
XMTQxNDQyNDQzNg==	18	73	108	116	117	-1	-1	-1	-1	-1	-1	-1	-1	-1	-1	-1	-1	-1	-1	-1	-1	-1	-1	-1	-1	-1	-1	-1	-1	-1
XMTQxNDYxNTg5Ng==	1291	1759	2056	2325	2505	2594	2625	2641	2668	2695	2698	2708	2709	2711	2713	2720	2727	2728	2732	2733	2736	2738	2740	2740	2746	2752	2753	2754	2754	-1
XMTQxNDQ0Nzc3Ng==	61	78	75	77	79	81	87	86	-1	-1	-1	-1	-1	-1	-1	-1	-1	-1	-1	-1	-1	-1	-1	-1	-1	-1	-1	-1	-1	-1
XMTQxNTIxMDA1Mg==	7	10	31	100	238	290	300	308	322	346	351	367	397	410	428	450	477	498	534	-1	-1	-1	-1	-1	-1	-1	-1	-1	-1	-1
XMTQxNDgzMTY2MA==	61	-1	-1	-1	-1	-1	-1	-1	-1	-1	-1	-1	-1	-1	-1	-1	-1	-1	-1	-1	-1	-1	-1	-1	-1	-1	-1	-1	-1	-1
XMTQxNDQ5MDk0OA==	10	-1	-1	-1	-1	-1	-1	-1	-1	-1	-1	-1	-1	-1	-1	-1	-1	-1	-1	-1	-1	-1	-1	-1	-1	-1	-1	-1	-1	-1
XMTQxNDAxODg3Mg==	87	101	-1	-1	-1	-1	-1	-1	-1	-1	-1	-1	-1	-1	-1	-1	-1	-1	-1	-1	-1	-1	-1	-1	-1	-1	-1	-1	-1	-1
XMTQxNDQwNjQwNA==	6	6	10	10	10	10	10	10	10	10	10	10	10	10	10	10	10	10	10	10	10	10	10	10	10	-1	-1	-1	-1	-1
XMTQxNDQ3OTY2MA==	102	106	113	-1	-1	-1	-1	-1	-1	-1	-1	-1	-1	-1	-1	-1	-1	-1	-1	-1	-1	-1	-1	-1	-1	-1	-1	-1	-1	-1
XMTQxMzc4NDI1Ng==	255	260	255	-1	-1	-1	-1	-1	-1	-1	-1	-1	-1	-1	-1	-1	-1	-1	-1	-1	-1	-1	-1	-1	-1	-1	-1	-1	-1	-1
XMTQxNTI4MDM3Mg==	10	20	20	19	18	18	18	18	18	18	18	18	18	18	18	18	18	18	18	-1	-1	-1	-1	-1	-1	-1	-1	-1	-1	-1
XMTQxNDM2OTQ4NA==	23	25	26	26	26	26	27	27	27	27	-1	-1	-1	-1	-1	-1	-1	-1	-1	-1	-1	-1	-1	-1	-1	-1	-1	-1	-1	-1
XMTQxMzY1NDEwOA==	212	232	225	225	226	227	233	235	235	235	235	236	237	238	237	-1	-1	-1	-1	-1	-1	-1	-1	-1	-1	-1	-1	-1	-1	-1
XMTQxMzg1MDcyNA==	89	106	134	149	156	-1	-1	-1	-1	-1	-1	-1	-1	-1	-1	-1	-1	-1	-1	-1	-1	-1	-1	-1	-1	-1	-1	-1	-1	-1
XMTQxNDIxNTkzNg==	350	386	404	-1	-1	-1	-1	-1	-1	-1	-1	-1	-1	-1	-1	-1	-1	-1	-1	-1	-1	-1	-1	-1	-1	-1	-1	-1	-1	-1
XMTQxNDE0Mzk1Mg==	593	638	642	-1	-1	-1	-1	-1	-1	-1	-1	-1	-1	-1	-1	-1	-1	-1	-1	-1	-1	-1	-1	-1	-1	-1	-1	-1	-1	-1
XMTQxNDUxMjcwNA==	22	22	23	23	23	-1	-1	-1	-1	-1	-1	-1	-1	-1	-1	-1	-1	-1	-1	-1	-1	-1	-1	-1	-1	-1	-1	-1	-1	-1
XMTQxMzgyMDQzMg==	19	44	52	55	56	57	58	58	59	62	62	63	72	75	76	75	75	77	77	79	79	79	80	81	81	81	82	83	-1	-1
XMTQxNDczNjM0MA==	9	9	-1	-1	-1	-1	-1	-1	-1	-1	-1	-1	-1	-1	-1	-1	-1	-1	-1	-1	-1	-1	-1	-1	-1	-1	-1	-1	-1	-1
XMTQxNDU1MjMyMA==	16	17	18	18	18	19	19	21	22	22	22	22	23	23	23	24	25	-1	-1	-1	-1	-1	-1	-1	-1	-1	-1	-1	-1	-1
XMTQxNDcwMjg4OA==	74	-1	-1	-1	-1	-1	-1	-1	-1	-1	-1	-1	-1	-1	-1	-1	-1	-1	-1	-1	-1	-1	-1	-1	-1	-1	-1	-1	-1	-1
XMTQxNDk2MTk4NA==	89	214	247	261	283	341	385	-1	-1	-1	-1	-1	-1	-1	-1	-1	-1	-1	-1	-1	-1	-1	-1	-1	-1	-1	-1	-1	-1	-1
XMTQxNDQ3NDMwOA==	8	9	16	19	19	-1	-1	-1	-1	-1	-1	-1	-1	-1	-1	-1	-1	-1	-1	-1	-1	-1	-1	-1	-1	-1	-1	-1	-1	-1
XMTQxNDgxODIyOA==	8	-1	-1	-1	-1	-1	-1	-1	-1	-1	-1	-1	-1	-1	-1	-1	-1	-1	-1	-1	-1	-1	-1	-1	-1	-1	-1	-1	-1	-1
XMTQxNDYwMjc3Mg==	43102	101613	169827	229524	271376	300486	321559	333333	-1	-1	-1	-1	-1	-1	-1	-1	-1	-1	-1	-1	-1	-1	-1	-1	-1	-1	-1	-1	-1	-1
XMTQxNDc0OTI5Ng==	736	939	990	1068	1180	1231	1269	1317	1367	1446	1474	1556	1584	1641	1675	1720	1770	1810	1854	1877	1890	-1	-1	-1	-1	-1	-1	-1	-1	-1
XMTQxNDc3NDYzNg==	343	414	420	405	409	409	409	409	409	409	409	409	410	410	411	412	412	412	412	413	413	-1	-1	-1	-1	-1	-1	-1	-1	-1
XMTQxNDgzMTgzNg==	6	12	12	12	12	12	12	12	12	13	13	13	13	13	14	-1	-1	-1	-1	-1	-1	-1	-1	-1	-1	-1	-1	-1	-1	-1
XMTQxMzgwNTI4NA==	65	72	83	95	101	106	112	119	124	124	125	132	138	141	144	146	149	153	161	163	167	169	174	177	183	194	196	199	199	-1
XMTQxNDU3MjE0OA==	4	4	4	4	4	4	4	4	4	-1	-1	-1	-1	-1	-1	-1	-1	-1	-1	-1	-1	-1	-1	-1	-1	-1	-1	-1	-1	-1
XMTQxNDQ3MzI0MA==	34	-1	-1	-1	-1	-1	-1	-1	-1	-1	-1	-1	-1	-1	-1	-1	-1	-1	-1	-1	-1	-1	-1	-1	-1	-1	-1	-1	-1	-1
XMTQxMzcxMjcwNA==	75	75	72	71	71	71	71	72	73	73	73	73	73	-1	-1	-1	-1	-1	-1	-1	-1	-1	-1	-1	-1	-1	-1	-1	-1	-1
XMTQxNTI3NDU3Ng==	1	3	3	3	4	4	-1	-1	-1	-1	-1	-1	-1	-1	-1	-1	-1	-1	-1	-1	-1	-1	-1	-1	-1	-1	-1	-1	-1	-1
XMTQxNDYyNTQ3Ng==	107	146	-1	-1	-1	-1	-1	-1	-1	-1	-1	-1	-1	-1	-1	-1	-1	-1	-1	-1	-1	-1	-1	-1	-1	-1	-1	-1	-1	-1
XMTQxNDQ5NjM2NA==	14	-1	-1	-1	-1	-1	-1	-1	-1	-1	-1	-1	-1	-1	-1	-1	-1	-1	-1	-1	-1	-1	-1	-1	-1	-1	-1	-1	-1	-1
XMTQxNDcyNDExMg==	18	21	21	-1	-1	-1	-1	-1	-1	-1	-1	-1	-1	-1	-1	-1	-1	-1	-1	-1	-1	-1	-1	-1	-1	-1	-1	-1	-1	-1
XMTQxNDQ3NzYyNA==	33	44	42	33	32	32	32	32	32	32	32	-1	-1	-1	-1	-1	-1	-1	-1	-1	-1	-1	-1	-1	-1	-1	-1	-1	-1	-1
XMTQxNDIyMzU4MA==	23	23	18	18	19	20	-1	-1	-1	-1	-1	-1	-1	-1	-1	-1	-1	-1	-1	-1	-1	-1	-1	-1	-1	-1	-1	-1	-1	-1
XMTQxNDI5ODU2MA==	24	25	24	24	24	24	24	24	24	24	24	24	24	24	24	24	24	24	24	24	24	24	24	-1	-1	-1	-1	-1	-1	-1
XMTQxNDIxMDEzMg==	151	209	217	224	235	244	252	256	257	270	272	277	280	284	284	291	293	297	301	306	-1	-1	-1	-1	-1	-1	-1	-1	-1	-1
XMTQxMzkyOTE3Mg==	179	182	176	-1	-1	-1	-1	-1	-1	-1	-1	-1	-1	-1	-1	-1	-1	-1	-1	-1	-1	-1	-1	-1	-1	-1	-1	-1	-1	-1
XMTQxNDIyNDYwOA==	142	178	-1	-1	-1	-1	-1	-1	-1	-1	-1	-1	-1	-1	-1	-1	-1	-1	-1	-1	-1	-1	-1	-1	-1	-1	-1	-1	-1	-1
XMTQxNDA4ODI0NA==	23	25	23	24	25	25	26	28	28	27	27	27	27	27	27	27	27	27	-1	-1	-1	-1	-1	-1	-1	-1	-1	-1	-1	-1
XMTQxNDMwODI1Mg==	721	941	1559	2327	2659	2941	3067	3156	3255	3426	3463	3545	3596	3671	3763	3831	3890	4006	4115	4198	4237	4284	4287	4283	4283	-1	-1	-1	-1	-1
XMTQxNDIxODU0OA==	198	257	263	259	268	272	-1	-1	-1	-1	-1	-1	-1	-1	-1	-1	-1	-1	-1	-1	-1	-1	-1	-1	-1	-1	-1	-1	-1	-1
XMTQxMzc0MTIyMA==	81	90	-1	-1	-1	-1	-1	-1	-1	-1	-1	-1	-1	-1	-1	-1	-1	-1	-1	-1	-1	-1	-1	-1	-1	-1	-1	-1	-1	-1
XMTQxNDkzNzg1Mg==	10	-1	-1	-1	-1	-1	-1	-1	-1	-1	-1	-1	-1	-1	-1	-1	-1	-1	-1	-1	-1	-1	-1	-1	-1	-1	-1	-1	-1	-1
XMTQxNDQ0MDcyMA==	29	31	28	30	30	30	30	30	30	30	30	30	30	30	30	30	30	31	31	31	31	31	32	32	-1	-1	-1	-1	-1	-1
XMTQxNDIwODA3Mg==	19	21	21	22	22	22	-1	-1	-1	-1	-1	-1	-1	-1	-1	-1	-1	-1	-1	-1	-1	-1	-1	-1	-1	-1	-1	-1	-1	-1
XMTQxNDE2MjU4MA==	43	56	61	60	64	69	78	79	81	90	92	97	99	104	110	110	110	113	114	117	118	124	127	129	129	130	131	134	-1	-1
XMTQxNDUyNjE0MA==	18	-1	-1	-1	-1	-1	-1	-1	-1	-1	-1	-1	-1	-1	-1	-1	-1	-1	-1	-1	-1	-1	-1	-1	-1	-1	-1	-1	-1	-1
XMTQxMzY3NjYyMA==	294	316	402	488	548	572	601	620	630	665	684	708	717	724	726	727	728	728	728	727	727	727	727	727	727	727	727	727	727	-1
XMTQxNDQ3MDczMg==	42	44	42	41	41	41	41	41	41	41	41	41	41	41	41	41	41	41	-1	-1	-1	-1	-1	-1	-1	-1	-1	-1	-1	-1
XMTQxNDk5NzA4NA==	36402	-1	-1	-1	-1	-1	-1	-1	-1	-1	-1	-1	-1	-1	-1	-1	-1	-1	-1	-1	-1	-1	-1	-1	-1	-1	-1	-1	-1	-1
XMTQxNDAwOTMxMg==	12	15	15	14	13	13	-1	-1	-1	-1	-1	-1	-1	-1	-1	-1	-1	-1	-1	-1	-1	-1	-1	-1	-1	-1	-1	-1	-1	-1
XMTQxNDE3Njc2OA==	271	302	-1	-1	-1	-1	-1	-1	-1	-1	-1	-1	-1	-1	-1	-1	-1	-1	-1	-1	-1	-1	-1	-1	-1	-1	-1	-1	-1	-1
XMTQxNDEzMzYyOA==	150	152	150	149	149	149	149	149	149	149	149	149	149	149	149	149	149	149	149	149	149	149	-1	-1	-1	-1	-1	-1	-1	-1
XMTQxNDc3NTE2NA==	270	326	346	354	406	432	454	471	477	491	493	500	505	507	508	513	521	529	533	537	538	-1	-1	-1	-1	-1	-1	-1	-1	-1
XMTQxNDU0NzM0MA==	18	23	27	30	32	34	-1	-1	-1	-1	-1	-1	-1	-1	-1	-1	-1	-1	-1	-1	-1	-1	-1	-1	-1	-1	-1	-1	-1	-1
XMTQxNDc3NjYyNA==	200	248	270	272	298	312	330	339	342	346	346	351	351	354	354	354	356	360	360	361	360	-1	-1	-1	-1	-1	-1	-1	-1	-1
XMTQxMzgxMjU4NA==	192	203	192	195	200	204	206	206	206	208	208	211	212	-1	-1	-1	-1	-1	-1	-1	-1	-1	-1	-1	-1	-1	-1	-1	-1	-1
XMTQxNDc0MzE2OA==	49	69	72	75	75	75	75	76	76	76	76	76	76	76	76	76	76	76	76	-1	-1	-1	-1	-1	-1	-1	-1	-1	-1	-1
XMTQxNDUwMzMwOA==	15	-1	-1	-1	-1	-1	-1	-1	-1	-1	-1	-1	-1	-1	-1	-1	-1	-1	-1	-1	-1	-1	-1	-1	-1	-1	-1	-1	-1	-1
XMTQxNDg1OTU1Ng==	58	-1	-1	-1	-1	-1	-1	-1	-1	-1	-1	-1	-1	-1	-1	-1	-1	-1	-1	-1	-1	-1	-1	-1	-1	-1	-1	-1	-1	-1
XMTQxNDcwNzEwNA==	77	-1	-1	-1	-1	-1	-1	-1	-1	-1	-1	-1	-1	-1	-1	-1	-1	-1	-1	-1	-1	-1	-1	-1	-1	-1	-1	-1	-1	-1
XMTQxNDIyNzQ3Mg==	282	305	314	-1	-1	-1	-1	-1	-1	-1	-1	-1	-1	-1	-1	-1	-1	-1	-1	-1	-1	-1	-1	-1	-1	-1	-1	-1	-1	-1
XMTQxNDk1MjI2OA==	18	18	18	7	7	7	8	-1	-1	-1	-1	-1	-1	-1	-1	-1	-1	-1	-1	-1	-1	-1	-1	-1	-1	-1	-1	-1	-1	-1
XMTQxNDAyOTYwMA==	49	55	57	55	57	66	-1	-1	-1	-1	-1	-1	-1	-1	-1	-1	-1	-1	-1	-1	-1	-1	-1	-1	-1	-1	-1	-1	-1	-1
XMTQxNDExNDU3Mg==	1541	1940	2139	2413	-1	-1	-1	-1	-1	-1	-1	-1	-1	-1	-1	-1	-1	-1	-1	-1	-1	-1	-1	-1	-1	-1	-1	-1	-1	-1
XMTQxMzc4OTExNg==	43	44	39	46	53	53	57	59	61	65	69	69	69	70	-1	-1	-1	-1	-1	-1	-1	-1	-1	-1	-1	-1	-1	-1	-1	-1
XMTQxNDM2NTE0NA==	69	-1	-1	-1	-1	-1	-1	-1	-1	-1	-1	-1	-1	-1	-1	-1	-1	-1	-1	-1	-1	-1	-1	-1	-1	-1	-1	-1	-1	-1
XMTQxNDQ5NjUwOA==	35	-1	-1	-1	-1	-1	-1	-1	-1	-1	-1	-1	-1	-1	-1	-1	-1	-1	-1	-1	-1	-1	-1	-1	-1	-1	-1	-1	-1	-1
XMTQxNDc1NjE1Mg==	758	1074	1178	1333	2191	2467	2591	2664	2762	2905	2958	3064	3128	3192	3250	3291	3506	3685	3845	3896	3968	-1	-1	-1	-1	-1	-1	-1	-1	-1
XMTQxNDA3OTMyMA==	23	24	24	23	22	23	23	25	25	25	25	25	26	26	27	27	27	28	-1	-1	-1	-1	-1	-1	-1	-1	-1	-1	-1	-1
XMTQxMzU0ODI5Ng==	121	125	-1	-1	-1	-1	-1	-1	-1	-1	-1	-1	-1	-1	-1	-1	-1	-1	-1	-1	-1	-1	-1	-1	-1	-1	-1	-1	-1	-1
XMTQxMzkwMjY0OA==	11	13	-1	-1	-1	-1	-1	-1	-1	-1	-1	-1	-1	-1	-1	-1	-1	-1	-1	-1	-1	-1	-1	-1	-1	-1	-1	-1	-1	-1
XMTQxNDI1OTU4OA==	911	966	969	1031	1066	1073	1085	1092	1094	1106	1113	1115	1117	1115	1116	1118	1124	1126	1130	1130	1130	1130	1130	1131	1131	1133	1133	1138	-1	-1
XMTQxNDQwNTk5Mg==	26	30	33	32	32	32	32	33	34	34	34	34	34	35	34	34	34	34	34	34	35	35	35	35	35	-1	-1	-1	-1	-1
XMTQxNTIyNzEwMA==	6	13	-1	-1	-1	-1	-1	-1	-1	-1	-1	-1	-1	-1	-1	-1	-1	-1	-1	-1	-1	-1	-1	-1	-1	-1	-1	-1	-1	-1
XMTQxMzY0MTcyMA==	29	30	29	-1	-1	-1	-1	-1	-1	-1	-1	-1	-1	-1	-1	-1	-1	-1	-1	-1	-1	-1	-1	-1	-1	-1	-1	-1	-1	-1
XMTQxNDc1NTE0MA==	259	314	325	339	451	468	470	471	474	476	477	478	478	478	479	481	482	482	486	486	486	-1	-1	-1	-1	-1	-1	-1	-1	-1
XMTQxNDI2NDg2NA==	643	706	781	952	1072	1205	1405	1539	1647	1892	2036	2206	2271	2328	2397	2479	2634	2733	2912	2966	3001	3047	3101	3129	3235	3290	3310	3331	-1	-1
XMTQxNDI1OTg0OA==	283	312	334	393	400	398	402	403	408	408	408	411	411	412	415	415	415	416	421	422	422	423	425	426	429	437	441	444	-1	-1
XMTQxNDQyMTY4MA==	16	17	16	14	14	14	14	14	14	14	14	15	15	16	25	25	26	26	26	26	26	26	26	26	26	26	-1	-1	-1	-1
XMTQxNDA0MDQ4OA==	12	13	11	11	12	12	-1	-1	-1	-1	-1	-1	-1	-1	-1	-1	-1	-1	-1	-1	-1	-1	-1	-1	-1	-1	-1	-1	-1	-1
XMTQxMzYyMDkxMg==	28	31	31	31	-1	-1	-1	-1	-1	-1	-1	-1	-1	-1	-1	-1	-1	-1	-1	-1	-1	-1	-1	-1	-1	-1	-1	-1	-1	-1
XMTQxNDc3MzY2OA==	212	265	274	247	250	252	253	254	254	256	256	261	261	261	261	261	261	261	263	263	263	-1	-1	-1	-1	-1	-1	-1	-1	-1
XMTQxNDU0NzUxMg==	22	47	57	63	64	69	-1	-1	-1	-1	-1	-1	-1	-1	-1	-1	-1	-1	-1	-1	-1	-1	-1	-1	-1	-1	-1	-1	-1	-1
XMTQxNDgyODEzNg==	4	5	6	6	6	5	5	1631	-1	-1	-1	-1	-1	-1	-1	-1	-1	-1	-1	-1	-1	-1	-1	-1	-1	-1	-1	-1	-1	-1
XMTQxMzg5NzY5Ng==	218	225	222	223	229	231	234	237	240	242	244	245	245	-1	-1	-1	-1	-1	-1	-1	-1	-1	-1	-1	-1	-1	-1	-1	-1	-1
XMTQxMzgxMTI4OA==	67	73	74	77	83	87	92	-1	-1	-1	-1	-1	-1	-1	-1	-1	-1	-1	-1	-1	-1	-1	-1	-1	-1	-1	-1	-1	-1	-1
XMTQxNDE4NDMwNA==	361	-1	-1	-1	-1	-1	-1	-1	-1	-1	-1	-1	-1	-1	-1	-1	-1	-1	-1	-1	-1	-1	-1	-1	-1	-1	-1	-1	-1	-1
XMTQxNDQ1NTU1Mg==	41	61	67	70	73	78	-1	-1	-1	-1	-1	-1	-1	-1	-1	-1	-1	-1	-1	-1	-1	-1	-1	-1	-1	-1	-1	-1	-1	-1
XMTQxNDMxNzI4OA==	19	23	25	24	27	27	27	28	28	28	28	28	28	28	28	28	28	28	28	28	28	28	-1	-1	-1	-1	-1	-1	-1	-1
XMTQxNDAyMzA3Ng==	123	176	211	225	240	259	269	280	293	314	317	325	333	338	343	348	356	370	380	390	398	407	-1	-1	-1	-1	-1	-1	-1	-1
XMTQxNDIyMzg1Ng==	52	77	78	73	73	74	-1	-1	-1	-1	-1	-1	-1	-1	-1	-1	-1	-1	-1	-1	-1	-1	-1	-1	-1	-1	-1	-1	-1	-1
XMTQxNDM2Mjc0MA==	34	36	36	39	-1	-1	-1	-1	-1	-1	-1	-1	-1	-1	-1	-1	-1	-1	-1	-1	-1	-1	-1	-1	-1	-1	-1	-1	-1	-1
XMTQxNDE2OTI5Ng==	126	140	143	155	170	180	190	205	219	244	245	249	254	264	269	281	307	338	360	380	398	406	423	437	464	493	505	516	-1	-1
XMTQxNDY4MzQ2MA==	39	58	57	54	55	55	55	55	55	55	55	55	-1	-1	-1	-1	-1	-1	-1	-1	-1	-1	-1	-1	-1	-1	-1	-1	-1	-1
XMTQxNDIyMTUxNg==	51	81	99	-1	-1	-1	-1	-1	-1	-1	-1	-1	-1	-1	-1	-1	-1	-1	-1	-1	-1	-1	-1	-1	-1	-1	-1	-1	-1	-1
XMTQxMzk2NTY1Mg==	10	10	10	10	10	10	10	10	10	10	10	10	10	10	10	-1	-1	-1	-1	-1	-1	-1	-1	-1	-1	-1	-1	-1	-1	-1
XMTQxNDI4NTI0OA==	302	401	485	589	710	831	976	1119	1252	1587	1673	1955	2207	2392	-1	-1	-1	-1	-1	-1	-1	-1	-1	-1	-1	-1	-1	-1	-1	-1
XMTQxMzU2OTMwNA==	17	19	21	22	23	24	24	25	25	25	25	34	34	34	34	34	34	34	34	34	34	35	-1	-1	-1	-1	-1	-1	-1	-1
XMTQxNTA2MDU5Mg==	23	24	-1	-1	-1	-1	-1	-1	-1	-1	-1	-1	-1	-1	-1	-1	-1	-1	-1	-1	-1	-1	-1	-1	-1	-1	-1	-1	-1	-1
XMTQxMzc2ODc0OA==	889	932	902	-1	-1	-1	-1	-1	-1	-1	-1	-1	-1	-1	-1	-1	-1	-1	-1	-1	-1	-1	-1	-1	-1	-1	-1	-1	-1	-1
XMTQxMzc2ODc0NA==	1700	1812	1800	-1	-1	-1	-1	-1	-1	-1	-1	-1	-1	-1	-1	-1	-1	-1	-1	-1	-1	-1	-1	-1	-1	-1	-1	-1	-1	-1
XMTQxNDQ5MjU4MA==	5	-1	-1	-1	-1	-1	-1	-1	-1	-1	-1	-1	-1	-1	-1	-1	-1	-1	-1	-1	-1	-1	-1	-1	-1	-1	-1	-1	-1	-1
XMTQxNDEyMDMxMg==	54	59	58	56	56	56	56	56	56	56	56	56	56	56	56	56	56	56	-1	-1	-1	-1	-1	-1	-1	-1	-1	-1	-1	-1
XMTQxNDQ1OTc3Ng==	29	31	23	25	25	25	25	-1	-1	-1	-1	-1	-1	-1	-1	-1	-1	-1	-1	-1	-1	-1	-1	-1	-1	-1	-1	-1	-1	-1
XMTQxNDc0OTMwOA==	19	25	26	24	24	24	-1	-1	-1	-1	-1	-1	-1	-1	-1	-1	-1	-1	-1	-1	-1	-1	-1	-1	-1	-1	-1	-1	-1	-1
XMTQxNDU5Mzc1Ng==	19	-1	-1	-1	-1	-1	-1	-1	-1	-1	-1	-1	-1	-1	-1	-1	-1	-1	-1	-1	-1	-1	-1	-1	-1	-1	-1	-1	-1	-1
XMTQxNTI5NjIxMg==	2	-1	-1	-1	-1	-1	-1	-1	-1	-1	-1	-1	-1	-1	-1	-1	-1	-1	-1	-1	-1	-1	-1	-1	-1	-1	-1	-1	-1	-1
XMTQxNDMyNTM2MA==	15	16	16	15	15	15	15	15	15	15	15	15	15	15	-1	-1	-1	-1	-1	-1	-1	-1	-1	-1	-1	-1	-1	-1	-1	-1
XMTQxMzc2MDcxMg==	88	113	121	-1	-1	-1	-1	-1	-1	-1	-1	-1	-1	-1	-1	-1	-1	-1	-1	-1	-1	-1	-1	-1	-1	-1	-1	-1	-1	-1
XMTQxNDE2OTEwOA==	22	30	42	47	48	55	63	78	78	80	86	98	110	116	121	124	129	131	133	152	168	181	206	231	257	273	289	304	-1	-1
XMTQxNDQzNjA1Mg==	2	-1	-1	-1	-1	-1	-1	-1	-1	-1	-1	-1	-1	-1	-1	-1	-1	-1	-1	-1	-1	-1	-1	-1	-1	-1	-1	-1	-1	-1
XMTQxNDIxOTc3Ng==	541	552	480	-1	-1	-1	-1	-1	-1	-1	-1	-1	-1	-1	-1	-1	-1	-1	-1	-1	-1	-1	-1	-1	-1	-1	-1	-1	-1	-1
XMTQxMzYyMjY1Ng==	93	-1	-1	-1	-1	-1	-1	-1	-1	-1	-1	-1	-1	-1	-1	-1	-1	-1	-1	-1	-1	-1	-1	-1	-1	-1	-1	-1	-1	-1
XMTQxNDY1NTEwNA==	7	21	-1	-1	-1	-1	-1	-1	-1	-1	-1	-1	-1	-1	-1	-1	-1	-1	-1	-1	-1	-1	-1	-1	-1	-1	-1	-1	-1	-1
XMTQxNDc3MTQ4NA==	118	138	153	155	163	168	172	188	192	195	196	200	201	201	201	203	204	204	205	207	207	-1	-1	-1	-1	-1	-1	-1	-1	-1
XMTQxNDA2MDkyNA==	284	304	310	308	310	313	-1	-1	-1	-1	-1	-1	-1	-1	-1	-1	-1	-1	-1	-1	-1	-1	-1	-1	-1	-1	-1	-1	-1	-1
XMTQxNDI3MDI5Mg==	302	328	334	335	335	338	340	343	-1	-1	-1	-1	-1	-1	-1	-1	-1	-1	-1	-1	-1	-1	-1	-1	-1	-1	-1	-1	-1	-1
XMTQxNDk1MTc5Mg==	5	6	6	6	6	9	9	9	9	9	9	9	10	10	10	10	10	10	10	-1	-1	-1	-1	-1	-1	-1	-1	-1	-1	-1
XMTQxMzY3NzQwOA==	107	-1	-1	-1	-1	-1	-1	-1	-1	-1	-1	-1	-1	-1	-1	-1	-1	-1	-1	-1	-1	-1	-1	-1	-1	-1	-1	-1	-1	-1
XMTQxMzc5NTI4MA==	398	716	831	897	901	890	887	891	895	898	898	898	-1	-1	-1	-1	-1	-1	-1	-1	-1	-1	-1	-1	-1	-1	-1	-1	-1	-1
XMTQxNDkwNjUyOA==	39	52	53	53	53	53	53	53	53	54	54	57	57	57	57	57	59	-1	-1	-1	-1	-1	-1	-1	-1	-1	-1	-1	-1	-1
XMTQxMzYyODg2NA==	11	11	-1	-1	-1	-1	-1	-1	-1	-1	-1	-1	-1	-1	-1	-1	-1	-1	-1	-1	-1	-1	-1	-1	-1	-1	-1	-1	-1	-1
XMTQxNDIyODA0NA==	462	476	454	-1	-1	-1	-1	-1	-1	-1	-1	-1	-1	-1	-1	-1	-1	-1	-1	-1	-1	-1	-1	-1	-1	-1	-1	-1	-1	-1
XMTQxMzY1NTc0OA==	161	169	168	177	180	180	183	185	186	189	189	193	192	192	192	192	-1	-1	-1	-1	-1	-1	-1	-1	-1	-1	-1	-1	-1	-1
XMTQxNDcwNTQwNA==	4	5	6	-1	-1	-1	-1	-1	-1	-1	-1	-1	-1	-1	-1	-1	-1	-1	-1	-1	-1	-1	-1	-1	-1	-1	-1	-1	-1	-1
XMTQxNDU3MDAyMA==	12	15	15	-1	-1	-1	-1	-1	-1	-1	-1	-1	-1	-1	-1	-1	-1	-1	-1	-1	-1	-1	-1	-1	-1	-1	-1	-1	-1	-1
XMTQxNDQ3MjE0OA==	17	20	21	23	25	26	26	27	29	30	30	-1	-1	-1	-1	-1	-1	-1	-1	-1	-1	-1	-1	-1	-1	-1	-1	-1	-1	-1
XMTQxNDI1MDQwOA==	4	-1	-1	-1	-1	-1	-1	-1	-1	-1	-1	-1	-1	-1	-1	-1	-1	-1	-1	-1	-1	-1	-1	-1	-1	-1	-1	-1	-1	-1
XMTQxMzk0OTM2MA==	6	7	7	7	7	7	7	7	7	-1	-1	-1	-1	-1	-1	-1	-1	-1	-1	-1	-1	-1	-1	-1	-1	-1	-1	-1	-1	-1
XMTQxNDE2NTc4OA==	46	50	49	49	50	50	50	50	53	59	59	59	-1	-1	-1	-1	-1	-1	-1	-1	-1	-1	-1	-1	-1	-1	-1	-1	-1	-1
XMTQxNDcwMDE2MA==	353	-1	-1	-1	-1	-1	-1	-1	-1	-1	-1	-1	-1	-1	-1	-1	-1	-1	-1	-1	-1	-1	-1	-1	-1	-1	-1	-1	-1	-1
XMTQxMzg0OTExNg==	5	5	4	4	4	4	-1	-1	-1	-1	-1	-1	-1	-1	-1	-1	-1	-1	-1	-1	-1	-1	-1	-1	-1	-1	-1	-1	-1	-1
XMTQxNDc1NTY1Ng==	9	17	18	15	15	15	-1	-1	-1	-1	-1	-1	-1	-1	-1	-1	-1	-1	-1	-1	-1	-1	-1	-1	-1	-1	-1	-1	-1	-1
XMTQxNDUxNzkzNg==	18	20	-1	-1	-1	-1	-1	-1	-1	-1	-1	-1	-1	-1	-1	-1	-1	-1	-1	-1	-1	-1	-1	-1	-1	-1	-1	-1	-1	-1
XMTQxNDQ3ODUzMg==	58	-1	-1	-1	-1	-1	-1	-1	-1	-1	-1	-1	-1	-1	-1	-1	-1	-1	-1	-1	-1	-1	-1	-1	-1	-1	-1	-1	-1	-1
XMTQxNDYyMzQ3Mg==	17	-1	-1	-1	-1	-1	-1	-1	-1	-1	-1	-1	-1	-1	-1	-1	-1	-1	-1	-1	-1	-1	-1	-1	-1	-1	-1	-1	-1	-1
XMTQxNTIwNzQwOA==	650	1618	1772	1806	1807	1820	1849	1871	1876	-1	-1	-1	-1	-1	-1	-1	-1	-1	-1	-1	-1	-1	-1	-1	-1	-1	-1	-1	-1	-1
XMTQxNDAxNDcwNA==	91	99	105	107	114	119	121	122	123	124	-1	-1	-1	-1	-1	-1	-1	-1	-1	-1	-1	-1	-1	-1	-1	-1	-1	-1	-1	-1
XMTQxNTAyOTQxNg==	60948	-1	-1	-1	-1	-1	-1	-1	-1	-1	-1	-1	-1	-1	-1	-1	-1	-1	-1	-1	-1	-1	-1	-1	-1	-1	-1	-1	-1	-1
XMTQxNDI3NjQ0MA==	132	141	137	139	139	139	140	141	156	158	158	161	160	160	162	163	164	164	164	165	165	-1	-1	-1	-1	-1	-1	-1	-1	-1
XMTQxNDI2MDc2OA==	22	-1	-1	-1	-1	-1	-1	-1	-1	-1	-1	-1	-1	-1	-1	-1	-1	-1	-1	-1	-1	-1	-1	-1	-1	-1	-1	-1	-1	-1
XMTQxNDEwMTQwMA==	7	7	9	8	9	11	13	13	14	14	14	14	14	-1	-1	-1	-1	-1	-1	-1	-1	-1	-1	-1	-1	-1	-1	-1	-1	-1
XMTQxMzc4MzI1Ng==	71	75	72	72	74	74	78	78	79	79	79	79	79	79	80	81	82	84	86	87	-1	-1	-1	-1	-1	-1	-1	-1	-1	-1
XMTQxNDAyMjg0NA==	97	-1	-1	-1	-1	-1	-1	-1	-1	-1	-1	-1	-1	-1	-1	-1	-1	-1	-1	-1	-1	-1	-1	-1	-1	-1	-1	-1	-1	-1
XMTQxNDIyMjIwMA==	23	23	22	18	20	20	-1	-1	-1	-1	-1	-1	-1	-1	-1	-1	-1	-1	-1	-1	-1	-1	-1	-1	-1	-1	-1	-1	-1	-1
XMTQxNDA1OTQzNg==	24	24	24	24	24	24	24	-1	-1	-1	-1	-1	-1	-1	-1	-1	-1	-1	-1	-1	-1	-1	-1	-1	-1	-1	-1	-1	-1	-1
XMTQxNDUwNzE5Ng==	5	-1	-1	-1	-1	-1	-1	-1	-1	-1	-1	-1	-1	-1	-1	-1	-1	-1	-1	-1	-1	-1	-1	-1	-1	-1	-1	-1	-1	-1
XMTQxNDc0NTc3Ng==	77	209	250	247	242	249	251	258	262	262	262	262	-1	-1	-1	-1	-1	-1	-1	-1	-1	-1	-1	-1	-1	-1	-1	-1	-1	-1
XMTQxNDEzODU1Mg==	2069	2572	2847	3163	3261	3373	-1	-1	-1	-1	-1	-1	-1	-1	-1	-1	-1	-1	-1	-1	-1	-1	-1	-1	-1	-1	-1	-1	-1	-1
XMTQxMzY1MTg5Ng==	1219	1237	1159	1170	1169	1170	1169	1169	1169	1169	1169	1169	1169	1169	1169	1169	1169	1169	1169	1169	1169	1169	1169	1169	1169	1169	1169	1169	1169	-1
XMTQxNDUxNTQ2MA==	116	165	163	172	174	178	181	182	184	194	194	196	199	201	221	240	240	241	242	242	245	247	247	-1	-1	-1	-1	-1	-1	-1
XMTQxNDIwNzgwOA==	73	109	114	106	106	109	-1	-1	-1	-1	-1	-1	-1	-1	-1	-1	-1	-1	-1	-1	-1	-1	-1	-1	-1	-1	-1	-1	-1	-1
XMTQxNDUyMDcxMg==	17	21	19	20	20	21	-1	-1	-1	-1	-1	-1	-1	-1	-1	-1	-1	-1	-1	-1	-1	-1	-1	-1	-1	-1	-1	-1	-1	-1
XMTQxMzgyODEyOA==	23	23	52	52	-1	-1	-1	-1	-1	-1	-1	-1	-1	-1	-1	-1	-1	-1	-1	-1	-1	-1	-1	-1	-1	-1	-1	-1	-1	-1
XMTQxNDUzMTc4NA==	5	-1	-1	-1	-1	-1	-1	-1	-1	-1	-1	-1	-1	-1	-1	-1	-1	-1	-1	-1	-1	-1	-1	-1	-1	-1	-1	-1	-1	-1
XMTQxNDIyMDQ0MA==	148	157	153	-1	-1	-1	-1	-1	-1	-1	-1	-1	-1	-1	-1	-1	-1	-1	-1	-1	-1	-1	-1	-1	-1	-1	-1	-1	-1	-1
XMTQxNDczODYxNg==	11	25	37	41	44	47	48	48	54	56	56	57	59	59	-1	-1	-1	-1	-1	-1	-1	-1	-1	-1	-1	-1	-1	-1	-1	-1
XMTQxNTE4Mjk5Ng==	1	1	1	1	1	-1	-1	-1	-1	-1	-1	-1	-1	-1	-1	-1	-1	-1	-1	-1	-1	-1	-1	-1	-1	-1	-1	-1	-1	-1
XMTQxMzQxNzU0NA==	23	25	25	25	25	25	-1	-1	-1	-1	-1	-1	-1	-1	-1	-1	-1	-1	-1	-1	-1	-1	-1	-1	-1	-1	-1	-1	-1	-1
XMTQxNDUzMzA2MA==	82	117	123	131	142	160	-1	-1	-1	-1	-1	-1	-1	-1	-1	-1	-1	-1	-1	-1	-1	-1	-1	-1	-1	-1	-1	-1	-1	-1
XMTQxMzkwNjQyMA==	40	40	39	-1	-1	-1	-1	-1	-1	-1	-1	-1	-1	-1	-1	-1	-1	-1	-1	-1	-1	-1	-1	-1	-1	-1	-1	-1	-1	-1
XMTQxNDM2NTUyOA==	92	119	124	126	130	133	137	137	137	145	146	146	150	150	150	150	158	159	160	161	161	167	170	170	171	172	174	174	-1	-1
XMTQxMzczMTg2OA==	94	97	98	98	99	99	102	102	104	105	105	105	105	107	107	107	108	108	108	108	108	108	108	-1	-1	-1	-1	-1	-1	-1
XMTQxNDQ4MTAwNA==	4	-1	-1	-1	-1	-1	-1	-1	-1	-1	-1	-1	-1	-1	-1	-1	-1	-1	-1	-1	-1	-1	-1	-1	-1	-1	-1	-1	-1	-1
XMTQxNDU0OTg1Mg==	8	9	9	5	5	5	-1	-1	-1	-1	-1	-1	-1	-1	-1	-1	-1	-1	-1	-1	-1	-1	-1	-1	-1	-1	-1	-1	-1	-1
XMTQxNDE0MDUyMA==	307	317	317	-1	-1	-1	-1	-1	-1	-1	-1	-1	-1	-1	-1	-1	-1	-1	-1	-1	-1	-1	-1	-1	-1	-1	-1	-1	-1	-1
XMTQxNDIxMTIxMg==	119	136	146	152	157	161	163	165	166	167	168	171	174	176	179	182	186	188	189	189	-1	-1	-1	-1	-1	-1	-1	-1	-1	-1
XMTQxNDM5MjA3Mg==	13	13	13	12	12	12	12	12	12	12	12	12	12	12	12	12	12	12	12	12	-1	-1	-1	-1	-1	-1	-1	-1	-1	-1
XMTQxNDIyMDU4MA==	119	153	161	164	169	169	-1	-1	-1	-1	-1	-1	-1	-1	-1	-1	-1	-1	-1	-1	-1	-1	-1	-1	-1	-1	-1	-1	-1	-1
XMTQxMzkwNzcyNA==	1581	1696	-1	-1	-1	-1	-1	-1	-1	-1	-1	-1	-1	-1	-1	-1	-1	-1	-1	-1	-1	-1	-1	-1	-1	-1	-1	-1	-1	-1
XMTQxNDczMDY2MA==	10	14	14	13	-1	-1	-1	-1	-1	-1	-1	-1	-1	-1	-1	-1	-1	-1	-1	-1	-1	-1	-1	-1	-1	-1	-1	-1	-1	-1
XMTQxNDYxNDk0NA==	280	501	539	532	522	-1	-1	-1	-1	-1	-1	-1	-1	-1	-1	-1	-1	-1	-1	-1	-1	-1	-1	-1	-1	-1	-1	-1	-1	-1
XMTQxMzkyNjE2MA==	32	46	53	62	78	86	92	94	92	101	101	106	106	124	128	130	145	145	150	151	153	156	158	159	162	164	166	-1	-1	-1
XMTQxNDUzMDA2OA==	159	-1	-1	-1	-1	-1	-1	-1	-1	-1	-1	-1	-1	-1	-1	-1	-1	-1	-1	-1	-1	-1	-1	-1	-1	-1	-1	-1	-1	-1
XMTQxNTI0NTA0MA==	1587	2593	3055	3599	3769	3960	4122	4260	-1	-1	-1	-1	-1	-1	-1	-1	-1	-1	-1	-1	-1	-1	-1	-1	-1	-1	-1	-1	-1	-1
XMTQxNDc2NzE4NA==	1104	1464	1580	1763	2228	2383	2533	2637	2692	2912	3044	3227	3316	3391	3445	3525	3715	3863	3963	4037	4089	4145	-1	-1	-1	-1	-1	-1	-1	-1
XMTQxNDE2MDQ5Ng==	133	218	227	227	227	227	228	228	228	229	229	229	229	229	229	229	229	229	229	-1	-1	-1	-1	-1	-1	-1	-1	-1	-1	-1
XMTQxNDIxODgyNA==	86	114	114	104	106	106	-1	-1	-1	-1	-1	-1	-1	-1	-1	-1	-1	-1	-1	-1	-1	-1	-1	-1	-1	-1	-1	-1	-1	-1
XMTQxNDY0ODkzMg==	36	-1	-1	-1	-1	-1	-1	-1	-1	-1	-1	-1	-1	-1	-1	-1	-1	-1	-1	-1	-1	-1	-1	-1	-1	-1	-1	-1	-1	-1
XMTQxNDMyODc1Mg==	1651	2735	5061	9501	12343	13432	14599	-1	-1	-1	-1	-1	-1	-1	-1	-1	-1	-1	-1	-1	-1	-1	-1	-1	-1	-1	-1	-1	-1	-1
XMTQxMzk0NTg4OA==	108	136	145	153	171	183	197	207	214	230	-1	-1	-1	-1	-1	-1	-1	-1	-1	-1	-1	-1	-1	-1	-1	-1	-1	-1	-1	-1
XMTQxMzgwMTMwOA==	469	-1	-1	-1	-1	-1	-1	-1	-1	-1	-1	-1	-1	-1	-1	-1	-1	-1	-1	-1	-1	-1	-1	-1	-1	-1	-1	-1	-1	-1
XMTQxNDIyNTc2OA==	17	19	19	17	17	17	-1	-1	-1	-1	-1	-1	-1	-1	-1	-1	-1	-1	-1	-1	-1	-1	-1	-1	-1	-1	-1	-1	-1	-1
XMTQxMzg1MjM3Ng==	13	13	11	-1	-1	-1	-1	-1	-1	-1	-1	-1	-1	-1	-1	-1	-1	-1	-1	-1	-1	-1	-1	-1	-1	-1	-1	-1	-1	-1
XMTQxNDQ2MDgwOA==	41	41	37	36	36	-1	-1	-1	-1	-1	-1	-1	-1	-1	-1	-1	-1	-1	-1	-1	-1	-1	-1	-1	-1	-1	-1	-1	-1	-1
XMTQxNDczODg4NA==	275	344	-1	-1	-1	-1	-1	-1	-1	-1	-1	-1	-1	-1	-1	-1	-1	-1	-1	-1	-1	-1	-1	-1	-1	-1	-1	-1	-1	-1
XMTQxNDIyMzU4OA==	19	22	20	22	23	23	-1	-1	-1	-1	-1	-1	-1	-1	-1	-1	-1	-1	-1	-1	-1	-1	-1	-1	-1	-1	-1	-1	-1	-1
XMTQxNDI3NzgyOA==	15	16	16	15	15	15	15	15	15	-1	-1	-1	-1	-1	-1	-1	-1	-1	-1	-1	-1	-1	-1	-1	-1	-1	-1	-1	-1	-1
XMTQxMzk3NTgwOA==	33	35	34	-1	-1	-1	-1	-1	-1	-1	-1	-1	-1	-1	-1	-1	-1	-1	-1	-1	-1	-1	-1	-1	-1	-1	-1	-1	-1	-1
XMTQxMzk5NDM2OA==	5	-1	-1	-1	-1	-1	-1	-1	-1	-1	-1	-1	-1	-1	-1	-1	-1	-1	-1	-1	-1	-1	-1	-1	-1	-1	-1	-1	-1	-1
XMTQxNDAzMzI4NA==	362	-1	-1	-1	-1	-1	-1	-1	-1	-1	-1	-1	-1	-1	-1	-1	-1	-1	-1	-1	-1	-1	-1	-1	-1	-1	-1	-1	-1	-1
XMTQxNDIyNTMxNg==	127	138	140	143	148	150	-1	-1	-1	-1	-1	-1	-1	-1	-1	-1	-1	-1	-1	-1	-1	-1	-1	-1	-1	-1	-1	-1	-1	-1
XMTQxNTA0Nzk2OA==	2	51073	51076	51076	51076	51076	51076	51076	51076	-1	-1	-1	-1	-1	-1	-1	-1	-1	-1	-1	-1	-1	-1	-1	-1	-1	-1	-1	-1	-1
XMTQxNDY4NzEzMg==	805	891	914	876	-1	-1	-1	-1	-1	-1	-1	-1	-1	-1	-1	-1	-1	-1	-1	-1	-1	-1	-1	-1	-1	-1	-1	-1	-1	-1
XMTQxNDQ2NDE0MA==	10	14	16	16	16	17	18	-1	-1	-1	-1	-1	-1	-1	-1	-1	-1	-1	-1	-1	-1	-1	-1	-1	-1	-1	-1	-1	-1	-1
XMTQxNDk0NDEyMA==	3	7	14	-1	-1	-1	-1	-1	-1	-1	-1	-1	-1	-1	-1	-1	-1	-1	-1	-1	-1	-1	-1	-1	-1	-1	-1	-1	-1	-1
XMTQxNDMyNzExMg==	20	23	23	26	36	36	36	38	38	39	39	42	44	45	45	46	48	-1	-1	-1	-1	-1	-1	-1	-1	-1	-1	-1	-1	-1
XMTQxNDkwMjA2NA==	5	-1	-1	-1	-1	-1	-1	-1	-1	-1	-1	-1	-1	-1	-1	-1	-1	-1	-1	-1	-1	-1	-1	-1	-1	-1	-1	-1	-1	-1
XMTQxNDk1OTE2NA==	4	4	5	5	5	5	5	5	5	5	5	5	5	5	5	5	5	5	5	-1	-1	-1	-1	-1	-1	-1	-1	-1	-1	-1
XMTQxNDcwMDgxMg==	15	-1	-1	-1	-1	-1	-1	-1	-1	-1	-1	-1	-1	-1	-1	-1	-1	-1	-1	-1	-1	-1	-1	-1	-1	-1	-1	-1	-1	-1
XMTQxNDUwOTg3Mg==	16	24	32	36	42	43	44	-1	-1	-1	-1	-1	-1	-1	-1	-1	-1	-1	-1	-1	-1	-1	-1	-1	-1	-1	-1	-1	-1	-1
XMTQxNDI1NDgzNg==	606	717	695	714	725	743	746	747	761	766	769	770	775	779	795	799	804	807	813	825	835	840	844	845	846	848	850	-1	-1	-1
XMTQxMzgwNTM3Ng==	12	-1	-1	-1	-1	-1	-1	-1	-1	-1	-1	-1	-1	-1	-1	-1	-1	-1	-1	-1	-1	-1	-1	-1	-1	-1	-1	-1	-1	-1
XMTQxNDc3MDgwOA==	910	1057	1072	1025	1031	1037	1041	1047	1053	1050	1050	1053	1056	1059	1059	1062	1066	1067	1070	1078	1078	-1	-1	-1	-1	-1	-1	-1	-1	-1
XMTQxNDc1OTA1Mg==	9	10	11	14	14	14	15	28	28	28	28	28	-1	-1	-1	-1	-1	-1	-1	-1	-1	-1	-1	-1	-1	-1	-1	-1	-1	-1
XMTQxNTEzNjI5Ng==	1209	1897	2058	2155	2211	2240	2255	2269	-1	-1	-1	-1	-1	-1	-1	-1	-1	-1	-1	-1	-1	-1	-1	-1	-1	-1	-1	-1	-1	-1
XMTQxNDI1OTU1Ng==	27	31	35	37	43	43	43	44	45	-1	-1	-1	-1	-1	-1	-1	-1	-1	-1	-1	-1	-1	-1	-1	-1	-1	-1	-1	-1	-1
XMTQxNTE3Njk5Ng==	1	1332	-1	-1	-1	-1	-1	-1	-1	-1	-1	-1	-1	-1	-1	-1	-1	-1	-1	-1	-1	-1	-1	-1	-1	-1	-1	-1	-1	-1
XMTQxNTMzNTIzNg==	2	6	-1	-1	-1	-1	-1	-1	-1	-1	-1	-1	-1	-1	-1	-1	-1	-1	-1	-1	-1	-1	-1	-1	-1	-1	-1	-1	-1	-1
XMTQxNDAzMzI4OA==	13	14	12	14	14	18	22	23	24	25	25	25	25	27	27	27	27	28	28	29	-1	-1	-1	-1	-1	-1	-1	-1	-1	-1
XMTQxNTIyMTk1Ng==	1	10	-1	-1	-1	-1	-1	-1	-1	-1	-1	-1	-1	-1	-1	-1	-1	-1	-1	-1	-1	-1	-1	-1	-1	-1	-1	-1	-1	-1
XMTQxNDIyNDAwOA==	1122	1183	1051	1063	1069	1073	1080	1083	1086	-1	-1	-1	-1	-1	-1	-1	-1	-1	-1	-1	-1	-1	-1	-1	-1	-1	-1	-1	-1	-1
XMTQxNDQzNzMwMA==	183	184	183	170	169	170	170	170	170	170	170	170	170	170	170	170	170	170	170	170	170	170	170	170	170	170	170	170	170	-1
XMTQxNDc2ODIxMg==	735	1099	1248	1402	1654	1761	1813	1871	1926	1988	2010	2046	2069	2084	2096	2118	2145	2166	2190	2200	2201	2209	-1	-1	-1	-1	-1	-1	-1	-1
XMTQxMzc4MDI3Mg==	183	188	187	187	187	-1	-1	-1	-1	-1	-1	-1	-1	-1	-1	-1	-1	-1	-1	-1	-1	-1	-1	-1	-1	-1	-1	-1	-1	-1
XMTQxNTAwMTA5Ng==	2	-1	-1	-1	-1	-1	-1	-1	-1	-1	-1	-1	-1	-1	-1	-1	-1	-1	-1	-1	-1	-1	-1	-1	-1	-1	-1	-1	-1	-1
XMTQxNDAxNzg3Ng==	830	967	978	987	994	1002	-1	-1	-1	-1	-1	-1	-1	-1	-1	-1	-1	-1	-1	-1	-1	-1	-1	-1	-1	-1	-1	-1	-1	-1
XMTQxNDUzMDcyNA==	57	67	66	66	-1	-1	-1	-1	-1	-1	-1	-1	-1	-1	-1	-1	-1	-1	-1	-1	-1	-1	-1	-1	-1	-1	-1	-1	-1	-1
XMTQxNDQ2MzU1Mg==	3	6	6	6	6	6	6	6	6	7	7	7	7	7	7	7	7	7	7	7	-1	-1	-1	-1	-1	-1	-1	-1	-1	-1
XMTQxMzc0OTcwNA==	1716	-1	-1	-1	-1	-1	-1	-1	-1	-1	-1	-1	-1	-1	-1	-1	-1	-1	-1	-1	-1	-1	-1	-1	-1	-1	-1	-1	-1	-1
XMTQxMTk5NTQ1Mg==	14	16	17	17	18	20	21	-1	-1	-1	-1	-1	-1	-1	-1	-1	-1	-1	-1	-1	-1	-1	-1	-1	-1	-1	-1	-1	-1	-1
XMTQxMzgyMDQzNg==	15	43	76	78	80	80	81	82	82	83	83	86	88	89	91	91	93	93	94	93	97	97	99	101	101	102	102	105	-1	-1
XMTQxMzc3MzUwNA==	959	1006	975	980	986	989	992	1012	1019	1020	1023	1023	1023	1023	1025	1026	1025	1026	1026	1026	1026	-1	-1	-1	-1	-1	-1	-1	-1	-1
XMTQxNDQwNDgyOA==	2	3	4	4	7	7	-1	-1	-1	-1	-1	-1	-1	-1	-1	-1	-1	-1	-1	-1	-1	-1	-1	-1	-1	-1	-1	-1	-1	-1
XMTQxNDkwMzc4MA==	8	11	-1	-1	-1	-1	-1	-1	-1	-1	-1	-1	-1	-1	-1	-1	-1	-1	-1	-1	-1	-1	-1	-1	-1	-1	-1	-1	-1	-1
XMTQxNDMwMjEwNA==	29	31	33	33	33	33	34	34	34	34	34	34	34	34	34	-1	-1	-1	-1	-1	-1	-1	-1	-1	-1	-1	-1	-1	-1	-1
XMTQxNDczOTc4NA==	102	123	-1	-1	-1	-1	-1	-1	-1	-1	-1	-1	-1	-1	-1	-1	-1	-1	-1	-1	-1	-1	-1	-1	-1	-1	-1	-1	-1	-1
XMTQxNDkwMjE3Mg==	8	10	12	-1	-1	-1	-1	-1	-1	-1	-1	-1	-1	-1	-1	-1	-1	-1	-1	-1	-1	-1	-1	-1	-1	-1	-1	-1	-1	-1
XMTQxNDAzNzYwMA==	218	269	268	268	269	270	-1	-1	-1	-1	-1	-1	-1	-1	-1	-1	-1	-1	-1	-1	-1	-1	-1	-1	-1	-1	-1	-1	-1	-1
XMTQxNDU1MDM2OA==	12	13	13	-1	-1	-1	-1	-1	-1	-1	-1	-1	-1	-1	-1	-1	-1	-1	-1	-1	-1	-1	-1	-1	-1	-1	-1	-1	-1	-1
XMTQxNDU0NzQ2MA==	14	20	24	30	33	32	-1	-1	-1	-1	-1	-1	-1	-1	-1	-1	-1	-1	-1	-1	-1	-1	-1	-1	-1	-1	-1	-1	-1	-1
XMTQxMzgyMTQ1Mg==	16	16	13	12	12	12	-1	-1	-1	-1	-1	-1	-1	-1	-1	-1	-1	-1	-1	-1	-1	-1	-1	-1	-1	-1	-1	-1	-1	-1
XMTQxMzg4MzcxMg==	14	16	15	15	15	15	-1	-1	-1	-1	-1	-1	-1	-1	-1	-1	-1	-1	-1	-1	-1	-1	-1	-1	-1	-1	-1	-1	-1	-1
XMTQxNDYxNTU4OA==	110	154	169	172	314	324	331	337	337	365	365	365	367	368	370	371	371	374	374	376	376	379	382	-1	-1	-1	-1	-1	-1	-1
XMTQxNDQ5MDA0NA==	1337	2085	2517	2990	3290	3586	3835	-1	-1	-1	-1	-1	-1	-1	-1	-1	-1	-1	-1	-1	-1	-1	-1	-1	-1	-1	-1	-1	-1	-1
XMTQxNDU5MDcyOA==	5	6	7	6	6	6	6	-1	-1	-1	-1	-1	-1	-1	-1	-1	-1	-1	-1	-1	-1	-1	-1	-1	-1	-1	-1	-1	-1	-1
XMTQxMzk3OTkwNA==	70	83	94	94	95	97	99	100	100	100	102	144	148	150	151	152	-1	-1	-1	-1	-1	-1	-1	-1	-1	-1	-1	-1	-1	-1
XMTQxNDY3OTk2OA==	8	13	13	11	12	-1	-1	-1	-1	-1	-1	-1	-1	-1	-1	-1	-1	-1	-1	-1	-1	-1	-1	-1	-1	-1	-1	-1	-1	-1
XMTQxNDM3MTgzNg==	154	380	518	705	838	975	1065	1379	1454	1643	1769	1974	2109	2202	2270	2385	2465	2572	2672	2767	2844	2933	3065	3171	3270	-1	-1	-1	-1	-1
XMTQxNDU2NjYyMA==	21	24	25	24	24	24	-1	-1	-1	-1	-1	-1	-1	-1	-1	-1	-1	-1	-1	-1	-1	-1	-1	-1	-1	-1	-1	-1	-1	-1
XMTQxNDI2Nzg2MA==	100	103	104	104	103	103	-1	-1	-1	-1	-1	-1	-1	-1	-1	-1	-1	-1	-1	-1	-1	-1	-1	-1	-1	-1	-1	-1	-1	-1
XMTQxMzgwNzU5Mg==	520	-1	-1	-1	-1	-1	-1	-1	-1	-1	-1	-1	-1	-1	-1	-1	-1	-1	-1	-1	-1	-1	-1	-1	-1	-1	-1	-1	-1	-1
XMTQxMzk3NTk2OA==	62	80	86	94	96	101	104	109	111	118	120	122	125	126	129	133	134	136	139	139	141	145	-1	-1	-1	-1	-1	-1	-1	-1
XMTQxMzA5NjYyMA==	87	-1	-1	-1	-1	-1	-1	-1	-1	-1	-1	-1	-1	-1	-1	-1	-1	-1	-1	-1	-1	-1	-1	-1	-1	-1	-1	-1	-1	-1
XMTQxMzk1Njg2OA==	6	6	7	7	7	-1	-1	-1	-1	-1	-1	-1	-1	-1	-1	-1	-1	-1	-1	-1	-1	-1	-1	-1	-1	-1	-1	-1	-1	-1
XMTQxMzk2NTY5Ng==	23	24	24	24	25	25	25	25	25	25	25	25	25	25	26	-1	-1	-1	-1	-1	-1	-1	-1	-1	-1	-1	-1	-1	-1	-1
XMTQxNDg3ODEzNg==	16	21	23	23	25	29	29	29	29	29	29	29	29	30	-1	-1	-1	-1	-1	-1	-1	-1	-1	-1	-1	-1	-1	-1	-1	-1
XMTQxNDE0MTgwMA==	127	130	133	135	136	140	140	140	141	-1	-1	-1	-1	-1	-1	-1	-1	-1	-1	-1	-1	-1	-1	-1	-1	-1	-1	-1	-1	-1
XMTQxNTI2NjM3Ng==	0	0	-1	-1	-1	-1	-1	-1	-1	-1	-1	-1	-1	-1	-1	-1	-1	-1	-1	-1	-1	-1	-1	-1	-1	-1	-1	-1	-1	-1
XMTQxNDQ1MDQ5Mg==	65	-1	-1	-1	-1	-1	-1	-1	-1	-1	-1	-1	-1	-1	-1	-1	-1	-1	-1	-1	-1	-1	-1	-1	-1	-1	-1	-1	-1	-1
XMTQxMzk5MTc3Mg==	13	14	12	12	12	12	12	12	12	13	-1	-1	-1	-1	-1	-1	-1	-1	-1	-1	-1	-1	-1	-1	-1	-1	-1	-1	-1	-1
XMTQxNDUxNjY4OA==	72	80	89	96	97	98	97	97	98	98	99	99	101	101	101	101	101	102	104	-1	-1	-1	-1	-1	-1	-1	-1	-1	-1	-1
XMTQxNDMyMzQ0OA==	422	477	488	492	501	508	517	524	530	537	539	543	544	546	551	553	-1	-1	-1	-1	-1	-1	-1	-1	-1	-1	-1	-1	-1	-1
XMTQxNDQ5MzI4OA==	6	-1	-1	-1	-1	-1	-1	-1	-1	-1	-1	-1	-1	-1	-1	-1	-1	-1	-1	-1	-1	-1	-1	-1	-1	-1	-1	-1	-1	-1
XMTQxMzg2MDc2MA==	9	9	9	9	9	-1	-1	-1	-1	-1	-1	-1	-1	-1	-1	-1	-1	-1	-1	-1	-1	-1	-1	-1	-1	-1	-1	-1	-1	-1
XMTQxNDQ5MDIwOA==	6	-1	-1	-1	-1	-1	-1	-1	-1	-1	-1	-1	-1	-1	-1	-1	-1	-1	-1	-1	-1	-1	-1	-1	-1	-1	-1	-1	-1	-1
XMTQxNDMzMjEyNA==	41	41	-1	-1	-1	-1	-1	-1	-1	-1	-1	-1	-1	-1	-1	-1	-1	-1	-1	-1	-1	-1	-1	-1	-1	-1	-1	-1	-1	-1
XMTQxNDIxODc3Ng==	55	65	70	84	88	94	-1	-1	-1	-1	-1	-1	-1	-1	-1	-1	-1	-1	-1	-1	-1	-1	-1	-1	-1	-1	-1	-1	-1	-1
XMTQxMzkxMDgzMg==	561	588	599	619	623	626	631	632	633	-1	-1	-1	-1	-1	-1	-1	-1	-1	-1	-1	-1	-1	-1	-1	-1	-1	-1	-1	-1	-1
XMTQxNDIwOTI0MA==	144	193	200	206	208	210	210	212	214	221	222	225	228	229	231	234	235	236	241	242	-1	-1	-1	-1	-1	-1	-1	-1	-1	-1
XMTQxNDI0Mjc1Ng==	22	25	-1	-1	-1	-1	-1	-1	-1	-1	-1	-1	-1	-1	-1	-1	-1	-1	-1	-1	-1	-1	-1	-1	-1	-1	-1	-1	-1	-1
XMTQxNDQ4Nzg4OA==	22	-1	-1	-1	-1	-1	-1	-1	-1	-1	-1	-1	-1	-1	-1	-1	-1	-1	-1	-1	-1	-1	-1	-1	-1	-1	-1	-1	-1	-1
XMTQxNDQ4OTE5Mg==	5	-1	-1	-1	-1	-1	-1	-1	-1	-1	-1	-1	-1	-1	-1	-1	-1	-1	-1	-1	-1	-1	-1	-1	-1	-1	-1	-1	-1	-1
XMTQxNDM5MDYyOA==	86	-1	-1	-1	-1	-1	-1	-1	-1	-1	-1	-1	-1	-1	-1	-1	-1	-1	-1	-1	-1	-1	-1	-1	-1	-1	-1	-1	-1	-1
XMTQxMzc2MDY4OA==	253	263	260	-1	-1	-1	-1	-1	-1	-1	-1	-1	-1	-1	-1	-1	-1	-1	-1	-1	-1	-1	-1	-1	-1	-1	-1	-1	-1	-1
XMTQxNDQ3NDQ0MA==	25	31	33	31	30	30	-1	-1	-1	-1	-1	-1	-1	-1	-1	-1	-1	-1	-1	-1	-1	-1	-1	-1	-1	-1	-1	-1	-1	-1
XMTQxNDIwODA2OA==	39	47	46	40	40	40	-1	-1	-1	-1	-1	-1	-1	-1	-1	-1	-1	-1	-1	-1	-1	-1	-1	-1	-1	-1	-1	-1	-1	-1
XMTQxNDcyOTkyOA==	18	20	24	24	24	25	26	-1	-1	-1	-1	-1	-1	-1	-1	-1	-1	-1	-1	-1	-1	-1	-1	-1	-1	-1	-1	-1	-1	-1
XMTQxNDAwMTU2NA==	105	116	112	113	113	117	123	125	125	127	128	129	-1	-1	-1	-1	-1	-1	-1	-1	-1	-1	-1	-1	-1	-1	-1	-1	-1	-1
XMTQxNDQxNjg1Mg==	17	-1	-1	-1	-1	-1	-1	-1	-1	-1	-1	-1	-1	-1	-1	-1	-1	-1	-1	-1	-1	-1	-1	-1	-1	-1	-1	-1	-1	-1
XMTQxNDE1MjExMg==	27	34	32	33	39	43	44	45	45	45	45	45	45	45	45	46	47	47	47	47	47	49	49	48	48	48	48	-1	-1	-1
XMTQxNDU3MjAwOA==	92	102	106	111	112	115	117	119	119	120	120	120	-1	-1	-1	-1	-1	-1	-1	-1	-1	-1	-1	-1	-1	-1	-1	-1	-1	-1
XMTQxNDIyMTk2NA==	41	59	61	60	61	62	-1	-1	-1	-1	-1	-1	-1	-1	-1	-1	-1	-1	-1	-1	-1	-1	-1	-1	-1	-1	-1	-1	-1	-1
XMTQxNDg2Mzc4NA==	14	-1	-1	-1	-1	-1	-1	-1	-1	-1	-1	-1	-1	-1	-1	-1	-1	-1	-1	-1	-1	-1	-1	-1	-1	-1	-1	-1	-1	-1
XMTQxNDA2NTE2NA==	23	31	-1	-1	-1	-1	-1	-1	-1	-1	-1	-1	-1	-1	-1	-1	-1	-1	-1	-1	-1	-1	-1	-1	-1	-1	-1	-1	-1	-1
XMTQxNDQ3OTcwNA==	25	-1	-1	-1	-1	-1	-1	-1	-1	-1	-1	-1	-1	-1	-1	-1	-1	-1	-1	-1	-1	-1	-1	-1	-1	-1	-1	-1	-1	-1
XMTQxNDIyNzY0MA==	120	155	161	158	161	164	-1	-1	-1	-1	-1	-1	-1	-1	-1	-1	-1	-1	-1	-1	-1	-1	-1	-1	-1	-1	-1	-1	-1	-1
XMTQxNDYwMDM1Ng==	16	-1	-1	-1	-1	-1	-1	-1	-1	-1	-1	-1	-1	-1	-1	-1	-1	-1	-1	-1	-1	-1	-1	-1	-1	-1	-1	-1	-1	-1
XMTQxNDUxMzYwOA==	3	6	7	7	7	7	7	7	7	7	7	7	-1	-1	-1	-1	-1	-1	-1	-1	-1	-1	-1	-1	-1	-1	-1	-1	-1	-1
XMTQxNDIyMTk4MA==	19	20	19	19	19	19	-1	-1	-1	-1	-1	-1	-1	-1	-1	-1	-1	-1	-1	-1	-1	-1	-1	-1	-1	-1	-1	-1	-1	-1
XMTQxNDI3ODYyOA==	149	162	187	211	227	233	235	238	242	242	248	255	259	264	268	269	271	-1	-1	-1	-1	-1	-1	-1	-1	-1	-1	-1	-1	-1
XMTQxMzY4NTIxMg==	51	-1	-1	-1	-1	-1	-1	-1	-1	-1	-1	-1	-1	-1	-1	-1	-1	-1	-1	-1	-1	-1	-1	-1	-1	-1	-1	-1	-1	-1
XMTQxNDQxMjEwMA==	21	25	25	25	25	31	-1	-1	-1	-1	-1	-1	-1	-1	-1	-1	-1	-1	-1	-1	-1	-1	-1	-1	-1	-1	-1	-1	-1	-1
XMTQxNDU2MTUwNA==	4	-1	-1	-1	-1	-1	-1	-1	-1	-1	-1	-1	-1	-1	-1	-1	-1	-1	-1	-1	-1	-1	-1	-1	-1	-1	-1	-1	-1	-1
XMTQxMzk3ODA2OA==	7	7	6	6	6	6	8	8	8	8	8	9	-1	-1	-1	-1	-1	-1	-1	-1	-1	-1	-1	-1	-1	-1	-1	-1	-1	-1
XMTQxNDM2NDYzNg==	36	36	-1	-1	-1	-1	-1	-1	-1	-1	-1	-1	-1	-1	-1	-1	-1	-1	-1	-1	-1	-1	-1	-1	-1	-1	-1	-1	-1	-1
XMTQxNDIyMzk2OA==	11	12	12	12	12	13	-1	-1	-1	-1	-1	-1	-1	-1	-1	-1	-1	-1	-1	-1	-1	-1	-1	-1	-1	-1	-1	-1	-1	-1
XMTQxMzkyMTIyMA==	565	613	697	710	722	734	743	752	774	803	807	817	825	833	839	847	860	868	880	887	902	909	919	924	932	940	946	948	-1	-1
XMTQxNDIyMTk5Ng==	74	75	71	-1	-1	-1	-1	-1	-1	-1	-1	-1	-1	-1	-1	-1	-1	-1	-1	-1	-1	-1	-1	-1	-1	-1	-1	-1	-1	-1
XMTQxNDM0NTQ2OA==	211	212	179	171	171	171	171	171	171	171	171	171	171	171	171	171	171	171	171	171	171	171	171	171	171	171	171	171	171	-1
XMTQxMzc1MTc2MA==	17	20	23	23	22	22	22	22	22	22	22	22	22	23	23	24	-1	-1	-1	-1	-1	-1	-1	-1	-1	-1	-1	-1	-1	-1
XMTQxNDUzNzQ3Mg==	47	65	76	88	103	106	108	110	111	113	115	117	118	117	117	117	118	118	119	120	121	120	-1	-1	-1	-1	-1	-1	-1	-1
XMTQxMzc4NzczMg==	28	41	42	53	58	65	69	72	80	81	86	89	89	90	94	94	94	94	94	95	95	96	96	97	98	99	102	-1	-1	-1
XMTQxNDY1OTcyMA==	5	5	6	6	6	6	6	6	6	6	6	6	6	6	6	6	6	-1	-1	-1	-1	-1	-1	-1	-1	-1	-1	-1	-1	-1
XMTQxNDAwMzQ4MA==	21	21	21	22	22	24	24	24	25	25	25	27	27	27	27	28	29	-1	-1	-1	-1	-1	-1	-1	-1	-1	-1	-1	-1	-1
XMTQxNDE0NzEwMA==	199	212	214	216	232	233	234	241	-1	-1	-1	-1	-1	-1	-1	-1	-1	-1	-1	-1	-1	-1	-1	-1	-1	-1	-1	-1	-1	-1
XMTQxNDA4NDQyMA==	156	162	155	153	154	154	155	157	160	161	161	161	162	162	163	163	164	166	-1	-1	-1	-1	-1	-1	-1	-1	-1	-1	-1	-1
XMTQxMzc0ODk0MA==	129	129	128	-1	-1	-1	-1	-1	-1	-1	-1	-1	-1	-1	-1	-1	-1	-1	-1	-1	-1	-1	-1	-1	-1	-1	-1	-1	-1	-1
XMTQxNDQ4ODI1Ng==	6	-1	-1	-1	-1	-1	-1	-1	-1	-1	-1	-1	-1	-1	-1	-1	-1	-1	-1	-1	-1	-1	-1	-1	-1	-1	-1	-1	-1	-1
XMTQxNDE3MzQ0NA==	74	76	76	76	79	-1	-1	-1	-1	-1	-1	-1	-1	-1	-1	-1	-1	-1	-1	-1	-1	-1	-1	-1	-1	-1	-1	-1	-1	-1
XMTQxNDE0MjU4MA==	296	302	289	-1	-1	-1	-1	-1	-1	-1	-1	-1	-1	-1	-1	-1	-1	-1	-1	-1	-1	-1	-1	-1	-1	-1	-1	-1	-1	-1
XMTQxNDc0NDQ3Mg==	33	89	103	102	97	103	104	108	111	111	111	111	-1	-1	-1	-1	-1	-1	-1	-1	-1	-1	-1	-1	-1	-1	-1	-1	-1	-1
XMTQxNDU0OTU1Mg==	19	-1	-1	-1	-1	-1	-1	-1	-1	-1	-1	-1	-1	-1	-1	-1	-1	-1	-1	-1	-1	-1	-1	-1	-1	-1	-1	-1	-1	-1
XMTQxNDE2MjM5Mg==	86	103	107	110	110	113	114	116	117	120	120	121	121	122	123	124	125	126	126	126	127	127	128	129	130	131	131	132	-1	-1
XMTQxNDYxMTk0OA==	134	285	313	311	319	-1	-1	-1	-1	-1	-1	-1	-1	-1	-1	-1	-1	-1	-1	-1	-1	-1	-1	-1	-1	-1	-1	-1	-1	-1
XMTQxNDI2NTY3Ng==	47	52	57	64	67	67	69	71	72	72	72	-1	-1	-1	-1	-1	-1	-1	-1	-1	-1	-1	-1	-1	-1	-1	-1	-1	-1	-1
XMTQxNDQyMjAwOA==	7	8	7	7	7	7	-1	-1	-1	-1	-1	-1	-1	-1	-1	-1	-1	-1	-1	-1	-1	-1	-1	-1	-1	-1	-1	-1	-1	-1
XMTQxNDgzMjk4MA==	21	32	-1	-1	-1	-1	-1	-1	-1	-1	-1	-1	-1	-1	-1	-1	-1	-1	-1	-1	-1	-1	-1	-1	-1	-1	-1	-1	-1	-1
XMTQxNDU3NTQxMg==	56	146	180	179	173	175	-1	-1	-1	-1	-1	-1	-1	-1	-1	-1	-1	-1	-1	-1	-1	-1	-1	-1	-1	-1	-1	-1	-1	-1
XMTQxNDUzNTk0NA==	12	13	15	15	14	16	-1	-1	-1	-1	-1	-1	-1	-1	-1	-1	-1	-1	-1	-1	-1	-1	-1	-1	-1	-1	-1	-1	-1	-1
XMTQxNDg5ODcyOA==	11	15	17	-1	-1	-1	-1	-1	-1	-1	-1	-1	-1	-1	-1	-1	-1	-1	-1	-1	-1	-1	-1	-1	-1	-1	-1	-1	-1	-1
XMTQxNDIxNjk2OA==	18	19	19	19	20	20	-1	-1	-1	-1	-1	-1	-1	-1	-1	-1	-1	-1	-1	-1	-1	-1	-1	-1	-1	-1	-1	-1	-1	-1
XMTQxNDQ5MTc0MA==	9	-1	-1	-1	-1	-1	-1	-1	-1	-1	-1	-1	-1	-1	-1	-1	-1	-1	-1	-1	-1	-1	-1	-1	-1	-1	-1	-1	-1	-1
XMTQxNDMxOTM3Ng==	68	72	71	70	70	74	74	76	80	84	84	85	86	86	86	86	86	87	88	88	90	92	92	-1	-1	-1	-1	-1	-1	-1
XMTQxNDI5NDMwNA==	18	20	18	18	18	19	20	20	20	20	20	20	20	20	22	-1	-1	-1	-1	-1	-1	-1	-1	-1	-1	-1	-1	-1	-1	-1
XMTQxNDIxODU1Ng==	195	282	292	298	300	300	-1	-1	-1	-1	-1	-1	-1	-1	-1	-1	-1	-1	-1	-1	-1	-1	-1	-1	-1	-1	-1	-1	-1	-1
XMTQxNDY2NjE4NA==	14	27	-1	-1	-1	-1	-1	-1	-1	-1	-1	-1	-1	-1	-1	-1	-1	-1	-1	-1	-1	-1	-1	-1	-1	-1	-1	-1	-1	-1
XMTQxMzY2OTY5Mg==	86	118	170	184	189	193	199	201	202	202	203	203	205	207	207	207	207	207	207	207	207	207	207	207	207	207	207	207	207	-1
XMTQxNDYwNjg2MA==	624	639	645	607	609	-1	-1	-1	-1	-1	-1	-1	-1	-1	-1	-1	-1	-1	-1	-1	-1	-1	-1	-1	-1	-1	-1	-1	-1	-1
XMTQxNDU0MTI1Ng==	48	53	54	55	-1	-1	-1	-1	-1	-1	-1	-1	-1	-1	-1	-1	-1	-1	-1	-1	-1	-1	-1	-1	-1	-1	-1	-1	-1	-1
XMTQxNDIxNTI5Ng==	570	639	649	-1	-1	-1	-1	-1	-1	-1	-1	-1	-1	-1	-1	-1	-1	-1	-1	-1	-1	-1	-1	-1	-1	-1	-1	-1	-1	-1
XMTQxNDIyMDM1Ng==	51	67	69	67	67	68	-1	-1	-1	-1	-1	-1	-1	-1	-1	-1	-1	-1	-1	-1	-1	-1	-1	-1	-1	-1	-1	-1	-1	-1
XMTQxNDIxNDYyMA==	1848	1975	1883	-1	-1	-1	-1	-1	-1	-1	-1	-1	-1	-1	-1	-1	-1	-1	-1	-1	-1	-1	-1	-1	-1	-1	-1	-1	-1	-1
XMTQxNDgxMTA0MA==	11	12	12	10	10	-1	-1	-1	-1	-1	-1	-1	-1	-1	-1	-1	-1	-1	-1	-1	-1	-1	-1	-1	-1	-1	-1	-1	-1	-1
XMTQxNDA1NTg0MA==	208	214	222	239	246	247	-1	-1	-1	-1	-1	-1	-1	-1	-1	-1	-1	-1	-1	-1	-1	-1	-1	-1	-1	-1	-1	-1	-1	-1
XMTQxNDU4MzM2NA==	10	12	12	12	17	17	-1	-1	-1	-1	-1	-1	-1	-1	-1	-1	-1	-1	-1	-1	-1	-1	-1	-1	-1	-1	-1	-1	-1	-1
XMTQxNDkwODI2NA==	41	70	70	-1	-1	-1	-1	-1	-1	-1	-1	-1	-1	-1	-1	-1	-1	-1	-1	-1	-1	-1	-1	-1	-1	-1	-1	-1	-1	-1
XMTQxMzc3NjI5Mg==	115	120	121	124	125	125	125	128	136	144	145	147	149	161	164	171	-1	-1	-1	-1	-1	-1	-1	-1	-1	-1	-1	-1	-1	-1
XMTQxMzk3MDY3Ng==	969	1012	1048	1123	1226	1279	1333	1344	1353	1360	1360	1365	1388	1408	1411	-1	-1	-1	-1	-1	-1	-1	-1	-1	-1	-1	-1	-1	-1	-1
XMTQxNDIxMzAwOA==	231	244	244	-1	-1	-1	-1	-1	-1	-1	-1	-1	-1	-1	-1	-1	-1	-1	-1	-1	-1	-1	-1	-1	-1	-1	-1	-1	-1	-1
XMTQxNDIyMTQ2MA==	831	906	839	846	847	851	864	869	872	-1	-1	-1	-1	-1	-1	-1	-1	-1	-1	-1	-1	-1	-1	-1	-1	-1	-1	-1	-1	-1
XMTQxMzc3ODY4OA==	1304	1403	1418	1483	1552	1634	1700	1768	1829	1934	1969	2056	2100	2158	2193	2234	2295	2355	2415	2452	2488	-1	-1	-1	-1	-1	-1	-1	-1	-1
XMTQxNDE2MjUyMA==	40	44	41	42	42	43	43	43	44	44	44	44	44	44	44	44	44	45	45	45	45	45	45	45	45	45	45	45	-1	-1
XMTQxNDIxMjU0MA==	2827	3220	3476	3582	3674	3707	3733	3766	3793	3838	3851	3877	3924	3932	3960	3971	3989	4002	4024	4034	4049	-1	-1	-1	-1	-1	-1	-1	-1	-1
XMTQxNDUzMjk4OA==	14	16	-1	-1	-1	-1	-1	-1	-1	-1	-1	-1	-1	-1	-1	-1	-1	-1	-1	-1	-1	-1	-1	-1	-1	-1	-1	-1	-1	-1
XMTQxMzc5MTQ1Mg==	190	215	200	-1	-1	-1	-1	-1	-1	-1	-1	-1	-1	-1	-1	-1	-1	-1	-1	-1	-1	-1	-1	-1	-1	-1	-1	-1	-1	-1
XMTQxNDIyNTgwMA==	243	250	237	-1	-1	-1	-1	-1	-1	-1	-1	-1	-1	-1	-1	-1	-1	-1	-1	-1	-1	-1	-1	-1	-1	-1	-1	-1	-1	-1
XMTQxNDY1NzUxMg==	10	16	16	13	14	37	38	38	39	42	45	48	51	51	50	-1	-1	-1	-1	-1	-1	-1	-1	-1	-1	-1	-1	-1	-1	-1
XMTQxNDMzNzg3Mg==	27	33	44	-1	-1	-1	-1	-1	-1	-1	-1	-1	-1	-1	-1	-1	-1	-1	-1	-1	-1	-1	-1	-1	-1	-1	-1	-1	-1	-1
XMTQxMzg4NzM3Mg==	147	-1	-1	-1	-1	-1	-1	-1	-1	-1	-1	-1	-1	-1	-1	-1	-1	-1	-1	-1	-1	-1	-1	-1	-1	-1	-1	-1	-1	-1
XMTQxMzk5MTg3Ng==	45	49	51	53	54	54	-1	-1	-1	-1	-1	-1	-1	-1	-1	-1	-1	-1	-1	-1	-1	-1	-1	-1	-1	-1	-1	-1	-1	-1
XMTQxNDA0NDE2NA==	41	42	41	41	-1	-1	-1	-1	-1	-1	-1	-1	-1	-1	-1	-1	-1	-1	-1	-1	-1	-1	-1	-1	-1	-1	-1	-1	-1	-1
XMTQxNDYzNjQ0OA==	115	121	-1	-1	-1	-1	-1	-1	-1	-1	-1	-1	-1	-1	-1	-1	-1	-1	-1	-1	-1	-1	-1	-1	-1	-1	-1	-1	-1	-1
XMTQxNDMwMDQyNA==	8	8	9	9	10	11	11	11	11	11	11	-1	-1	-1	-1	-1	-1	-1	-1	-1	-1	-1	-1	-1	-1	-1	-1	-1	-1	-1
XMTQxNDI2MjE0NA==	374	415	474	560	700	721	731	747	769	815	845	903	927	959	981	1007	1045	1079	1111	1114	1119	1122	1126	1129	1135	1149	1154	1157	-1	-1
XMTQxNDU4MTk4MA==	710	1267	-1	-1	-1	-1	-1	-1	-1	-1	-1	-1	-1	-1	-1	-1	-1	-1	-1	-1	-1	-1	-1	-1	-1	-1	-1	-1	-1	-1
XMTQxMzkwNDIyNA==	205	209	202	205	209	213	305	673	788	806	807	815	821	835	849	868	881	898	933	958	981	1009	-1	-1	-1	-1	-1	-1	-1	-1
XMTQxNDI1MDM5Mg==	16	17	-1	-1	-1	-1	-1	-1	-1	-1	-1	-1	-1	-1	-1	-1	-1	-1	-1	-1	-1	-1	-1	-1	-1	-1	-1	-1	-1	-1
XMTQxMzcxODI5Mg==	224	257	256	263	268	274	280	288	293	301	302	307	310	311	315	317	323	326	330	333	337	338	-1	-1	-1	-1	-1	-1	-1	-1
XMTQxNDI1MTUwMA==	20	-1	-1	-1	-1	-1	-1	-1	-1	-1	-1	-1	-1	-1	-1	-1	-1	-1	-1	-1	-1	-1	-1	-1	-1	-1	-1	-1	-1	-1
XMTQxMzkwMTQ2MA==	447	2491	-1	-1	-1	-1	-1	-1	-1	-1	-1	-1	-1	-1	-1	-1	-1	-1	-1	-1	-1	-1	-1	-1	-1	-1	-1	-1	-1	-1
XMTQxNDAzMTY4OA==	1389	-1	-1	-1	-1	-1	-1	-1	-1	-1	-1	-1	-1	-1	-1	-1	-1	-1	-1	-1	-1	-1	-1	-1	-1	-1	-1	-1	-1	-1
XMTQxNDc2MDkyOA==	75	-1	-1	-1	-1	-1	-1	-1	-1	-1	-1	-1	-1	-1	-1	-1	-1	-1	-1	-1	-1	-1	-1	-1	-1	-1	-1	-1	-1	-1
XMTQxNDIyMDU2MA==	242	388	414	373	374	374	-1	-1	-1	-1	-1	-1	-1	-1	-1	-1	-1	-1	-1	-1	-1	-1	-1	-1	-1	-1	-1	-1	-1	-1
XMTQxNDA5MzkwMA==	23	24	23	22	23	23	24	27	29	29	29	31	32	32	32	32	32	32	-1	-1	-1	-1	-1	-1	-1	-1	-1	-1	-1	-1
XMTQxMzU2NjYwMA==	241	301	288	281	278	278	279	279	279	279	279	279	279	279	279	279	279	279	279	279	279	279	279	279	279	279	279	279	279	-1
XMTQxNDQ0MDYxNg==	59	62	61	58	58	58	58	58	58	58	58	58	58	58	58	-1	-1	-1	-1	-1	-1	-1	-1	-1	-1	-1	-1	-1	-1	-1
XMTQxNDU5MDM2MA==	80	383	547	585	-1	-1	-1	-1	-1	-1	-1	-1	-1	-1	-1	-1	-1	-1	-1	-1	-1	-1	-1	-1	-1	-1	-1	-1	-1	-1
XMTQxNDIyMjQ3Ng==	63	74	73	68	71	71	-1	-1	-1	-1	-1	-1	-1	-1	-1	-1	-1	-1	-1	-1	-1	-1	-1	-1	-1	-1	-1	-1	-1	-1
XMTQxMzc4NTYyOA==	369	387	361	-1	-1	-1	-1	-1	-1	-1	-1	-1	-1	-1	-1	-1	-1	-1	-1	-1	-1	-1	-1	-1	-1	-1	-1	-1	-1	-1
XMTQxNDIwODI2MA==	31	43	42	38	38	38	-1	-1	-1	-1	-1	-1	-1	-1	-1	-1	-1	-1	-1	-1	-1	-1	-1	-1	-1	-1	-1	-1	-1	-1
XMTQxNDAzMDEzNg==	2	2	2	2	2	2	2	2	-1	-1	-1	-1	-1	-1	-1	-1	-1	-1	-1	-1	-1	-1	-1	-1	-1	-1	-1	-1	-1	-1
XMTQxMzkxMjE2NA==	11	-1	-1	-1	-1	-1	-1	-1	-1	-1	-1	-1	-1	-1	-1	-1	-1	-1	-1	-1	-1	-1	-1	-1	-1	-1	-1	-1	-1	-1
XMTQxNDA0NTcxMg==	20	32	66	80	80	-1	-1	-1	-1	-1	-1	-1	-1	-1	-1	-1	-1	-1	-1	-1	-1	-1	-1	-1	-1	-1	-1	-1	-1	-1
XMTQxNDAyNDU3Ng==	331	432	436	447	479	521	551	571	593	620	629	647	672	706	721	737	756	779	802	836	863	884	905	926	952	979	1006	1034	1060	-1
XMTQxNDU1ODgxNg==	4	-1	-1	-1	-1	-1	-1	-1	-1	-1	-1	-1	-1	-1	-1	-1	-1	-1	-1	-1	-1	-1	-1	-1	-1	-1	-1	-1	-1	-1
XMTQxNDk5NjMzMg==	13	-1	-1	-1	-1	-1	-1	-1	-1	-1	-1	-1	-1	-1	-1	-1	-1	-1	-1	-1	-1	-1	-1	-1	-1	-1	-1	-1	-1	-1
XMTQxMzk4MjY0MA==	94	132	136	152	176	181	-1	-1	-1	-1	-1	-1	-1	-1	-1	-1	-1	-1	-1	-1	-1	-1	-1	-1	-1	-1	-1	-1	-1	-1
XMTQxNDcwMjE1Ng==	229	-1	-1	-1	-1	-1	-1	-1	-1	-1	-1	-1	-1	-1	-1	-1	-1	-1	-1	-1	-1	-1	-1	-1	-1	-1	-1	-1	-1	-1
XMTQxNDg1NTQzMg==	1105	2402	2861	3310	3634	3926	4095	4361	4577	4767	4811	4939	5000	5049	5096	5180	5216	5261	5315	5362	5427	-1	-1	-1	-1	-1	-1	-1	-1	-1
XMTQxNDQ4MDM4NA==	13	14	8	8	8	8	8	8	8	8	8	8	12	-1	-1	-1	-1	-1	-1	-1	-1	-1	-1	-1	-1	-1	-1	-1	-1	-1
XMTQxMzYzODI2OA==	167	203	251	272	311	327	-1	-1	-1	-1	-1	-1	-1	-1	-1	-1	-1	-1	-1	-1	-1	-1	-1	-1	-1	-1	-1	-1	-1	-1
XMTQxNDE2MjY2OA==	29	32	40	41	42	47	49	50	52	55	57	56	59	59	59	59	60	60	60	62	62	64	67	67	67	67	67	67	-1	-1
XMTQxNDQ1NTQ3Ng==	6	7	7	7	7	7	-1	-1	-1	-1	-1	-1	-1	-1	-1	-1	-1	-1	-1	-1	-1	-1	-1	-1	-1	-1	-1	-1	-1	-1
XMTQxNDAxNjY0NA==	85	89	90	90	91	92	92	92	92	93	93	94	95	96	97	97	97	97	97	97	97	99	99	-1	-1	-1	-1	-1	-1	-1
XMTQxNDA4OTc3Ng==	11	-1	-1	-1	-1	-1	-1	-1	-1	-1	-1	-1	-1	-1	-1	-1	-1	-1	-1	-1	-1	-1	-1	-1	-1	-1	-1	-1	-1	-1
XMTQxNDIwMTgzNg==	14	14	15	15	15	15	15	15	15	17	18	-1	-1	-1	-1	-1	-1	-1	-1	-1	-1	-1	-1	-1	-1	-1	-1	-1	-1	-1
XMTQxMzU5NTQzMg==	83	-1	-1	-1	-1	-1	-1	-1	-1	-1	-1	-1	-1	-1	-1	-1	-1	-1	-1	-1	-1	-1	-1	-1	-1	-1	-1	-1	-1	-1
XMTQxNDQ0MTkwOA==	136	-1	-1	-1	-1	-1	-1	-1	-1	-1	-1	-1	-1	-1	-1	-1	-1	-1	-1	-1	-1	-1	-1	-1	-1	-1	-1	-1	-1	-1
XMTQxNDUwMzEyMA==	9	10	10	7	7	-1	-1	-1	-1	-1	-1	-1	-1	-1	-1	-1	-1	-1	-1	-1	-1	-1	-1	-1	-1	-1	-1	-1	-1	-1
XMTQxNDczMTE4OA==	3	9	10	10	10	10	11	12	12	12	12	12	12	14	14	14	14	15	15	16	16	16	16	-1	-1	-1	-1	-1	-1	-1
XMTQxMzc2MDc0NA==	79	83	80	-1	-1	-1	-1	-1	-1	-1	-1	-1	-1	-1	-1	-1	-1	-1	-1	-1	-1	-1	-1	-1	-1	-1	-1	-1	-1	-1
XMTQxNDYxODEzNg==	218	246	-1	-1	-1	-1	-1	-1	-1	-1	-1	-1	-1	-1	-1	-1	-1	-1	-1	-1	-1	-1	-1	-1	-1	-1	-1	-1	-1	-1
XMTQxNTIzMjA5Ng==	16	115	159	178	190	203	216	225	227	234	-1	-1	-1	-1	-1	-1	-1	-1	-1	-1	-1	-1	-1	-1	-1	-1	-1	-1	-1	-1
XMTQxNDIyMzU3Mg==	52	81	81	82	83	83	-1	-1	-1	-1	-1	-1	-1	-1	-1	-1	-1	-1	-1	-1	-1	-1	-1	-1	-1	-1	-1	-1	-1	-1
XMTQxNDE5NjUyNA==	16	-1	-1	-1	-1	-1	-1	-1	-1	-1	-1	-1	-1	-1	-1	-1	-1	-1	-1	-1	-1	-1	-1	-1	-1	-1	-1	-1	-1	-1
XMTQxNDIwODIyNA==	159	189	189	180	181	181	-1	-1	-1	-1	-1	-1	-1	-1	-1	-1	-1	-1	-1	-1	-1	-1	-1	-1	-1	-1	-1	-1	-1	-1
XMTQxNDQ1MzU3Ng==	8	-1	-1	-1	-1	-1	-1	-1	-1	-1	-1	-1	-1	-1	-1	-1	-1	-1	-1	-1	-1	-1	-1	-1	-1	-1	-1	-1	-1	-1
XMTQxNDE3NTcwOA==	15	16	16	19	19	19	19	19	20	20	20	20	20	20	20	20	21	21	21	21	21	21	21	21	21	21	22	22	22	-1
XMTQxMzcxMTM3Mg==	74	97	99	136	168	187	197	195	196	215	218	226	239	252	265	271	282	290	290	299	-1	-1	-1	-1	-1	-1	-1	-1	-1	-1
XMTQxNDIwNDc0NA==	23	-1	-1	-1	-1	-1	-1	-1	-1	-1	-1	-1	-1	-1	-1	-1	-1	-1	-1	-1	-1	-1	-1	-1	-1	-1	-1	-1	-1	-1
XMTQxNDQ3ODE2OA==	139	199	209	212	229	243	-1	-1	-1	-1	-1	-1	-1	-1	-1	-1	-1	-1	-1	-1	-1	-1	-1	-1	-1	-1	-1	-1	-1	-1
XMTQxNDI3MzgwMA==	68	76	77	75	-1	-1	-1	-1	-1	-1	-1	-1	-1	-1	-1	-1	-1	-1	-1	-1	-1	-1	-1	-1	-1	-1	-1	-1	-1	-1
XMTQxNDM4MzIwMA==	4	4	4	4	4	4	4	-1	-1	-1	-1	-1	-1	-1	-1	-1	-1	-1	-1	-1	-1	-1	-1	-1	-1	-1	-1	-1	-1	-1
XMTQxNDc0Mzg4NA==	78	183	212	210	206	211	212	217	223	223	223	222	-1	-1	-1	-1	-1	-1	-1	-1	-1	-1	-1	-1	-1	-1	-1	-1	-1	-1
XMTQxNDI2NTg1Mg==	679	736	792	856	905	918	931	940	950	973	983	998	1008	1019	1024	1032	1042	1056	1070	1071	1072	1073	1076	1078	1088	1099	1101	1112	-1	-1
XMTQxMzgyMjA3Ng==	1796	1943	-1	-1	-1	-1	-1	-1	-1	-1	-1	-1	-1	-1	-1	-1	-1	-1	-1	-1	-1	-1	-1	-1	-1	-1	-1	-1	-1	-1
XMTQxNDAwNTEzMg==	17	19	-1	-1	-1	-1	-1	-1	-1	-1	-1	-1	-1	-1	-1	-1	-1	-1	-1	-1	-1	-1	-1	-1	-1	-1	-1	-1	-1	-1
XMTQxNDAzNTY5Mg==	192	-1	-1	-1	-1	-1	-1	-1	-1	-1	-1	-1	-1	-1	-1	-1	-1	-1	-1	-1	-1	-1	-1	-1	-1	-1	-1	-1	-1	-1
XMTQxNDIyMjE2MA==	528	939	941	851	850	852	-1	-1	-1	-1	-1	-1	-1	-1	-1	-1	-1	-1	-1	-1	-1	-1	-1	-1	-1	-1	-1	-1	-1	-1
XMTQxNDU0NjE2NA==	25	29	34	29	29	29	-1	-1	-1	-1	-1	-1	-1	-1	-1	-1	-1	-1	-1	-1	-1	-1	-1	-1	-1	-1	-1	-1	-1	-1
XMTQxNDA4Nzk1Mg==	31	33	31	31	31	31	31	31	31	31	31	31	31	31	31	31	33	33	-1	-1	-1	-1	-1	-1	-1	-1	-1	-1	-1	-1
XMTQxNTA4MTA1Mg==	1532	3177	3444	3689	3657	3695	-1	-1	-1	-1	-1	-1	-1	-1	-1	-1	-1	-1	-1	-1	-1	-1	-1	-1	-1	-1	-1	-1	-1	-1
XMTQxNDQzMjA1Ng==	20	26	29	-1	-1	-1	-1	-1	-1	-1	-1	-1	-1	-1	-1	-1	-1	-1	-1	-1	-1	-1	-1	-1	-1	-1	-1	-1	-1	-1
XMTQxMzg5MTg1Mg==	148	208	208	192	191	191	-1	-1	-1	-1	-1	-1	-1	-1	-1	-1	-1	-1	-1	-1	-1	-1	-1	-1	-1	-1	-1	-1	-1	-1
XMTQxMzc2NTg2MA==	1099	1231	1270	-1	-1	-1	-1	-1	-1	-1	-1	-1	-1	-1	-1	-1	-1	-1	-1	-1	-1	-1	-1	-1	-1	-1	-1	-1	-1	-1
XMTQxMzg4MzE1Mg==	56	60	61	54	56	-1	-1	-1	-1	-1	-1	-1	-1	-1	-1	-1	-1	-1	-1	-1	-1	-1	-1	-1	-1	-1	-1	-1	-1	-1
XMTQxNDc1MDMyMA==	310	388	397	401	453	461	466	465	465	467	471	473	473	475	476	477	479	480	481	481	482	-1	-1	-1	-1	-1	-1	-1	-1	-1
XMTQxNDIxNjc5Mg==	57	70	69	69	69	69	-1	-1	-1	-1	-1	-1	-1	-1	-1	-1	-1	-1	-1	-1	-1	-1	-1	-1	-1	-1	-1	-1	-1	-1
XMTQxNDgwNTUzMg==	4396	5066	5221	5351	5452	5515	5570	5631	-1	-1	-1	-1	-1	-1	-1	-1	-1	-1	-1	-1	-1	-1	-1	-1	-1	-1	-1	-1	-1	-1
XMTQxNDQ1OTQwNA==	9	12	11	11	11	11	11	12	12	12	12	-1	-1	-1	-1	-1	-1	-1	-1	-1	-1	-1	-1	-1	-1	-1	-1	-1	-1	-1
XMTQxMzQ5OTU3Ng==	269	379	496	563	635	706	748	792	865	941	960	1008	1073	1172	-1	-1	-1	-1	-1	-1	-1	-1	-1	-1	-1	-1	-1	-1	-1	-1
XMTQxNDAzMjI3Ng==	1966	-1	-1	-1	-1	-1	-1	-1	-1	-1	-1	-1	-1	-1	-1	-1	-1	-1	-1	-1	-1	-1	-1	-1	-1	-1	-1	-1	-1	-1
XMTQxNDQ5NDgxMg==	18	-1	-1	-1	-1	-1	-1	-1	-1	-1	-1	-1	-1	-1	-1	-1	-1	-1	-1	-1	-1	-1	-1	-1	-1	-1	-1	-1	-1	-1
XMTQxNDUxMDQ0NA==	32	40	40	64	65	66	-1	-1	-1	-1	-1	-1	-1	-1	-1	-1	-1	-1	-1	-1	-1	-1	-1	-1	-1	-1	-1	-1	-1	-1
XMTQxMzk5MTgzNg==	20	24	23	24	-1	-1	-1	-1	-1	-1	-1	-1	-1	-1	-1	-1	-1	-1	-1	-1	-1	-1	-1	-1	-1	-1	-1	-1	-1	-1
XMTQxNDQ5MjM0NA==	3765	6496	8769	11224	13152	14665	15454	15885	-1	-1	-1	-1	-1	-1	-1	-1	-1	-1	-1	-1	-1	-1	-1	-1	-1	-1	-1	-1	-1	-1
XMTQxNDUzNDY5Ng==	453	2292	-1	-1	-1	-1	-1	-1	-1	-1	-1	-1	-1	-1	-1	-1	-1	-1	-1	-1	-1	-1	-1	-1	-1	-1	-1	-1	-1	-1
XMTQxNDIwODA0OA==	35	54	54	47	49	49	-1	-1	-1	-1	-1	-1	-1	-1	-1	-1	-1	-1	-1	-1	-1	-1	-1	-1	-1	-1	-1	-1	-1	-1
XMTQxNDc0NjMzMg==	544	1054	1154	1202	1234	1261	1272	1292	1298	1304	1304	1306	-1	-1	-1	-1	-1	-1	-1	-1	-1	-1	-1	-1	-1	-1	-1	-1	-1	-1
XMTQxMzc3MDg0MA==	131	140	138	-1	-1	-1	-1	-1	-1	-1	-1	-1	-1	-1	-1	-1	-1	-1	-1	-1	-1	-1	-1	-1	-1	-1	-1	-1	-1	-1
XMTQxNDM2ODcyMA==	20	21	20	22	27	42	45	-1	-1	-1	-1	-1	-1	-1	-1	-1	-1	-1	-1	-1	-1	-1	-1	-1	-1	-1	-1	-1	-1	-1
XMTQxNDMyODg5Ng==	34	37	35	35	35	35	35	35	35	35	35	35	35	35	35	35	35	35	-1	-1	-1	-1	-1	-1	-1	-1	-1	-1	-1	-1
XMTQxNDYyMDQ1Ng==	171	281	298	300	298	-1	-1	-1	-1	-1	-1	-1	-1	-1	-1	-1	-1	-1	-1	-1	-1	-1	-1	-1	-1	-1	-1	-1	-1	-1
XMTQxMzg2Nzk0NA==	1095	1419	1520	1680	1777	1851	1943	1968	1977	1999	2001	2005	-1	-1	-1	-1	-1	-1	-1	-1	-1	-1	-1	-1	-1	-1	-1	-1	-1	-1
XMTQxNDAwOTQyNA==	95	97	135	160	162	-1	-1	-1	-1	-1	-1	-1	-1	-1	-1	-1	-1	-1	-1	-1	-1	-1	-1	-1	-1	-1	-1	-1	-1	-1
XMTQxNDQwODM4MA==	17	18	18	18	20	20	20	20	20	20	20	20	21	21	21	21	21	22	22	22	22	22	22	22	22	22	23	-1	-1	-1
XMTQxNDIyMTk1Mg==	693	1039	1036	973	992	1008	-1	-1	-1	-1	-1	-1	-1	-1	-1	-1	-1	-1	-1	-1	-1	-1	-1	-1	-1	-1	-1	-1	-1	-1
XMTQxMzg5NjAwNA==	14	16	14	13	13	13	13	-1	-1	-1	-1	-1	-1	-1	-1	-1	-1	-1	-1	-1	-1	-1	-1	-1	-1	-1	-1	-1	-1	-1
XMTQxNDk4NjY4MA==	4	5	18	18	18	19	19	19	19	19	19	19	19	19	19	19	19	19	19	19	19	19	19	19	-1	-1	-1	-1	-1	-1
XMTQxNDU0OTYwNA==	9	4745	7177	12501	17105	25714	25714	-1	-1	-1	-1	-1	-1	-1	-1	-1	-1	-1	-1	-1	-1	-1	-1	-1	-1	-1	-1	-1	-1	-1
XMTQxNDIwNzk1Mg==	211	-1	-1	-1	-1	-1	-1	-1	-1	-1	-1	-1	-1	-1	-1	-1	-1	-1	-1	-1	-1	-1	-1	-1	-1	-1	-1	-1	-1	-1
XMTQxNDMyODA4OA==	48	78	93	100	106	114	118	-1	-1	-1	-1	-1	-1	-1	-1	-1	-1	-1	-1	-1	-1	-1	-1	-1	-1	-1	-1	-1	-1	-1
XMTQxNDcwNTQ4NA==	66	70	-1	-1	-1	-1	-1	-1	-1	-1	-1	-1	-1	-1	-1	-1	-1	-1	-1	-1	-1	-1	-1	-1	-1	-1	-1	-1	-1	-1
XMTQxNDc0MDk4NA==	25442	25446	25446	23	23	23	-1	-1	-1	-1	-1	-1	-1	-1	-1	-1	-1	-1	-1	-1	-1	-1	-1	-1	-1	-1	-1	-1	-1	-1
XMTQxNDUyMzc5Mg==	63	79	81	84	89	97	-1	-1	-1	-1	-1	-1	-1	-1	-1	-1	-1	-1	-1	-1	-1	-1	-1	-1	-1	-1	-1	-1	-1	-1
XMTQxNDk4NTc4MA==	4	4	4	4	4	-1	-1	-1	-1	-1	-1	-1	-1	-1	-1	-1	-1	-1	-1	-1	-1	-1	-1	-1	-1	-1	-1	-1	-1	-1
XMTQxNDE2NjUwMA==	20	25	37	36	36	-1	-1	-1	-1	-1	-1	-1	-1	-1	-1	-1	-1	-1	-1	-1	-1	-1	-1	-1	-1	-1	-1	-1	-1	-1
XMTQxNTI0Mjk3Mg==	7	13	13	11	11	11	11	11	11	11	11	11	11	11	-1	-1	-1	-1	-1	-1	-1	-1	-1	-1	-1	-1	-1	-1	-1	-1
XMTQxNDAzNDMyMA==	1476	-1	-1	-1	-1	-1	-1	-1	-1	-1	-1	-1	-1	-1	-1	-1	-1	-1	-1	-1	-1	-1	-1	-1	-1	-1	-1	-1	-1	-1
XMTQxNDU0NDgxMg==	50	56	59	55	55	55	-1	-1	-1	-1	-1	-1	-1	-1	-1	-1	-1	-1	-1	-1	-1	-1	-1	-1	-1	-1	-1	-1	-1	-1
XMTQxMzg5MTgxMg==	277	284	252	252	255	258	258	260	260	263	263	264	262	262	262	262	263	265	265	265	265	265	268	268	268	270	272	272	272	-1
XMTQxNDU1NzQ3Mg==	39	104	129	128	131	132	-1	-1	-1	-1	-1	-1	-1	-1	-1	-1	-1	-1	-1	-1	-1	-1	-1	-1	-1	-1	-1	-1	-1	-1
XMTQxNDU2NzQwNA==	51	57	57	55	55	55	55	57	57	57	58	62	62	62	62	62	62	63	63	63	-1	-1	-1	-1	-1	-1	-1	-1	-1	-1
XMTQxNDg2MzA4MA==	1363	1624	1700	1887	2037	2218	2361	2644	2717	2956	3112	3201	3231	3378	3498	3638	3786	4055	4337	4547	4548	4547	4538	4539	4539	4539	4540	-1	-1	-1
XMTQxNDIzNzQ3Ng==	14	16	13	13	13	13	-1	-1	-1	-1	-1	-1	-1	-1	-1	-1	-1	-1	-1	-1	-1	-1	-1	-1	-1	-1	-1	-1	-1	-1
XMTQxNDY1NDU2NA==	12	-1	-1	-1	-1	-1	-1	-1	-1	-1	-1	-1	-1	-1	-1	-1	-1	-1	-1	-1	-1	-1	-1	-1	-1	-1	-1	-1	-1	-1
XMTQxNDAzMjMxNg==	98	125	123	124	128	131	-1	-1	-1	-1	-1	-1	-1	-1	-1	-1	-1	-1	-1	-1	-1	-1	-1	-1	-1	-1	-1	-1	-1	-1
XMTQxNDExMzQ0MA==	82	86	83	82	-1	-1	-1	-1	-1	-1	-1	-1	-1	-1	-1	-1	-1	-1	-1	-1	-1	-1	-1	-1	-1	-1	-1	-1	-1	-1
XMTQxNDAxMjk4NA==	56	62	55	55	55	55	55	56	56	57	59	61	61	61	61	61	61	62	-1	-1	-1	-1	-1	-1	-1	-1	-1	-1	-1	-1
XMTQxNDQ2MTMwMA==	43	55	57	58	60	61	63	64	64	66	66	68	68	69	69	69	72	73	73	73	92	-1	-1	-1	-1	-1	-1	-1	-1	-1
XMTQxNDIzNjgxNg==	26	27	28	27	27	27	-1	-1	-1	-1	-1	-1	-1	-1	-1	-1	-1	-1	-1	-1	-1	-1	-1	-1	-1	-1	-1	-1	-1	-1
XMTQxNDc2ODI2NA==	728	1164	-1	-1	-1	-1	-1	-1	-1	-1	-1	-1	-1	-1	-1	-1	-1	-1	-1	-1	-1	-1	-1	-1	-1	-1	-1	-1	-1	-1
XMTQxNDIyNTYyOA==	143	186	187	188	191	191	-1	-1	-1	-1	-1	-1	-1	-1	-1	-1	-1	-1	-1	-1	-1	-1	-1	-1	-1	-1	-1	-1	-1	-1
XMTQxMzk4MTU0NA==	112	162	180	204	230	235	-1	-1	-1	-1	-1	-1	-1	-1	-1	-1	-1	-1	-1	-1	-1	-1	-1	-1	-1	-1	-1	-1	-1	-1
XMTQxNDU4NDMxMg==	226	275	283	298	303	306	-1	-1	-1	-1	-1	-1	-1	-1	-1	-1	-1	-1	-1	-1	-1	-1	-1	-1	-1	-1	-1	-1	-1	-1
XMTQxNDA5NjcwOA==	40	46	55	65	84	92	96	101	103	110	112	118	120	123	126	129	133	137	142	143	146	148	149	153	165	167	175	-1	-1	-1
XMTQxNDA3ODU4MA==	34	45	44	42	44	44	44	44	44	44	44	44	44	44	44	44	44	44	44	44	44	44	-1	-1	-1	-1	-1	-1	-1	-1
XMTQxNDc3OTA1Ng==	197	247	267	279	318	335	350	363	364	367	368	370	370	371	373	373	375	375	375	376	376	-1	-1	-1	-1	-1	-1	-1	-1	-1
XMTQxNDUyOTM5Ng==	3	4	5	5	5	5	5	5	5	5	5	5	5	5	5	5	5	5	-1	-1	-1	-1	-1	-1	-1	-1	-1	-1	-1	-1
XMTQxMzc2NDAwOA==	124	151	-1	-1	-1	-1	-1	-1	-1	-1	-1	-1	-1	-1	-1	-1	-1	-1	-1	-1	-1	-1	-1	-1	-1	-1	-1	-1	-1	-1
XMTQxNDc2NDczMg==	2849	4601	5277	6471	7008	7175	7281	-1	-1	-1	-1	-1	-1	-1	-1	-1	-1	-1	-1	-1	-1	-1	-1	-1	-1	-1	-1	-1	-1	-1
XMTQxNDEwNzc2MA==	10	11	10	10	11	13	14	14	14	14	14	14	14	14	14	14	14	14	14	-1	-1	-1	-1	-1	-1	-1	-1	-1	-1	-1
XMTQxNDgzNjYzMg==	126	279	291	299	308	-1	-1	-1	-1	-1	-1	-1	-1	-1	-1	-1	-1	-1	-1	-1	-1	-1	-1	-1	-1	-1	-1	-1	-1	-1
XMTQxMzgzNzI4NA==	412	424	415	467	482	-1	-1	-1	-1	-1	-1	-1	-1	-1	-1	-1	-1	-1	-1	-1	-1	-1	-1	-1	-1	-1	-1	-1	-1	-1
XMTQxNDU5MDU3Mg==	44	55	56	-1	-1	-1	-1	-1	-1	-1	-1	-1	-1	-1	-1	-1	-1	-1	-1	-1	-1	-1	-1	-1	-1	-1	-1	-1	-1	-1
XMTQxNDIwNjIzNg==	33	36	35	36	36	36	36	36	37	37	37	37	37	37	37	37	37	37	37	37	-1	-1	-1	-1	-1	-1	-1	-1	-1	-1
XMTQxNDIwNTQzMg==	20	21	22	22	22	22	-1	-1	-1	-1	-1	-1	-1	-1	-1	-1	-1	-1	-1	-1	-1	-1	-1	-1	-1	-1	-1	-1	-1	-1
XMTQxMzc4NjY0MA==	32	-1	-1	-1	-1	-1	-1	-1	-1	-1	-1	-1	-1	-1	-1	-1	-1	-1	-1	-1	-1	-1	-1	-1	-1	-1	-1	-1	-1	-1
XMTQxMzgwMDY3Mg==	34	44	-1	-1	-1	-1	-1	-1	-1	-1	-1	-1	-1	-1	-1	-1	-1	-1	-1	-1	-1	-1	-1	-1	-1	-1	-1	-1	-1	-1
XMTQxNDUxMDI4OA==	22	27	31	27	29	29	-1	-1	-1	-1	-1	-1	-1	-1	-1	-1	-1	-1	-1	-1	-1	-1	-1	-1	-1	-1	-1	-1	-1	-1
XMTQxNDcwNTg2NA==	13	13	66	78	79	79	-1	-1	-1	-1	-1	-1	-1	-1	-1	-1	-1	-1	-1	-1	-1	-1	-1	-1	-1	-1	-1	-1	-1	-1
XMTQxMzc5MTU5Mg==	13	13	15	15	-1	-1	-1	-1	-1	-1	-1	-1	-1	-1	-1	-1	-1	-1	-1	-1	-1	-1	-1	-1	-1	-1	-1	-1	-1	-1
XMTQxMzc2NjUyOA==	137	168	-1	-1	-1	-1	-1	-1	-1	-1	-1	-1	-1	-1	-1	-1	-1	-1	-1	-1	-1	-1	-1	-1	-1	-1	-1	-1	-1	-1
XMTQxNDQ5NTU1Mg==	9	-1	-1	-1	-1	-1	-1	-1	-1	-1	-1	-1	-1	-1	-1	-1	-1	-1	-1	-1	-1	-1	-1	-1	-1	-1	-1	-1	-1	-1
XMTQxNDU4MTgzMg==	41	56	57	57	57	58	58	58	62	-1	-1	-1	-1	-1	-1	-1	-1	-1	-1	-1	-1	-1	-1	-1	-1	-1	-1	-1	-1	-1
XMTQxNDkyMzU1Mg==	2	4	5	-1	-1	-1	-1	-1	-1	-1	-1	-1	-1	-1	-1	-1	-1	-1	-1	-1	-1	-1	-1	-1	-1	-1	-1	-1	-1	-1
XMTQxNDI4NDI0NA==	27	28	30	30	30	30	30	30	30	-1	-1	-1	-1	-1	-1	-1	-1	-1	-1	-1	-1	-1	-1	-1	-1	-1	-1	-1	-1	-1
XMTQxNDI0OTI4MA==	39	41	41	-1	-1	-1	-1	-1	-1	-1	-1	-1	-1	-1	-1	-1	-1	-1	-1	-1	-1	-1	-1	-1	-1	-1	-1	-1	-1	-1
XMTQxNDA3OTUwNA==	91	97	93	97	98	99	100	101	102	106	106	108	108	112	113	113	114	116	118	118	119	119	119	122	124	125	126	127	-1	-1
XMTQxNDIxNjk5Mg==	46	59	56	56	57	57	-1	-1	-1	-1	-1	-1	-1	-1	-1	-1	-1	-1	-1	-1	-1	-1	-1	-1	-1	-1	-1	-1	-1	-1
XMTQxNDE3ODMwMA==	15	15	14	13	13	13	13	13	13	13	13	13	13	13	13	-1	-1	-1	-1	-1	-1	-1	-1	-1	-1	-1	-1	-1	-1	-1
XMTQxMzk0MjU5Mg==	2502	2590	2598	2691	-1	-1	-1	-1	-1	-1	-1	-1	-1	-1	-1	-1	-1	-1	-1	-1	-1	-1	-1	-1	-1	-1	-1	-1	-1	-1
XMTQxNDQwMDg4OA==	51	55	52	51	51	51	51	-1	-1	-1	-1	-1	-1	-1	-1	-1	-1	-1	-1	-1	-1	-1	-1	-1	-1	-1	-1	-1	-1	-1
XMTQxNDU4MDExNg==	197	275	307	321	325	332	-1	-1	-1	-1	-1	-1	-1	-1	-1	-1	-1	-1	-1	-1	-1	-1	-1	-1	-1	-1	-1	-1	-1	-1
XMTQxMzg2OTk5Ng==	28	35	35	39	41	41	42	42	43	43	43	43	43	44	46	46	46	47	48	48	51	53	57	57	58	59	59	60	-1	-1
XMTQxNDUzNDk0NA==	35	41	43	47	48	50	-1	-1	-1	-1	-1	-1	-1	-1	-1	-1	-1	-1	-1	-1	-1	-1	-1	-1	-1	-1	-1	-1	-1	-1
XMTQxNDI1NjY2OA==	19	-1	-1	-1	-1	-1	-1	-1	-1	-1	-1	-1	-1	-1	-1	-1	-1	-1	-1	-1	-1	-1	-1	-1	-1	-1	-1	-1	-1	-1
XMTQxNDQxNzIxNg==	31	41	40	43	45	46	-1	-1	-1	-1	-1	-1	-1	-1	-1	-1	-1	-1	-1	-1	-1	-1	-1	-1	-1	-1	-1	-1	-1	-1
XMTQxMzYyNTY0MA==	11	11	14	16	16	16	16	16	40	41	41	-1	-1	-1	-1	-1	-1	-1	-1	-1	-1	-1	-1	-1	-1	-1	-1	-1	-1	-1
XMTQxNDQxMzI0NA==	23	28	30	33	32	32	31	31	-1	-1	-1	-1	-1	-1	-1	-1	-1	-1	-1	-1	-1	-1	-1	-1	-1	-1	-1	-1	-1	-1
XMTQxMzkyNTA5Mg==	47	51	50	50	50	50	50	50	50	50	50	50	50	50	50	50	50	50	50	50	50	50	50	50	-1	-1	-1	-1	-1	-1
XMTQxNDYzNzY2OA==	7	18	-1	-1	-1	-1	-1	-1	-1	-1	-1	-1	-1	-1	-1	-1	-1	-1	-1	-1	-1	-1	-1	-1	-1	-1	-1	-1	-1	-1
XMTQxNDIyMDU1Ng==	26	31	34	36	38	39	-1	-1	-1	-1	-1	-1	-1	-1	-1	-1	-1	-1	-1	-1	-1	-1	-1	-1	-1	-1	-1	-1	-1	-1
XMTQxNDM5NzAzMg==	2	2	2	2	2	2	2	2	2	2	2	2	2	2	2	2	2	2	2	2	2	2	2	2	2	-1	-1	-1	-1	-1
XMTQxNDMzNDMyMA==	52	60	59	59	59	59	59	59	59	59	59	59	59	59	59	59	59	59	59	59	59	59	60	60	60	-1	-1	-1	-1	-1
XMTQxNDU1NzQ3Ng==	17	50	57	55	54	59	-1	-1	-1	-1	-1	-1	-1	-1	-1	-1	-1	-1	-1	-1	-1	-1	-1	-1	-1	-1	-1	-1	-1	-1
XMTQxNDI1NDEwMA==	24	25	-1	-1	-1	-1	-1	-1	-1	-1	-1	-1	-1	-1	-1	-1	-1	-1	-1	-1	-1	-1	-1	-1	-1	-1	-1	-1	-1	-1
XMTQxMzY4MTc1Mg==	101	117	118	134	145	151	152	154	155	157	157	157	161	161	162	163	163	163	163	163	163	163	164	164	165	166	-1	-1	-1	-1
XMTQxNDQ2ODMyOA==	13	16	14	16	17	-1	-1	-1	-1	-1	-1	-1	-1	-1	-1	-1	-1	-1	-1	-1	-1	-1	-1	-1	-1	-1	-1	-1	-1	-1
XMTQxNDM3ODUxMg==	69	121	164	200	245	304	353	394	433	508	516	-1	-1	-1	-1	-1	-1	-1	-1	-1	-1	-1	-1	-1	-1	-1	-1	-1	-1	-1
XMTQxNDYzNDY4MA==	292	-1	-1	-1	-1	-1	-1	-1	-1	-1	-1	-1	-1	-1	-1	-1	-1	-1	-1	-1	-1	-1	-1	-1	-1	-1	-1	-1	-1	-1
XMTQxNDIyNTU0NA==	93	164	163	153	154	155	-1	-1	-1	-1	-1	-1	-1	-1	-1	-1	-1	-1	-1	-1	-1	-1	-1	-1	-1	-1	-1	-1	-1	-1
XMTQxNDI0NzkyOA==	7	-1	-1	-1	-1	-1	-1	-1	-1	-1	-1	-1	-1	-1	-1	-1	-1	-1	-1	-1	-1	-1	-1	-1	-1	-1	-1	-1	-1	-1
XMTQxMzYxOTM3Mg==	71	81	88	96	100	107	114	118	126	-1	-1	-1	-1	-1	-1	-1	-1	-1	-1	-1	-1	-1	-1	-1	-1	-1	-1	-1	-1	-1
XMTQxNDAyODg4OA==	2738	-1	-1	-1	-1	-1	-1	-1	-1	-1	-1	-1	-1	-1	-1	-1	-1	-1	-1	-1	-1	-1	-1	-1	-1	-1	-1	-1	-1	-1
XMTQxNDA4NjQxNg==	21	22	22	22	22	23	23	23	23	23	23	23	23	23	-1	-1	-1	-1	-1	-1	-1	-1	-1	-1	-1	-1	-1	-1	-1	-1
XMTQxNDIyMDMzMg==	132	183	179	172	173	173	-1	-1	-1	-1	-1	-1	-1	-1	-1	-1	-1	-1	-1	-1	-1	-1	-1	-1	-1	-1	-1	-1	-1	-1
XMTQxNDE1NjM4OA==	12	12	13	13	13	13	13	13	13	13	13	14	15	15	15	15	15	15	15	15	16	16	16	16	-1	-1	-1	-1	-1	-1
XMTQxNTA3MDU2OA==	39	43	-1	-1	-1	-1	-1	-1	-1	-1	-1	-1	-1	-1	-1	-1	-1	-1	-1	-1	-1	-1	-1	-1	-1	-1	-1	-1	-1	-1
XMTQxMzg5NjIxNg==	12	12	12	12	12	12	12	12	12	12	12	12	12	12	12	12	12	12	-1	-1	-1	-1	-1	-1	-1	-1	-1	-1	-1	-1
XMTQxNDY1NzEzNg==	21055	21096	-1	-1	-1	-1	-1	-1	-1	-1	-1	-1	-1	-1	-1	-1	-1	-1	-1	-1	-1	-1	-1	-1	-1	-1	-1	-1	-1	-1
XMTQxNTI2MjM1Mg==	9	-1	-1	-1	-1	-1	-1	-1	-1	-1	-1	-1	-1	-1	-1	-1	-1	-1	-1	-1	-1	-1	-1	-1	-1	-1	-1	-1	-1	-1
XMTQxNDIzODk3Mg==	15	-1	-1	-1	-1	-1	-1	-1	-1	-1	-1	-1	-1	-1	-1	-1	-1	-1	-1	-1	-1	-1	-1	-1	-1	-1	-1	-1	-1	-1
XMTQxNTIzMDM1Mg==	5	-1	-1	-1	-1	-1	-1	-1	-1	-1	-1	-1	-1	-1	-1	-1	-1	-1	-1	-1	-1	-1	-1	-1	-1	-1	-1	-1	-1	-1
XMTQxNDIyMzgwMA==	79	122	122	112	113	113	-1	-1	-1	-1	-1	-1	-1	-1	-1	-1	-1	-1	-1	-1	-1	-1	-1	-1	-1	-1	-1	-1	-1	-1
XMTQxNDIzMzU0OA==	69	73	70	-1	-1	-1	-1	-1	-1	-1	-1	-1	-1	-1	-1	-1	-1	-1	-1	-1	-1	-1	-1	-1	-1	-1	-1	-1	-1	-1
XMTQxNDc1NDk3Ng==	1157	1847	2137	2427	3058	3293	3460	3618	3698	3954	4023	4083	4104	4157	4208	4241	4289	4316	4349	4372	4392	-1	-1	-1	-1	-1	-1	-1	-1	-1
XMTQxNDA0MDExMg==	9059	100031	100031	-1	-1	-1	-1	-1	-1	-1	-1	-1	-1	-1	-1	-1	-1	-1	-1	-1	-1	-1	-1	-1	-1	-1	-1	-1	-1	-1
XMTQxNDQ1NDM5Mg==	29	30	27	24	25	25	25	27	27	27	27	27	27	-1	-1	-1	-1	-1	-1	-1	-1	-1	-1	-1	-1	-1	-1	-1	-1	-1
XMTQxMzc2ODA2NA==	42	49	48	46	46	46	50	52	52	-1	-1	-1	-1	-1	-1	-1	-1	-1	-1	-1	-1	-1	-1	-1	-1	-1	-1	-1	-1	-1
XMTQxNDc4MzA1Mg==	1324	1660	1945	2177	2721	3072	3315	3797	4133	4455	4586	4856	5049	5223	5405	5722	5923	6162	6391	6564	6718	-1	-1	-1	-1	-1	-1	-1	-1	-1
XMTQxNTAxNjkyNA==	14	20	21	19	-1	-1	-1	-1	-1	-1	-1	-1	-1	-1	-1	-1	-1	-1	-1	-1	-1	-1	-1	-1	-1	-1	-1	-1	-1	-1
XMTQxNDIyMzI2MA==	819	889	881	898	896	900	899	899	902	-1	-1	-1	-1	-1	-1	-1	-1	-1	-1	-1	-1	-1	-1	-1	-1	-1	-1	-1	-1	-1
XMTQxNDU4MDM3Mg==	169	240	271	283	288	293	-1	-1	-1	-1	-1	-1	-1	-1	-1	-1	-1	-1	-1	-1	-1	-1	-1	-1	-1	-1	-1	-1	-1	-1
XMTQxNDU2NjM2OA==	3	3	3	3	3	3	3	3	3	3	3	3	3	3	-1	-1	-1	-1	-1	-1	-1	-1	-1	-1	-1	-1	-1	-1	-1	-1
XMTQxNDMxNTEyNA==	20	22	19	20	22	22	22	22	22	22	22	22	22	-1	-1	-1	-1	-1	-1	-1	-1	-1	-1	-1	-1	-1	-1	-1	-1	-1
XMTQxMzc0MTIxMg==	94	-1	-1	-1	-1	-1	-1	-1	-1	-1	-1	-1	-1	-1	-1	-1	-1	-1	-1	-1	-1	-1	-1	-1	-1	-1	-1	-1	-1	-1
XMTQxMzk4MTAyNA==	15	18	17	17	17	17	17	17	17	17	17	17	17	17	-1	-1	-1	-1	-1	-1	-1	-1	-1	-1	-1	-1	-1	-1	-1	-1
XMTQxNTEyNzU3Mg==	50549	-1	-1	-1	-1	-1	-1	-1	-1	-1	-1	-1	-1	-1	-1	-1	-1	-1	-1	-1	-1	-1	-1	-1	-1	-1	-1	-1	-1	-1
XMTQxNDc3MTczNg==	147	205	210	194	194	197	198	201	201	202	202	202	203	203	203	203	203	203	204	204	204	-1	-1	-1	-1	-1	-1	-1	-1	-1
XMTQxNDI1OTY4MA==	507	569	584	635	669	670	676	679	681	680	682	697	701	704	707	713	722	730	735	739	740	742	745	745	748	747	752	752	-1	-1
XMTQxMzkwODUwMA==	31	50	54	52	69	77	82	83	82	93	97	100	100	107	111	112	116	118	121	123	125	125	125	126	127	127	130	-1	-1	-1
XMTQxNDMwOTg5Mg==	87	93	96	96	96	96	-1	-1	-1	-1	-1	-1	-1	-1	-1	-1	-1	-1	-1	-1	-1	-1	-1	-1	-1	-1	-1	-1	-1	-1
XMTQxNDU0NDU4NA==	1697	9093	-1	-1	-1	-1	-1	-1	-1	-1	-1	-1	-1	-1	-1	-1	-1	-1	-1	-1	-1	-1	-1	-1	-1	-1	-1	-1	-1	-1
XMTQxNDIzNDQ1Ng==	797	823	805	-1	-1	-1	-1	-1	-1	-1	-1	-1	-1	-1	-1	-1	-1	-1	-1	-1	-1	-1	-1	-1	-1	-1	-1	-1	-1	-1
XMTQxNDc1MDMwMA==	327	461	524	542	592	608	613	611	619	636	637	647	653	657	654	655	663	675	680	683	688	-1	-1	-1	-1	-1	-1	-1	-1	-1
XMTQxNDIyNDA2NA==	63	101	103	102	103	106	-1	-1	-1	-1	-1	-1	-1	-1	-1	-1	-1	-1	-1	-1	-1	-1	-1	-1	-1	-1	-1	-1	-1	-1
XMTQxNDE2MTMyOA==	58	72	88	103	115	128	147	159	164	172	172	174	175	175	178	178	180	181	182	183	184	185	185	186	186	186	-1	-1	-1	-1
XMTQxNDIwNTQzNg==	11	13	11	11	11	11	-1	-1	-1	-1	-1	-1	-1	-1	-1	-1	-1	-1	-1	-1	-1	-1	-1	-1	-1	-1	-1	-1	-1	-1
XMTQxNDc0OTQ4MA==	566	775	823	825	828	835	836	836	832	834	834	835	835	836	836	836	837	838	838	838	839	-1	-1	-1	-1	-1	-1	-1	-1	-1
XMTQxMzgzODYwNA==	629	632	566	550	550	550	550	550	550	550	550	550	550	550	550	550	550	550	550	550	550	550	550	550	550	550	550	550	550	-1
XMTQxNDI5OTk0NA==	761	792	-1	-1	-1	-1	-1	-1	-1	-1	-1	-1	-1	-1	-1	-1	-1	-1	-1	-1	-1	-1	-1	-1	-1	-1	-1	-1	-1	-1
XMTQxNDczNjQ2NA==	58	83	-1	-1	-1	-1	-1	-1	-1	-1	-1	-1	-1	-1	-1	-1	-1	-1	-1	-1	-1	-1	-1	-1	-1	-1	-1	-1	-1	-1
XMTQxNDIyMjIwOA==	41	51	50	50	51	51	-1	-1	-1	-1	-1	-1	-1	-1	-1	-1	-1	-1	-1	-1	-1	-1	-1	-1	-1	-1	-1	-1	-1	-1
XMTQxNDQ1MjY0MA==	15	22	23	23	24	24	25	26	27	27	27	27	27	27	27	27	27	27	27	-1	-1	-1	-1	-1	-1	-1	-1	-1	-1	-1
XMTQxNDE4NjUwNA==	35	37	35	35	35	36	-1	-1	-1	-1	-1	-1	-1	-1	-1	-1	-1	-1	-1	-1	-1	-1	-1	-1	-1	-1	-1	-1	-1	-1
XMTQxNTI1MDA0MA==	2	10	30	31	53	56	58	60	60	-1	-1	-1	-1	-1	-1	-1	-1	-1	-1	-1	-1	-1	-1	-1	-1	-1	-1	-1	-1	-1
XMTQxNDc1ODg4OA==	53	-1	-1	-1	-1	-1	-1	-1	-1	-1	-1	-1	-1	-1	-1	-1	-1	-1	-1	-1	-1	-1	-1	-1	-1	-1	-1	-1	-1	-1
XMTQxNTE2MTkwOA==	17736	-1	-1	-1	-1	-1	-1	-1	-1	-1	-1	-1	-1	-1	-1	-1	-1	-1	-1	-1	-1	-1	-1	-1	-1	-1	-1	-1	-1	-1
XMTQxNDE3Mjc0NA==	14	15	13	13	13	13	13	13	13	13	13	13	13	13	13	13	-1	-1	-1	-1	-1	-1	-1	-1	-1	-1	-1	-1	-1	-1
XMTQxNDIyNTMyMA==	1925	3542	3588	3409	3434	3457	-1	-1	-1	-1	-1	-1	-1	-1	-1	-1	-1	-1	-1	-1	-1	-1	-1	-1	-1	-1	-1	-1	-1	-1
XMTQxMzc2MDc4OA==	359	359	340	-1	-1	-1	-1	-1	-1	-1	-1	-1	-1	-1	-1	-1	-1	-1	-1	-1	-1	-1	-1	-1	-1	-1	-1	-1	-1	-1
XMTQxNDQzNjU1Mg==	2	-1	-1	-1	-1	-1	-1	-1	-1	-1	-1	-1	-1	-1	-1	-1	-1	-1	-1	-1	-1	-1	-1	-1	-1	-1	-1	-1	-1	-1
XMTQxNDIxODgzNg==	26	28	30	29	28	29	-1	-1	-1	-1	-1	-1	-1	-1	-1	-1	-1	-1	-1	-1	-1	-1	-1	-1	-1	-1	-1	-1	-1	-1
XMTQxNDc1Njg4NA==	452	651	727	830	1016	1060	1086	1128	1146	1175	1186	1208	1229	1249	1262	1314	1343	1359	1380	1395	1414	-1	-1	-1	-1	-1	-1	-1	-1	-1
XMTQxNDA3OTIyMA==	29	38	43	51	65	72	77	79	82	88	88	92	92	95	98	100	105	107	107	107	107	107	107	107	109	109	113	-1	-1	-1
XMTQxMzYwMTY4NA==	14	15	-1	-1	-1	-1	-1	-1	-1	-1	-1	-1	-1	-1	-1	-1	-1	-1	-1	-1	-1	-1	-1	-1	-1	-1	-1	-1	-1	-1
XMTQxNDc1OTA4MA==	178	-1	-1	-1	-1	-1	-1	-1	-1	-1	-1	-1	-1	-1	-1	-1	-1	-1	-1	-1	-1	-1	-1	-1	-1	-1	-1	-1	-1	-1
XMTQxNDgyMDkxMg==	11	14	14	13	14	14	14	16	-1	-1	-1	-1	-1	-1	-1	-1	-1	-1	-1	-1	-1	-1	-1	-1	-1	-1	-1	-1	-1	-1
XMTQxMzk3NDI3Ng==	2643	3281	4152	-1	-1	-1	-1	-1	-1	-1	-1	-1	-1	-1	-1	-1	-1	-1	-1	-1	-1	-1	-1	-1	-1	-1	-1	-1	-1	-1
XMTQxMzYwNDQ3Ng==	103	106	107	110	113	113	112	112	112	112	112	112	112	112	112	112	112	112	112	112	112	-1	-1	-1	-1	-1	-1	-1	-1	-1
XMTQxNDQ1MDMzNg==	12	-1	-1	-1	-1	-1	-1	-1	-1	-1	-1	-1	-1	-1	-1	-1	-1	-1	-1	-1	-1	-1	-1	-1	-1	-1	-1	-1	-1	-1
XMTQxMzkwNjI5Mg==	8	8	8	-1	-1	-1	-1	-1	-1	-1	-1	-1	-1	-1	-1	-1	-1	-1	-1	-1	-1	-1	-1	-1	-1	-1	-1	-1	-1	-1
XMTQxNDAzNzI5Ng==	45	47	47	47	48	48	-1	-1	-1	-1	-1	-1	-1	-1	-1	-1	-1	-1	-1	-1	-1	-1	-1	-1	-1	-1	-1	-1	-1	-1
XMTQxMzk2OTkzNg==	96	116	127	142	144	-1	-1	-1	-1	-1	-1	-1	-1	-1	-1	-1	-1	-1	-1	-1	-1	-1	-1	-1	-1	-1	-1	-1	-1	-1
XMTQxNDIxNjk3Mg==	56	75	79	65	66	67	-1	-1	-1	-1	-1	-1	-1	-1	-1	-1	-1	-1	-1	-1	-1	-1	-1	-1	-1	-1	-1	-1	-1	-1
XMTQxNTE2MDg0NA==	64	-1	-1	-1	-1	-1	-1	-1	-1	-1	-1	-1	-1	-1	-1	-1	-1	-1	-1	-1	-1	-1	-1	-1	-1	-1	-1	-1	-1	-1
XMTQxNDAzMTE2MA==	1474	-1	-1	-1	-1	-1	-1	-1	-1	-1	-1	-1	-1	-1	-1	-1	-1	-1	-1	-1	-1	-1	-1	-1	-1	-1	-1	-1	-1	-1
XMTQxMzkyNjAxMg==	93	-1	-1	-1	-1	-1	-1	-1	-1	-1	-1	-1	-1	-1	-1	-1	-1	-1	-1	-1	-1	-1	-1	-1	-1	-1	-1	-1	-1	-1
XMTQxNDQ4MDAyOA==	23	32	-1	-1	-1	-1	-1	-1	-1	-1	-1	-1	-1	-1	-1	-1	-1	-1	-1	-1	-1	-1	-1	-1	-1	-1	-1	-1	-1	-1
XMTQxNTAyOTQ2MA==	36207	-1	-1	-1	-1	-1	-1	-1	-1	-1	-1	-1	-1	-1	-1	-1	-1	-1	-1	-1	-1	-1	-1	-1	-1	-1	-1	-1	-1	-1
XMTQxNDUxODkwMA==	19	23	21	18	17	17	-1	-1	-1	-1	-1	-1	-1	-1	-1	-1	-1	-1	-1	-1	-1	-1	-1	-1	-1	-1	-1	-1	-1	-1
XMTQxNDIyNzA3Ng==	26	29	31	33	38	38	38	39	40	-1	-1	-1	-1	-1	-1	-1	-1	-1	-1	-1	-1	-1	-1	-1	-1	-1	-1	-1	-1	-1
XMTQxMzkwMDY1Ng==	12	-1	-1	-1	-1	-1	-1	-1	-1	-1	-1	-1	-1	-1	-1	-1	-1	-1	-1	-1	-1	-1	-1	-1	-1	-1	-1	-1	-1	-1
XMTQxNDM2NzUyNA==	29	29	-1	-1	-1	-1	-1	-1	-1	-1	-1	-1	-1	-1	-1	-1	-1	-1	-1	-1	-1	-1	-1	-1	-1	-1	-1	-1	-1	-1
XMTQxNDU0OTA1Mg==	29	34	36	36	38	39	39	-1	-1	-1	-1	-1	-1	-1	-1	-1	-1	-1	-1	-1	-1	-1	-1	-1	-1	-1	-1	-1	-1	-1
XMTQxNDY0Mzk1Mg==	22	29	30	28	27	27	27	27	27	27	27	27	-1	-1	-1	-1	-1	-1	-1	-1	-1	-1	-1	-1	-1	-1	-1	-1	-1	-1
XMTQxMzYzNzQ4NA==	117	172	204	228	245	265	272	287	296	303	304	309	312	-1	-1	-1	-1	-1	-1	-1	-1	-1	-1	-1	-1	-1	-1	-1	-1	-1
XMTQxNDYxNDQxMg==	7	7	7	7	7	7	7	7	7	7	7	7	7	7	7	7	8	8	8	-1	-1	-1	-1	-1	-1	-1	-1	-1	-1	-1
XMTQxNDU0MDExNg==	5	5	5	5	5	5	8	-1	-1	-1	-1	-1	-1	-1	-1	-1	-1	-1	-1	-1	-1	-1	-1	-1	-1	-1	-1	-1	-1	-1
XMTQxNDM0NzE0NA==	63	66	60	61	61	62	63	-1	-1	-1	-1	-1	-1	-1	-1	-1	-1	-1	-1	-1	-1	-1	-1	-1	-1	-1	-1	-1	-1	-1
XMTQxMzk1NzE1Ng==	18	-1	-1	-1	-1	-1	-1	-1	-1	-1	-1	-1	-1	-1	-1	-1	-1	-1	-1	-1	-1	-1	-1	-1	-1	-1	-1	-1	-1	-1
XMTQxMzkzOTkxMg==	44	55	54	52	53	54	55	57	57	60	60	66	66	67	70	72	74	76	77	77	78	81	82	82	83	-1	-1	-1	-1	-1
XMTQxMzkzNTE2OA==	9	10	7	6	6	6	6	6	6	-1	-1	-1	-1	-1	-1	-1	-1	-1	-1	-1	-1	-1	-1	-1	-1	-1	-1	-1	-1	-1
XMTQxNTE4OTc2MA==	129	201	224	233	233	235	241	243	246	250	-1	-1	-1	-1	-1	-1	-1	-1	-1	-1	-1	-1	-1	-1	-1	-1	-1	-1	-1	-1
XMTQxNDQ0NjUyMA==	11	12	11	10	10	10	10	10	10	10	10	10	10	11	11	11	11	11	11	11	11	-1	-1	-1	-1	-1	-1	-1	-1	-1
XMTQxNDQ5NDMwNA==	139	175	201	215	227	236	240	241	245	255	255	-1	-1	-1	-1	-1	-1	-1	-1	-1	-1	-1	-1	-1	-1	-1	-1	-1	-1	-1
XMTQxNDcyOTkwOA==	4	5	6	7	8	8	8	12	12	12	12	12	12	12	12	-1	-1	-1	-1	-1	-1	-1	-1	-1	-1	-1	-1	-1	-1	-1
XMTQxMzk1MjEyMA==	27	31	-1	-1	-1	-1	-1	-1	-1	-1	-1	-1	-1	-1	-1	-1	-1	-1	-1	-1	-1	-1	-1	-1	-1	-1	-1	-1	-1	-1
XMTQxNDY0NzQ2OA==	390	443	462	-1	-1	-1	-1	-1	-1	-1	-1	-1	-1	-1	-1	-1	-1	-1	-1	-1	-1	-1	-1	-1	-1	-1	-1	-1	-1	-1
XMTQxMzYzMTkyMA==	14	16	-1	-1	-1	-1	-1	-1	-1	-1	-1	-1	-1	-1	-1	-1	-1	-1	-1	-1	-1	-1	-1	-1	-1	-1	-1	-1	-1	-1
XMTQxNDk0MDkzMg==	11	20	24	23	23	23	23	23	23	23	23	-1	-1	-1	-1	-1	-1	-1	-1	-1	-1	-1	-1	-1	-1	-1	-1	-1	-1	-1
XMTQxMzczNTg5Ng==	94	-1	-1	-1	-1	-1	-1	-1	-1	-1	-1	-1	-1	-1	-1	-1	-1	-1	-1	-1	-1	-1	-1	-1	-1	-1	-1	-1	-1	-1
XMTQxNDA5MDk2NA==	23	25	24	25	25	25	24	24	24	24	24	25	25	25	25	25	25	25	-1	-1	-1	-1	-1	-1	-1	-1	-1	-1	-1	-1
XMTQxNDI0MDE5Ng==	115	115	97	96	97	97	97	97	97	97	97	97	97	97	97	97	97	97	97	97	97	97	97	-1	-1	-1	-1	-1	-1	-1
XMTQxNDYzMDIwNA==	481	813	850	828	822	-1	-1	-1	-1	-1	-1	-1	-1	-1	-1	-1	-1	-1	-1	-1	-1	-1	-1	-1	-1	-1	-1	-1	-1	-1
XMTQxNDA0MDA1Mg==	90	94	88	89	89	89	89	-1	-1	-1	-1	-1	-1	-1	-1	-1	-1	-1	-1	-1	-1	-1	-1	-1	-1	-1	-1	-1	-1	-1
XMTQxNDUzNDg2MA==	46	86	108	119	129	146	-1	-1	-1	-1	-1	-1	-1	-1	-1	-1	-1	-1	-1	-1	-1	-1	-1	-1	-1	-1	-1	-1	-1	-1
XMTQxNDU5Nzk2MA==	111	158	175	-1	-1	-1	-1	-1	-1	-1	-1	-1	-1	-1	-1	-1	-1	-1	-1	-1	-1	-1	-1	-1	-1	-1	-1	-1	-1	-1
XMTQxMzg3NjU3Mg==	57	69	70	71	71	71	71	71	71	71	71	71	71	71	71	71	71	71	71	-1	-1	-1	-1	-1	-1	-1	-1	-1	-1	-1
XMTQxNDI0NjkwNA==	2077	2532	3205	-1	-1	-1	-1	-1	-1	-1	-1	-1	-1	-1	-1	-1	-1	-1	-1	-1	-1	-1	-1	-1	-1	-1	-1	-1	-1	-1
XMTQxNDg3MTMwOA==	35845	-1	-1	-1	-1	-1	-1	-1	-1	-1	-1	-1	-1	-1	-1	-1	-1	-1	-1	-1	-1	-1	-1	-1	-1	-1	-1	-1	-1	-1
XMTQxNDQ3NDMyMA==	24	32	34	30	33	36	-1	-1	-1	-1	-1	-1	-1	-1	-1	-1	-1	-1	-1	-1	-1	-1	-1	-1	-1	-1	-1	-1	-1	-1
XMTQxMzcxODYwMA==	12	13	12	12	12	12	12	12	12	12	12	12	12	12	-1	-1	-1	-1	-1	-1	-1	-1	-1	-1	-1	-1	-1	-1	-1	-1
XMTQxNDcwNjQwMA==	17	-1	-1	-1	-1	-1	-1	-1	-1	-1	-1	-1	-1	-1	-1	-1	-1	-1	-1	-1	-1	-1	-1	-1	-1	-1	-1	-1	-1	-1
XMTQxMzYwOTM2NA==	122	142	150	158	165	187	200	202	205	241	247	257	257	262	267	268	275	277	283	286	287	-1	-1	-1	-1	-1	-1	-1	-1	-1
XMTQxNDA5Njk3Ng==	59	84	202	274	282	291	297	302	302	311	317	318	318	320	320	321	323	326	326	326	327	-1	-1	-1	-1	-1	-1	-1	-1	-1
XMTQxNDQ4MDgzMg==	44	56	87	145	154	163	174	182	190	222	228	248	257	270	284	294	-1	-1	-1	-1	-1	-1	-1	-1	-1	-1	-1	-1	-1	-1
XMTQxNDc3NjY5Mg==	316	408	432	454	775	800	823	824	838	859	886	917	925	948	963	978	984	999	1038	1054	1063	1064	-1	-1	-1	-1	-1	-1	-1	-1
XMTQxMzg1MTg3Mg==	98	119	126	129	133	140	146	149	160	162	163	165	169	173	176	177	177	182	183	186	190	194	198	-1	-1	-1	-1	-1	-1	-1
XMTQxNDU1NTUyNA==	82002	-1	-1	-1	-1	-1	-1	-1	-1	-1	-1	-1	-1	-1	-1	-1	-1	-1	-1	-1	-1	-1	-1	-1	-1	-1	-1	-1	-1	-1
XMTQxMzg4MTUwMA==	92	-1	-1	-1	-1	-1	-1	-1	-1	-1	-1	-1	-1	-1	-1	-1	-1	-1	-1	-1	-1	-1	-1	-1	-1	-1	-1	-1	-1	-1
XMTQxNDU4ODc3Mg==	110	178	249	366	527	635	722	772	-1	-1	-1	-1	-1	-1	-1	-1	-1	-1	-1	-1	-1	-1	-1	-1	-1	-1	-1	-1	-1	-1
XMTQxNDU1ODU4NA==	16	37	42	40	40	40	-1	-1	-1	-1	-1	-1	-1	-1	-1	-1	-1	-1	-1	-1	-1	-1	-1	-1	-1	-1	-1	-1	-1	-1
XMTQxMzc0MzgwMA==	1209	1379	1683	1890	2103	2244	2438	2741	3195	4090	4505	5318	6009	6747	7472	8207	9114	-1	-1	-1	-1	-1	-1	-1	-1	-1	-1	-1	-1	-1
XMTQxMjUwNzI5Ng==	13	14	9	10	10	-1	-1	-1	-1	-1	-1	-1	-1	-1	-1	-1	-1	-1	-1	-1	-1	-1	-1	-1	-1	-1	-1	-1	-1	-1
XMTQxNDMxNTE3Ng==	14	17	23	24	25	27	27	27	27	29	29	29	-1	-1	-1	-1	-1	-1	-1	-1	-1	-1	-1	-1	-1	-1	-1	-1	-1	-1
XMTQxNDIyOTgxNg==	266	290	279	-1	-1	-1	-1	-1	-1	-1	-1	-1	-1	-1	-1	-1	-1	-1	-1	-1	-1	-1	-1	-1	-1	-1	-1	-1	-1	-1
XMTQxNTIzOTA1Mg==	6601	-1	-1	-1	-1	-1	-1	-1	-1	-1	-1	-1	-1	-1	-1	-1	-1	-1	-1	-1	-1	-1	-1	-1	-1	-1	-1	-1	-1	-1
XMTQxMzEzNzAyNA==	4	4	5	-1	-1	-1	-1	-1	-1	-1	-1	-1	-1	-1	-1	-1	-1	-1	-1	-1	-1	-1	-1	-1	-1	-1	-1	-1	-1	-1
XMTQxNDM0NzY5Ng==	16	18	20	21	21	21	21	21	-1	-1	-1	-1	-1	-1	-1	-1	-1	-1	-1	-1	-1	-1	-1	-1	-1	-1	-1	-1	-1	-1
XMTQxNTE5MjA0MA==	16	16	16	16	16	16	16	16	16	16	16	16	16	16	16	16	16	16	16	-1	-1	-1	-1	-1	-1	-1	-1	-1	-1	-1
XMTQxNDQ4NzA2OA==	6	-1	-1	-1	-1	-1	-1	-1	-1	-1	-1	-1	-1	-1	-1	-1	-1	-1	-1	-1	-1	-1	-1	-1	-1	-1	-1	-1	-1	-1
XMTQxNDAwNDU3Ng==	10	-1	-1	-1	-1	-1	-1	-1	-1	-1	-1	-1	-1	-1	-1	-1	-1	-1	-1	-1	-1	-1	-1	-1	-1	-1	-1	-1	-1	-1
XMTQxNDQ3MTE2OA==	749	873	891	874	874	875	876	876	876	878	878	879	879	879	879	879	879	880	880	880	880	881	881	881	881	-1	-1	-1	-1	-1
XMTQxMzk0MzY0OA==	12	13	11	11	11	11	11	11	11	-1	-1	-1	-1	-1	-1	-1	-1	-1	-1	-1	-1	-1	-1	-1	-1	-1	-1	-1	-1	-1
XMTQxNDg3NjQ2NA==	42	55559	-1	-1	-1	-1	-1	-1	-1	-1	-1	-1	-1	-1	-1	-1	-1	-1	-1	-1	-1	-1	-1	-1	-1	-1	-1	-1	-1	-1
XMTQxMzc4OTIwNA==	73	77	81	-1	-1	-1	-1	-1	-1	-1	-1	-1	-1	-1	-1	-1	-1	-1	-1	-1	-1	-1	-1	-1	-1	-1	-1	-1	-1	-1
XMTQxNDQ4MzUzMg==	7	-1	-1	-1	-1	-1	-1	-1	-1	-1	-1	-1	-1	-1	-1	-1	-1	-1	-1	-1	-1	-1	-1	-1	-1	-1	-1	-1	-1	-1
XMTQxNDQ1MTkwNA==	193	233	212	213	225	234	241	249	260	-1	-1	-1	-1	-1	-1	-1	-1	-1	-1	-1	-1	-1	-1	-1	-1	-1	-1	-1	-1	-1
XMTQxNDA3OTgxNg==	14	17	18	19	19	-1	-1	-1	-1	-1	-1	-1	-1	-1	-1	-1	-1	-1	-1	-1	-1	-1	-1	-1	-1	-1	-1	-1	-1	-1
XMTQxMzc5MDgyNA==	267	285	281	-1	-1	-1	-1	-1	-1	-1	-1	-1	-1	-1	-1	-1	-1	-1	-1	-1	-1	-1	-1	-1	-1	-1	-1	-1	-1	-1
XMTQxNDIyMzg1Mg==	42	60	70	69	71	71	-1	-1	-1	-1	-1	-1	-1	-1	-1	-1	-1	-1	-1	-1	-1	-1	-1	-1	-1	-1	-1	-1	-1	-1
XMTQxNDE0NTkyOA==	1069	1108	1036	-1	-1	-1	-1	-1	-1	-1	-1	-1	-1	-1	-1	-1	-1	-1	-1	-1	-1	-1	-1	-1	-1	-1	-1	-1	-1	-1
XMTQxNDcxMTM3Mg==	3	5	6	6	6	7	7	7	7	7	7	7	7	7	-1	-1	-1	-1	-1	-1	-1	-1	-1	-1	-1	-1	-1	-1	-1	-1
XMTQxMzg1ODkxNg==	130	143	163	165	-1	-1	-1	-1	-1	-1	-1	-1	-1	-1	-1	-1	-1	-1	-1	-1	-1	-1	-1	-1	-1	-1	-1	-1	-1	-1
XMTQxNDUzNzUwNA==	44	61	67	77	88	90	90	88	89	92	94	96	96	96	97	98	98	99	99	99	99	100	-1	-1	-1	-1	-1	-1	-1	-1
XMTQxNDc0NjQ1Ng==	511	-1	-1	-1	-1	-1	-1	-1	-1	-1	-1	-1	-1	-1	-1	-1	-1	-1	-1	-1	-1	-1	-1	-1	-1	-1	-1	-1	-1	-1
XMTQxMzg4MTExMg==	41	58	56	45	45	45	45	45	45	45	45	45	45	45	45	45	45	45	45	45	-1	-1	-1	-1	-1	-1	-1	-1	-1	-1
XMTQxNTM0MDY4MA==	5	13	-1	-1	-1	-1	-1	-1	-1	-1	-1	-1	-1	-1	-1	-1	-1	-1	-1	-1	-1	-1	-1	-1	-1	-1	-1	-1	-1	-1
XMTQxMzg4Mjk1Ng==	41	66	71	73	92	95	100	103	104	113	117	120	121	126	129	130	134	134	136	138	138	139	140	148	150	154	159	-1	-1	-1
XMTQxMzg3Njg2MA==	18	-1	-1	-1	-1	-1	-1	-1	-1	-1	-1	-1	-1	-1	-1	-1	-1	-1	-1	-1	-1	-1	-1	-1	-1	-1	-1	-1	-1	-1
XMTQxNDAyMTA1Mg==	15	26	34	-1	-1	-1	-1	-1	-1	-1	-1	-1	-1	-1	-1	-1	-1	-1	-1	-1	-1	-1	-1	-1	-1	-1	-1	-1	-1	-1
XMTQxMzkyMTY2NA==	109	115	113	-1	-1	-1	-1	-1	-1	-1	-1	-1	-1	-1	-1	-1	-1	-1	-1	-1	-1	-1	-1	-1	-1	-1	-1	-1	-1	-1
XMTQxNDM5MzI2OA==	23	24	24	-1	-1	-1	-1	-1	-1	-1	-1	-1	-1	-1	-1	-1	-1	-1	-1	-1	-1	-1	-1	-1	-1	-1	-1	-1	-1	-1
XMTQxNDg1ODQyNA==	11	12	13	13	14	14	14	15	15	15	15	15	15	15	-1	-1	-1	-1	-1	-1	-1	-1	-1	-1	-1	-1	-1	-1	-1	-1
XMTQxNDQ3NTg4NA==	111	-1	-1	-1	-1	-1	-1	-1	-1	-1	-1	-1	-1	-1	-1	-1	-1	-1	-1	-1	-1	-1	-1	-1	-1	-1	-1	-1	-1	-1
XMTQxNTI2MTE4MA==	5	10	11	10	-1	-1	-1	-1	-1	-1	-1	-1	-1	-1	-1	-1	-1	-1	-1	-1	-1	-1	-1	-1	-1	-1	-1	-1	-1	-1
XMTQxNDc4MDM2OA==	13	19	21	19	20	20	20	20	20	22	22	22	-1	-1	-1	-1	-1	-1	-1	-1	-1	-1	-1	-1	-1	-1	-1	-1	-1	-1
XMTQxNDMxNDk2OA==	20	28	29	30	32	32	32	32	34	34	34	34	-1	-1	-1	-1	-1	-1	-1	-1	-1	-1	-1	-1	-1	-1	-1	-1	-1	-1
XMTQxNDk3OTA1Mg==	10	16	16	-1	-1	-1	-1	-1	-1	-1	-1	-1	-1	-1	-1	-1	-1	-1	-1	-1	-1	-1	-1	-1	-1	-1	-1	-1	-1	-1
XMTQxNDIwNTQwOA==	15	16	16	15	15	15	-1	-1	-1	-1	-1	-1	-1	-1	-1	-1	-1	-1	-1	-1	-1	-1	-1	-1	-1	-1	-1	-1	-1	-1
XMTQxNDIyMDUyMA==	108	192	191	161	161	162	-1	-1	-1	-1	-1	-1	-1	-1	-1	-1	-1	-1	-1	-1	-1	-1	-1	-1	-1	-1	-1	-1	-1	-1
XMTQxNDc3OTAwMA==	423	548	577	563	614	625	649	674	682	692	698	705	705	708	709	709	710	711	712	714	714	-1	-1	-1	-1	-1	-1	-1	-1	-1
XMTQxMzg1Nzc2NA==	318	622	727	776	862	921	964	989	1009	-1	-1	-1	-1	-1	-1	-1	-1	-1	-1	-1	-1	-1	-1	-1	-1	-1	-1	-1	-1	-1
XMTQxNDEyOTg4MA==	75	77	77	78	78	79	-1	-1	-1	-1	-1	-1	-1	-1	-1	-1	-1	-1	-1	-1	-1	-1	-1	-1	-1	-1	-1	-1	-1	-1
XMTQxNDg4OTE3Ng==	6	-1	-1	-1	-1	-1	-1	-1	-1	-1	-1	-1	-1	-1	-1	-1	-1	-1	-1	-1	-1	-1	-1	-1	-1	-1	-1	-1	-1	-1
XMTQxNDM1MjUwMA==	7	7	7	7	8	10	10	10	-1	-1	-1	-1	-1	-1	-1	-1	-1	-1	-1	-1	-1	-1	-1	-1	-1	-1	-1	-1	-1	-1
XMTQxNDU3NjEwNA==	27	36	39	40	41	41	-1	-1	-1	-1	-1	-1	-1	-1	-1	-1	-1	-1	-1	-1	-1	-1	-1	-1	-1	-1	-1	-1	-1	-1
XMTQxNDE2NjcyOA==	18	19	-1	-1	-1	-1	-1	-1	-1	-1	-1	-1	-1	-1	-1	-1	-1	-1	-1	-1	-1	-1	-1	-1	-1	-1	-1	-1	-1	-1
XMTQxMzk0MjgzNg==	16	16	16	16	16	16	16	16	16	16	16	16	16	17	17	17	17	17	-1	-1	-1	-1	-1	-1	-1	-1	-1	-1	-1	-1
XMTQxMzU2ODIzMg==	13	14	12	14	15	15	16	16	16	16	16	-1	-1	-1	-1	-1	-1	-1	-1	-1	-1	-1	-1	-1	-1	-1	-1	-1	-1	-1
XMTQxMzk1OTc1Mg==	88	-1	-1	-1	-1	-1	-1	-1	-1	-1	-1	-1	-1	-1	-1	-1	-1	-1	-1	-1	-1	-1	-1	-1	-1	-1	-1	-1	-1	-1
XMTQxMzc5OTQ2OA==	76	88	89	99	104	105	117	126	130	135	138	144	145	145	148	148	150	150	150	150	150	150	150	150	150	150	150	150	-1	-1
XMTQxMzU0MTY1Ng==	86	237	237	-1	-1	-1	-1	-1	-1	-1	-1	-1	-1	-1	-1	-1	-1	-1	-1	-1	-1	-1	-1	-1	-1	-1	-1	-1	-1	-1
XMTQxNDkwNjQ2OA==	13	17	20	-1	-1	-1	-1	-1	-1	-1	-1	-1	-1	-1	-1	-1	-1	-1	-1	-1	-1	-1	-1	-1	-1	-1	-1	-1	-1	-1
XMTQxNDc0NTExMg==	100	217	233	251	263	271	272	282	288	288	288	288	-1	-1	-1	-1	-1	-1	-1	-1	-1	-1	-1	-1	-1	-1	-1	-1	-1	-1
XMTQxMzg4MDg5Ng==	106	119	120	123	126	128	136	139	139	142	142	144	146	149	150	152	-1	-1	-1	-1	-1	-1	-1	-1	-1	-1	-1	-1	-1	-1
XMTQxNDAxMTQxMg==	47	47	47	49	49	50	-1	-1	-1	-1	-1	-1	-1	-1	-1	-1	-1	-1	-1	-1	-1	-1	-1	-1	-1	-1	-1	-1	-1	-1
XMTQxNDIyMDU3Mg==	106	116	115	-1	-1	-1	-1	-1	-1	-1	-1	-1	-1	-1	-1	-1	-1	-1	-1	-1	-1	-1	-1	-1	-1	-1	-1	-1	-1	-1
XMTQxNTA1Nzc1Ng==	9	19	27	29	35	41	46	-1	-1	-1	-1	-1	-1	-1	-1	-1	-1	-1	-1	-1	-1	-1	-1	-1	-1	-1	-1	-1	-1	-1
XMTQxNDAwNDQxMg==	72	80	-1	-1	-1	-1	-1	-1	-1	-1	-1	-1	-1	-1	-1	-1	-1	-1	-1	-1	-1	-1	-1	-1	-1	-1	-1	-1	-1	-1
XMTQxNDUzNDkyOA==	25	35	45	52	60	69	-1	-1	-1	-1	-1	-1	-1	-1	-1	-1	-1	-1	-1	-1	-1	-1	-1	-1	-1	-1	-1	-1	-1	-1
XMTQxNDY5ODc4MA==	38	-1	-1	-1	-1	-1	-1	-1	-1	-1	-1	-1	-1	-1	-1	-1	-1	-1	-1	-1	-1	-1	-1	-1	-1	-1	-1	-1	-1	-1
XMTQxNDMzNzg3Ng==	27	29	29	29	-1	-1	-1	-1	-1	-1	-1	-1	-1	-1	-1	-1	-1	-1	-1	-1	-1	-1	-1	-1	-1	-1	-1	-1	-1	-1
XMTQxNDI1NzE2OA==	5	5	5	5	5	5	-1	-1	-1	-1	-1	-1	-1	-1	-1	-1	-1	-1	-1	-1	-1	-1	-1	-1	-1	-1	-1	-1	-1	-1
XMTQxNDIxMTczNg==	182	186	188	187	187	189	189	189	189	191	198	198	198	-1	-1	-1	-1	-1	-1	-1	-1	-1	-1	-1	-1	-1	-1	-1	-1	-1
XMTQxNDA4MjQwNA==	268	406	497	560	616	667	696	726	749	773	780	816	-1	-1	-1	-1	-1	-1	-1	-1	-1	-1	-1	-1	-1	-1	-1	-1	-1	-1
XMTQxNDc2NDg0MA==	2029	3613	4524	5782	6400	6550	6676	-1	-1	-1	-1	-1	-1	-1	-1	-1	-1	-1	-1	-1	-1	-1	-1	-1	-1	-1	-1	-1	-1	-1
XMTQxNDc0MDA4OA==	39	45	-1	-1	-1	-1	-1	-1	-1	-1	-1	-1	-1	-1	-1	-1	-1	-1	-1	-1	-1	-1	-1	-1	-1	-1	-1	-1	-1	-1
XMTQxNDIzMTAyMA==	35	36	33	33	32	32	32	32	32	32	32	32	32	32	-1	-1	-1	-1	-1	-1	-1	-1	-1	-1	-1	-1	-1	-1	-1	-1
XMTQxMzk2NzI3Mg==	10	10	10	11	12	-1	-1	-1	-1	-1	-1	-1	-1	-1	-1	-1	-1	-1	-1	-1	-1	-1	-1	-1	-1	-1	-1	-1	-1	-1
XMTQxNDMwMjk2OA==	27	29	31	31	31	31	33	33	34	35	35	35	35	35	35	-1	-1	-1	-1	-1	-1	-1	-1	-1	-1	-1	-1	-1	-1	-1
XMTQxNDc1NzU0OA==	42	-1	-1	-1	-1	-1	-1	-1	-1	-1	-1	-1	-1	-1	-1	-1	-1	-1	-1	-1	-1	-1	-1	-1	-1	-1	-1	-1	-1	-1
XMTQxNDg5MTE3Mg==	6	7	-1	-1	-1	-1	-1	-1	-1	-1	-1	-1	-1	-1	-1	-1	-1	-1	-1	-1	-1	-1	-1	-1	-1	-1	-1	-1	-1	-1
XMTQxNDUwODA4NA==	21	22	20	17	17	17	-1	-1	-1	-1	-1	-1	-1	-1	-1	-1	-1	-1	-1	-1	-1	-1	-1	-1	-1	-1	-1	-1	-1	-1
XMTQxNDA5NjQyMA==	39	48	57	69	85	89	95	100	100	111	113	130	137	143	147	153	174	183	201	210	230	252	265	263	265	277	285	-1	-1	-1
XMTQxNDIzMjc0MA==	134	137	135	136	172	175	-1	-1	-1	-1	-1	-1	-1	-1	-1	-1	-1	-1	-1	-1	-1	-1	-1	-1	-1	-1	-1	-1	-1	-1
XMTQxMzkwMjMyMA==	34	44	47	50	55	-1	-1	-1	-1	-1	-1	-1	-1	-1	-1	-1	-1	-1	-1	-1	-1	-1	-1	-1	-1	-1	-1	-1	-1	-1
XMTQxNDgzNjA5Ng==	2388	10382	15418	17851	23548	33453	43573	52958	61272	73442	78244	78249	78249	78249	78249	78250	78255	78255	78258	78261	78261	78263	78263	78263	-1	-1	-1	-1	-1	-1
XMTQxNDQ5MzExNg==	17	20	21	20	20	20	20	20	-1	-1	-1	-1	-1	-1	-1	-1	-1	-1	-1	-1	-1	-1	-1	-1	-1	-1	-1	-1	-1	-1
XMTQxNDc1Nzk2MA==	300	444	507	581	907	967	1007	1076	1133	1241	1264	1317	1333	1347	1360	1363	1427	1483	1512	1544	1568	-1	-1	-1	-1	-1	-1	-1	-1	-1
XMTQxNDU2NzY0OA==	46	383	481	485	485	492	-1	-1	-1	-1	-1	-1	-1	-1	-1	-1	-1	-1	-1	-1	-1	-1	-1	-1	-1	-1	-1	-1	-1	-1
XMTQxMzcxODI0MA==	343	386	376	399	413	440	455	475	489	504	511	529	540	552	561	566	576	588	597	607	613	621	-1	-1	-1	-1	-1	-1	-1	-1
XMTQxNDQ3NTY5Ng==	8	-1	-1	-1	-1	-1	-1	-1	-1	-1	-1	-1	-1	-1	-1	-1	-1	-1	-1	-1	-1	-1	-1	-1	-1	-1	-1	-1	-1	-1
XMTQxNDU1MzQ1Mg==	30	-1	-1	-1	-1	-1	-1	-1	-1	-1	-1	-1	-1	-1	-1	-1	-1	-1	-1	-1	-1	-1	-1	-1	-1	-1	-1	-1	-1	-1
XMTQxNDgyODYxMg==	10	11	-1	-1	-1	-1	-1	-1	-1	-1	-1	-1	-1	-1	-1	-1	-1	-1	-1	-1	-1	-1	-1	-1	-1	-1	-1	-1	-1	-1
XMTQxNDU2OTM0NA==	17	27	28	31	36	38	39	39	-1	-1	-1	-1	-1	-1	-1	-1	-1	-1	-1	-1	-1	-1	-1	-1	-1	-1	-1	-1	-1	-1
